STATE,ZIPCODE,AGI_STUB,N1,MARS1,MARS2,MARS4,PREP,N2,NUMDEP,TOTAL_VITA,VITA,TCE,A00100,N02650,A02650,N00200,A00200,N00300,A00300,N00600,A00600,N00650,A00650,N00700,A00700,N00900,A00900,N01000,A01000,N01400,A01400,N01700,A01700,SCHF,N02300,A02300,N02500,A02500,N26270,A26270,N02900,A02900,N03220,A03220,N03300,A03300,N03270,A03270,N03150,A03150,N03210,A03210,N03230,A03230,N03240,A03240,N04470,A04470,A00101,N18425,A18425,N18450,A18450,N18500,A18500,N18300,A18300,N19300,A19300,N19700,A19700,N04800,A04800,N05800,A05800,N09600,A09600,N05780,A05780,N07100,A07100,N07300,A07300,N07180,A07180,N07230,A07230,N07240,A07240,N07220,A07220,N07260,A07260,N09400,A09400,N85770,A85770,N85775,A85775,N09750,A09750,N10600,A10600,N59660,A59660,N59720,A59720,N11070,A11070,N10960,A10960,N11560,A11560,N06500,A06500,N10300,A10300,N85530,A85530,N85300,A85300,N11901,A11901,N11902,A11902
TX,0,0,11841170,5246170,4369340,2063490,5889160,24674170,9185790,266300,173150,93150,810084853,11841150,819871368,10183040,563732090,2529900,5713538,1611510,15030128,1492730,11148288,76740,157297,2266740,30677391,1493910,49688833,812080,15388677,1812370,40468002,217960,396160,1870255,1147360,15768762,553860,46922562,3091500,9786515,345370,89774,52180,1341616,257980,1603451,156940,762417,832140,872403,117590,263542,28120,579321,2755820,68537532,424282856,114830,1159623,2179360,4666723,2264720,13585202,2669170,20137431,1968890,15345358,2165520,15705695,8928270,584343290,8896860,122684834,218990,955998,115100,79497,3848550,5730941,496560,1517215,539330,312716,824610,818979,638750,106553,2081960,2505562,177540,94733,1731450,5065784,224190,688020,244240,755938,1057160,241497,11364750,146438449,2705080,7170207,2375330,6121242,2097460,2905751,868120,746792,93040,45426,7759190,117308035,8958450,125287585,260340,555215,296140,1947137,2131050,13827824,9290300,30720614
TX,75001,0,9350,6300,2000,920,4030,14070,2970,80,30,50,900220,9350,912657,8340,559888,2180,7964,1800,21026,1700,16221,170,342,1690,21723,1780,107289,620,11974,970,20275,30,380,1940,620,9963,630,62351,3060,12437,200,50,70,1674,300,1572,170,740,1260,1521,150,315,30,550,2140,64283,487512,190,2300,1650,3379,1460,10134,2020,16198,1260,10189,1720,22403,8190,734457,8170,159767,200,1106,70,55,2420,3794,650,1424,260,140,730,690,380,52,690,679,60,26,1200,4302,130,341,140,384,630,150,8960,182958,1050,2090,840,1794,680,926,620,525,60,31,7600,160314,8080,167576,330,585,350,2401,2250,16103,6740,19154
TX,75002,0,29400,11730,14140,3110,11300,65000,24500,260,30,230,2549277,29400,2579183,26120,2025486,8790,9885,6600,31407,6150,23468,290,398,6060,89414,6060,83876,2440,50559,4450,94200,230,1030,5461,2560,38207,1990,114886,8830,29906,1130,286,240,4295,840,5822,710,3578,2660,2820,530,984,70,1108,11750,278738,1667368,390,3037,9490,21041,10800,66600,11570,92332,9950,79839,9850,58829,24270,1898932,24150,384907,930,2840,370,366,11050,15130,1790,1598,2140,1217,2800,2832,1130,202,5750,7728,780,375,4510,14773,660,2360,760,2680,1450,425,28230,416384,3450,7840,2820,6391,2590,3577,2580,2118,320,146,22260,369794,24040,391568,1150,1903,1100,2222,6840,44469,21500,62470
TX,75006,0,23830,11580,7890,4040,12570,48450,17980,440,130,310,1200553,23830,1215955,20650,931910,4270,5050,3180,15422,2930,10217,100,68,4800,56340,2860,30938,1840,30865,2990,54357,60,890,4323,2190,31547,930,41725,6170,15402,440,109,90,1671,470,2208,400,1821,1800,1942,230,418,30,128,4780,90058,453358,130,547,3870,6397,3840,15095,4640,22760,3350,20730,3830,18677,18310,788431,18260,137677,160,525,370,268,7820,7491,880,324,1080,592,1840,1652,1550,270,4020,4179,340,128,3590,9327,650,2346,710,2681,2380,545,22770,175517,4680,11464,3940,9544,4650,6945,1880,1543,260,132,15450,130186,18010,141710,230,217,250,627,4660,17903,18500,49614
TX,75007,0,26070,11720,10610,3360,11730,52050,17490,370,70,290,1747383,26070,1769001,22850,1382556,6400,7019,4880,19173,4500,13275,130,126,5440,70444,4380,54907,2090,37915,3710,70922,70,1030,5119,2500,35809,1520,58320,7620,21618,760,196,160,2731,670,3643,580,3012,2320,2571,350,797,30,422,7770,163185,888907,180,762,6320,12529,6910,31984,7630,46324,6240,41171,6420,37738,21070,1250224,21030,231680,350,949,460,424,8890,10309,1310,901,1430,790,2240,2431,1420,251,4370,5266,540,180,4100,11519,860,3275,940,3667,1930,496,24860,266562,4000,9326,3310,7521,3000,4080,2140,1888,370,182,18950,221659,21030,236986,530,616,510,1496,6020,26654,19170,52852
TX,75009,0,4410,1540,2390,410,2050,10590,4230,20,0,20,406764,4410,412336,3790,284974,1260,2045,800,5302,730,4022,60,75,1080,18900,800,36504,420,10763,760,17938,210,130,779,470,7659,350,15164,1460,5572,190,54,30,548,170,1237,80,443,380,429,70,115,0,0,1720,49519,274661,90,618,1410,3151,1600,9470,1710,13479,1460,13858,1450,8662,3560,299123,3530,60088,150,415,20,9,1650,2178,190,31,310,177,330,346,160,30,1020,1417,90,34,830,2908,60,191,60,190,250,77,4210,67171,540,1305,450,1042,520,808,300,240,30,18,3230,57911,3570,62650,170,229,160,980,1090,8221,3160,10120
TX,75010,0,12680,5800,5080,1610,5530,25260,8530,100,0,100,991861,12680,1004829,11490,803440,3150,2505,2230,9073,2090,6429,120,122,2490,40331,2150,29020,740,13502,1490,25711,30,550,2952,800,11979,1020,55297,4010,12968,380,97,90,1956,330,2153,270,1259,1490,1683,220,520,0,0,4200,97331,561381,180,1029,3370,7306,3540,20961,4110,30193,3330,26632,3510,20654,10780,736961,10770,144129,300,854,250,215,4510,5932,620,736,860,498,1250,1422,610,105,2250,2784,210,63,1800,5891,430,1779,490,1953,810,244,12180,156517,1640,3502,1310,2759,1080,1315,1090,1001,210,114,9900,138195,10650,146143,420,527,380,469,3000,17840,9310,25960
TX,75013,0,16260,5510,9300,1240,6890,38880,14910,90,0,90,2233737,16260,2260927,14420,1758348,7080,11237,5850,30544,5540,21714,360,708,3330,75174,5540,98393,1470,35902,2350,55841,80,530,3129,1340,22865,1810,151780,5120,27190,600,152,220,5560,640,4744,530,3106,1100,1215,280,571,50,1568,8620,234316,1658906,440,3953,7090,18867,8000,69775,8520,94038,7350,72070,7410,44473,14060,1807277,13970,414529,1480,3911,190,266,6460,9959,2020,3262,1590,874,1150,1278,380,69,2570,3345,390,157,2590,10677,290,1207,360,1454,500,210,15510,426111,1000,2061,810,1615,670,859,1060,885,140,86,13410,405460,14030,424330,1900,2892,1650,4154,4840,42785,10550,37624
TX,75019,0,19740,8070,9610,1750,8940,42580,15400,100,30,80,2968626,19740,3002626,17540,1901121,7670,15983,6570,60052,6240,44989,330,525,3910,83435,6210,175673,1750,40263,2690,61967,130,700,4071,1610,25735,2320,243389,6180,34000,610,149,340,8398,790,6538,610,3520,1570,1746,290,700,90,1575,8840,243785,2181771,480,4156,7320,19702,8030,70330,8750,95243,7050,61957,7700,61762,16900,2332551,16730,537738,1500,4993,190,176,7410,12069,2390,4562,1400,773,1560,1799,610,98,2780,3484,410,154,3090,13414,350,1263,390,1408,710,260,18790,559761,1410,2771,1120,2215,990,1288,1400,1248,150,95,15900,526157,16740,550064,1920,3427,1760,5387,5720,52740,12900,49778
TX,75020,0,9700,4340,3560,1620,4710,18950,6250,210,20,190,468196,9700,472870,8060,322373,1820,2491,1130,6387,1070,4582,60,46,1490,17056,1050,11693,1000,15803,1950,39171,150,290,1305,1400,16281,340,15886,1970,4674,240,65,0,0,170,919,110,498,480,493,60,103,0,0,1500,38051,171578,100,323,1190,2160,1260,5056,1460,7722,940,5456,1150,7709,7040,299950,7000,53842,60,239,80,47,2740,2727,290,41,330,171,460,437,690,119,1550,1743,110,30,1150,2584,150,485,160,523,820,146,9260,70178,2460,5948,2180,5317,1670,2165,470,366,70,33,6130,51048,6920,54694,70,104,110,336,1530,6599,7790,20788
TX,75021,0,3670,1590,1510,530,1920,7160,2190,110,0,110,168264,3670,169826,3000,119463,770,1146,420,1726,380,1110,30,13,660,5144,420,2443,390,6411,800,15413,200,110,485,610,6776,120,5911,740,1562,80,19,0,0,90,464,40,160,170,177,0,0,0,0,560,13414,53677,30,91,450,732,450,1712,540,2648,350,2083,410,2170,2670,104894,2650,17225,0,0,30,18,930,883,90,7,90,52,120,105,270,50,520,618,30,12,480,989,60,240,70,249,320,59,3480,23813,860,2131,740,1886,560,752,130,90,30,16,2390,16303,2720,17621,0,0,30,47,590,1951,2930,7805
TX,75022,0,9890,3440,5880,480,4590,23610,9310,40,0,40,1728896,9890,1750279,8710,1224152,4630,10643,4000,32736,3810,24076,230,621,2040,46594,3830,143069,980,28680,1390,39040,100,300,1537,970,16991,1480,171275,2890,21383,310,77,170,4517,490,4295,280,1775,470,521,130,254,70,2918,5610,174527,1400127,300,3943,4710,13485,5320,48698,5560,67004,4800,51351,4950,42000,8390,1446511,8290,362669,1010,3188,80,115,3700,5707,1410,1275,650,353,640,781,180,34,1210,1609,300,118,1640,7775,110,419,150,519,210,88,9400,361421,380,695,310,535,330,452,610,565,60,47,7990,353865,8320,369631,1400,3154,1270,4712,3090,45665,6190,28324
TX,75023,0,22980,10370,9690,2610,9240,44980,14020,280,20,260,1624431,22980,1646501,19840,1245051,6670,7122,5140,24319,4790,16719,180,149,4640,61170,4680,55372,2470,52611,3950,85374,100,890,4657,2860,45948,1330,45391,6780,22070,750,191,170,2953,700,4284,590,3251,2120,2341,350,786,30,469,6880,143556,787465,240,1271,5570,10906,6030,26915,6760,39939,5260,34417,5760,28297,18820,1188586,18760,219460,340,868,360,356,7750,8670,1480,902,1220,713,1900,1865,1060,208,3590,4533,520,185,3410,9907,680,2560,740,2826,1280,321,21940,246498,3060,6969,2540,5762,2090,2752,1860,1512,330,197,17220,210787,18760,224169,460,552,470,1202,5550,24494,16510,42979
TX,75024,0,19440,8790,8920,1410,8820,40070,13100,80,0,80,3068597,19440,3105228,17400,1766686,7090,18798,5780,51961,5430,38420,440,1311,3580,68353,5650,154433,1410,33125,2170,46619,50,700,3894,1300,21598,2160,307486,5940,36631,470,117,240,6358,710,5445,600,3496,1630,1875,360,819,80,4631,7210,196968,1591095,630,7946,5690,14746,5890,46362,7050,75564,5300,49535,5920,45115,17070,2588907,16970,479219,1060,4239,240,254,7110,16833,2270,7723,1230,685,1450,1661,550,103,2790,3403,330,181,2630,11038,430,1933,480,2109,720,256,18560,496034,1250,2301,970,1781,770,936,1240,1064,200,134,16230,464044,16960,484825,1500,2686,1320,6665,5330,53447,13150,52203
TX,75025,0,23830,9430,12110,1940,9300,52370,19010,130,0,130,2419302,23830,2449147,21100,1962595,9240,11453,7780,37370,7310,26526,360,426,4660,75386,7300,96088,2020,44972,3240,70169,60,950,5019,2000,32448,2220,102488,7210,29845,780,196,240,5198,740,5286,840,4650,1800,2019,480,1038,60,451,9460,210582,1503192,510,3601,7670,18462,8550,53187,9310,76844,7620,57075,8060,43887,20090,1907473,19940,396748,1070,2888,360,435,9330,13593,2610,3799,1740,939,2210,2517,780,150,3850,4945,570,324,3400,11773,570,2449,660,2782,900,289,22560,408143,1930,4045,1570,3237,1270,1588,2010,1760,250,176,18830,383200,19910,401316,1530,1936,1350,2444,6770,45604,15890,46911
TX,75028,0,20150,7710,10460,1670,7970,43790,15670,90,0,90,2169870,20150,2194338,17960,1681630,7220,7188,5810,22150,5430,15344,320,563,3750,62106,5300,56977,1990,45466,3320,76363,100,710,3925,2080,31696,1560,100441,5960,24468,850,220,180,4066,620,4271,490,2648,1760,1858,290,635,60,872,9480,221596,1569234,380,3293,7760,18040,8880,54943,9370,77503,8210,66923,8190,44876,17080,1709608,16960,360623,840,2367,180,179,7440,10277,1680,1690,1440,808,1650,1945,550,88,3470,4675,660,256,2860,9984,320,1164,370,1256,570,192,19350,381248,1360,2617,1100,2057,930,1198,1500,1373,160,128,16180,350368,16950,367734,1220,1854,1030,1819,5280,35697,14110,45015
TX,75032,0,13330,5110,6580,1440,6770,29430,10760,60,0,60,1490784,13330,1513073,11050,975871,4170,12637,3180,25711,2950,18849,170,277,3090,64922,3120,92725,1390,34007,2420,66675,210,380,2011,1740,27600,1510,184076,4220,22289,530,139,130,3995,580,4694,270,1594,940,975,140,323,80,3058,5560,156682,1060826,220,2351,4650,11420,5040,36736,5460,51347,4500,46015,4740,37237,10780,1174147,10680,275204,630,2185,130,136,4560,5815,950,631,760,426,940,1038,400,67,2250,2997,300,134,2390,9760,230,801,270,909,650,209,12620,294391,1530,3757,1250,2922,1330,1944,930,811,120,89,9880,268382,10790,284022,850,1671,870,3127,3550,37006,9040,36380
TX,75034,0,25360,9700,12670,2560,12330,56190,19800,210,30,180,3759239,25360,3803787,21620,2587022,9140,28282,7590,96310,7130,72796,680,1504,5340,117437,7620,314644,2740,79490,4320,110714,140,870,5064,3160,56746,3070,345938,7810,44548,700,171,350,10148,1110,8350,580,3199,2000,2139,290,624,130,1714,12130,376129,2869903,880,14414,9710,26104,10930,96606,11940,138851,9940,109225,10360,83085,21800,3094045,21640,766788,1850,7093,240,299,9370,14277,2810,3967,2160,1225,1530,1556,730,120,3820,4752,470,218,4020,18050,390,1315,480,1524,1010,339,24130,805254,2210,5027,1830,4134,1830,2469,1380,1166,200,140,20390,754905,21590,791267,2520,6307,2340,11419,7280,81755,16670,74436
TX,75035,0,25310,8900,13660,2340,10680,61020,24450,130,0,130,2558781,25310,2589279,22970,2151800,8200,6801,6280,17451,5900,12129,570,865,5330,76550,6020,80487,1750,34425,3330,67979,80,1040,5910,1650,24480,2180,105263,8150,30498,1040,269,200,3659,790,5046,720,3737,2360,2470,440,869,60,1205,12660,292621,1809379,660,4219,10060,23386,11750,71905,12540,101546,11340,99810,10650,48325,21820,1942972,21730,383834,1090,2659,300,300,10720,14745,1850,1929,2820,1622,2100,2213,800,129,5770,7854,620,232,3810,12678,520,1924,600,2163,900,316,24290,407213,1900,4069,1520,3086,1370,1784,1910,1565,240,156,20570,369102,21650,387549,1330,1203,1030,1576,6720,43220,17750,58612
TX,75038,0,15080,7510,4480,2890,8000,28790,9680,140,70,70,1449682,15080,1462596,14140,813897,2020,23796,1280,25042,1180,16112,180,551,2370,18027,1310,85739,490,12471,1260,17989,0,610,2972,510,8356,600,211293,3410,12914,200,45,50,1679,170,1165,200,1015,1090,1164,260,555,20,1324,2730,104460,619814,260,5675,2040,4356,1380,13110,2580,23497,1210,11992,1980,18046,11870,1149105,11880,320166,230,1357,240,155,5350,6127,500,835,690,385,1540,1387,1070,171,2680,2845,90,29,1370,3637,430,1184,450,1322,1370,292,14740,382805,3840,9432,3410,8440,2690,3538,1800,1577,180,73,10100,230696,11370,238772,340,1273,350,3331,2280,21511,12520,48723
TX,75039,0,9160,5160,3180,660,4090,15640,3470,0,0,0,1128117,9160,1141103,8690,853942,2340,5769,1710,14172,1620,10318,290,420,1440,25459,1730,94973,360,6820,780,13215,0,300,1608,250,4115,730,27488,3130,12986,210,50,70,2236,180,1368,200,1084,1270,1569,180,420,20,95,2710,90050,656103,350,5182,1960,4734,1720,16475,2580,26892,1630,18223,2030,12251,8460,931966,8460,210887,400,2184,70,77,2620,3759,680,1401,530,289,730,798,270,40,910,1039,40,10,970,3643,120,358,150,434,400,124,8930,226290,610,996,470,799,290,334,510,434,50,24,8170,211433,8420,218834,610,1450,510,3152,2320,20378,6610,24594
TX,75040,0,28160,12410,9740,5640,14830,60860,24760,280,120,160,1153015,28160,1165254,24390,962588,3510,2432,2150,4864,1880,3306,80,49,6240,57785,1840,8360,1580,22827,3300,55548,50,1100,5440,1960,23116,580,11426,7560,12239,640,161,30,368,250,1195,360,1501,1820,1857,320,674,0,0,4540,82721,341827,130,403,3550,5681,3630,12050,4380,19021,3350,18763,3540,17065,20210,671205,20240,103708,90,192,570,403,9410,9837,400,64,1170,733,2330,2115,2100,379,5490,6148,490,226,4850,9967,1060,3645,1130,4031,2970,635,27020,157322,7470,19819,6340,16155,6370,9304,2480,2006,460,188,16630,93808,20600,105610,80,62,70,64,4880,11974,22710,63271
TX,75041,0,13490,5780,4410,3160,7650,31040,13790,170,100,80,475740,13490,480803,11420,375733,1440,1759,900,3910,810,3004,20,12,2910,27336,800,5075,790,12321,1530,26287,50,390,1917,960,11540,230,6372,3270,5063,210,54,0,0,140,689,90,392,630,638,90,184,0,0,1620,30967,115079,40,155,1300,1926,1200,3586,1550,5904,990,5243,1220,6505,9000,246391,8990,37062,0,0,200,129,4300,4073,180,13,430,262,850,684,900,154,2720,2844,200,73,2320,4665,360,1186,380,1299,1630,336,12900,66651,3880,11079,3450,9403,4120,6361,1030,809,140,56,6970,32970,9250,38533,0,0,30,87,2080,5119,11090,33100
TX,75042,0,17050,7770,5360,3740,10070,37960,16560,280,150,130,561262,17050,567136,14420,452018,1700,1527,980,4014,870,2989,30,7,3930,35972,900,5050,860,12670,1710,26124,40,580,2909,1040,12147,270,6841,4230,5874,180,43,0,0,150,588,140,546,730,714,150,308,0,0,1740,30582,112166,40,99,1370,1956,1260,3512,1660,5990,1100,5647,1220,5325,11240,282840,11250,42730,30,83,370,250,5330,5027,190,126,530,310,1190,974,1160,223,3220,3258,210,78,3180,5985,720,2614,750,2844,2170,430,16210,77352,4970,13508,4190,11037,4950,7640,1470,1155,280,108,8710,37604,11600,44596,0,0,40,104,2760,5867,13900,38080
TX,75043,0,28060,12590,9360,5690,13820,57640,21830,290,150,150,1318087,28060,1332272,24380,1025374,4280,5824,2770,11183,2490,7409,100,81,5440,45338,2410,27449,2180,34926,4370,91310,90,1190,5718,2820,38306,780,30918,6850,14185,760,196,70,887,420,2234,390,1868,2020,2172,300,624,20,99,5830,117345,496769,140,628,4690,7919,4640,17140,5610,26604,4180,25654,4690,26206,21090,823307,21060,136102,150,438,420,328,9280,10159,630,222,1420,846,2430,2350,1780,280,5150,5894,450,225,3780,8682,700,2291,780,2570,2530,602,27030,186041,6880,17730,6010,15304,5490,7617,2680,2280,310,150,17740,125942,20720,137459,130,181,190,652,4790,17306,22600,64079
TX,75044,0,20650,9630,7960,2790,9710,40270,13080,200,60,140,1312588,20650,1330807,17580,986919,4840,6149,3550,18205,3290,12920,90,104,4620,67322,3280,38949,1890,36432,3100,65505,70,850,4331,2300,34253,1160,48804,6290,18219,660,170,130,2930,520,2725,450,2353,1590,1766,300,701,40,199,5260,118505,658209,150,916,4310,8568,4550,23494,5130,33636,3980,27414,4300,26686,16320,930519,16310,176659,290,892,510,404,6610,7558,1000,724,940,550,1670,1648,1190,215,3170,3724,360,171,3650,10129,960,3836,1020,4161,1590,394,19680,205248,3840,8855,3030,6861,2580,3469,1660,1382,410,218,14550,169450,16570,182538,430,623,460,1242,4720,22183,15170,41393
TX,75048,0,10500,4100,5160,1100,4350,23010,8200,110,20,90,785000,10500,793938,9310,655471,2610,2211,1790,5139,1650,3584,90,82,2390,28785,1650,10987,840,15019,1610,31779,60,440,2251,920,13577,600,22028,3420,8938,520,134,60,859,250,1419,210,861,1090,1172,180,337,30,414,4310,92098,495641,130,587,3460,7081,3940,21124,4240,29340,3760,27837,3550,17824,8760,558374,8760,100430,170,397,180,134,3940,5120,400,198,860,517,920,956,450,78,2290,3039,240,71,1810,4930,330,1222,350,1346,590,162,10110,113405,1330,3015,1040,2207,970,1276,860,723,140,66,8050,95094,8800,101589,220,196,160,213,2460,10888,7750,21874
TX,75050,0,19060,8930,5420,4430,10580,40200,16580,360,130,240,782446,19060,790698,16840,649108,2120,2946,1300,5805,1180,4237,70,47,3940,25034,1170,8621,900,12278,2250,38908,50,720,3480,1250,16438,380,16071,4510,8252,370,90,30,381,170,874,170,700,1330,1399,160,363,0,0,2930,57652,231057,130,351,2270,3631,1780,6681,2740,11211,1520,8663,2250,14288,13840,460946,13830,75868,80,204,200,117,6310,6139,310,51,730,444,1620,1531,1420,242,3550,3683,170,71,2580,5530,410,1303,430,1392,1970,403,18400,115468,5230,14343,4680,12394,4950,7198,1870,1630,160,90,11060,69729,13550,76676,70,104,100,310,2820,10093,15880,47945
TX,75051,0,16650,7200,4660,4620,9980,37730,17190,500,140,350,536398,16650,540678,14610,455253,1260,1726,580,1587,520,875,20,6,3430,20795,510,2824,640,6712,1830,27094,30,610,2848,900,9316,140,6964,3420,4280,230,55,0,0,60,178,80,236,760,682,110,220,0,0,2060,37647,115078,60,187,1620,2163,1260,3856,1930,6765,1120,6249,1440,7860,11050,256758,11080,37407,30,68,190,96,5740,5617,100,7,640,380,1310,1151,1370,230,3640,3724,120,60,2330,4464,400,1368,420,1449,2020,398,16190,80584,5910,17284,5320,14829,5490,8023,1730,1497,190,67,8250,31790,10920,37384,0,0,0,0,1820,3809,14620,46983
TX,75052,0,41990,18260,14460,8500,21050,88470,35010,720,270,460,2113408,41990,2132885,37540,1797346,6060,4214,3320,7840,3030,5045,180,171,9260,48583,2990,22182,2200,34260,6380,124693,100,1880,9648,2970,36984,1040,36465,11100,19477,1450,380,50,745,450,1824,580,2435,3700,3808,530,1221,30,97,11310,226167,942110,310,1169,8800,15031,9150,38053,10910,56469,8850,56144,9060,49814,32640,1326187,32640,215851,270,580,560,515,15680,19074,660,421,2550,1474,4470,4490,2920,478,9230,11420,780,371,5630,13019,1150,4280,1250,4625,3250,798,40730,296634,9780,25233,8450,20955,7610,10353,4840,4229,570,306,27500,196777,31710,213966,210,187,180,378,6930,24001,34410,105264
TX,75054,0,4730,1610,2410,600,2170,11250,4470,30,0,30,440733,4730,445157,4310,376180,1280,652,770,1781,700,1129,70,79,1060,10704,770,5196,290,6417,930,23961,20,200,1017,320,4944,300,13555,1570,4424,310,78,0,0,110,665,100,504,630,632,100,194,0,0,2730,66951,342729,100,477,2160,4854,2480,16797,2690,22716,2440,21865,2270,12465,4100,317704,4090,59913,170,408,50,51,1970,2829,180,203,620,377,460,532,130,25,1150,1514,110,63,640,2131,80,320,90,347,160,57,4580,65565,410,914,340,748,330,421,440,388,30,25,3810,56887,4030,60142,170,134,120,139,1150,7339,3470,12293
TX,75056,0,26940,12320,10910,3290,11360,54880,18910,260,50,200,2157984,26940,2183305,24660,1788232,6180,7121,4640,20531,4370,15238,280,458,5030,61858,4360,59646,1600,28929,3350,63215,70,1110,5730,1720,23847,1640,100667,7780,25321,820,205,170,3788,600,4008,520,2486,2880,3203,320,705,40,1446,9020,215742,1327322,380,3099,7190,16097,7870,54360,8830,74950,7420,63050,7410,41596,22510,1609118,22450,328366,870,2651,280,264,9270,11346,1310,1247,1780,1051,2250,2376,1300,213,4570,5649,570,255,3470,10805,490,1654,540,1869,1610,444,26050,362320,3440,7684,2870,6427,2750,3724,2080,1771,240,132,20530,317022,22190,333876,1120,1749,980,1781,5700,37091,20510,59425
TX,75057,0,6760,3370,1940,1370,3450,13950,5510,60,20,40,277856,6760,280986,6020,235886,710,766,430,1127,390,715,40,15,1310,9452,410,2578,290,3588,680,10405,30,240,1190,370,4585,130,8310,1760,3130,120,31,0,0,70,346,70,229,630,686,60,138,0,0,780,14627,61727,40,124,580,986,490,1617,720,2909,430,2421,600,2887,5050,168237,5050,27390,0,0,50,31,1990,1891,90,6,250,160,510,468,410,63,1130,1124,40,12,900,1884,130,389,140,417,740,139,6530,40349,1430,3598,1230,3071,1610,2601,490,439,70,28,4190,25498,5000,27928,20,22,30,85,1080,2756,5570,14538
TX,75058,0,1280,460,680,120,600,2940,1100,0,0,0,96107,1280,97125,1110,72561,330,448,180,828,160,446,0,0,310,3291,190,3295,100,1837,220,5844,90,30,149,150,2145,80,2100,430,1018,60,18,0,0,40,165,20,114,110,120,0,0,0,0,450,12515,62946,0,0,370,886,400,2436,440,3511,370,3190,380,2306,1010,66567,990,12678,40,134,0,0,420,546,40,5,50,31,120,132,50,13,260,337,0,0,260,560,0,0,0,0,80,20,1230,14652,170,433,140,355,170,236,120,95,0,0,890,12088,1000,12971,40,55,40,107,270,1825,950,3000
TX,75060,0,21050,9310,7070,4470,12510,47100,20150,390,190,200,802165,21050,809511,18250,660524,2360,2030,1330,3661,1180,2314,40,21,4290,39500,1130,6362,1060,14638,2390,40085,50,660,3163,1510,17706,360,11396,4740,7346,300,76,0,0,180,805,180,857,1000,1021,150,315,0,0,2970,56752,207105,70,216,2380,3597,2130,6978,2830,11625,1900,10716,2170,10994,15010,437580,15020,65948,50,75,280,198,7290,7427,250,19,760,446,1700,1507,1520,278,4550,5006,250,119,3270,6982,520,1975,550,2177,2580,547,20210,110495,5640,15349,4890,12921,5660,8362,1940,1585,210,96,11750,58314,14880,66613,30,39,40,71,3120,8495,17560,51858
TX,75061,0,24060,10900,6920,5990,15200,53150,23260,410,180,230,875039,24060,884016,21060,712111,2370,3370,1490,6544,1380,4269,50,41,4810,42948,1320,13739,1080,16712,2360,41419,60,690,2980,1380,18259,460,12581,5190,8977,310,75,30,435,240,1196,170,656,1150,1147,140,305,20,245,3180,60567,230162,100,248,2550,3549,1970,6569,3010,10977,1700,9680,2250,12544,16700,468668,16690,72811,70,217,290,194,8130,7686,340,172,760,433,1870,1636,1690,277,4980,4964,220,108,3560,7781,500,1681,550,1870,3060,613,23100,124931,6790,18756,6000,16014,7310,10853,2260,1890,190,97,12710,64850,16210,74183,60,72,100,317,3410,9924,20160,59771
TX,75062,0,22700,10930,6830,4650,12530,46710,18330,330,150,180,1101993,22700,1113682,19820,822344,3110,8768,2100,15014,1910,10839,120,127,4450,43247,1950,31381,1390,26475,2610,48178,70,780,3699,1690,23717,680,40632,5330,11689,400,99,60,923,290,1495,260,1109,1370,1462,220,415,30,341,3690,82923,421888,180,1365,2890,4903,2470,11863,3490,19858,2080,13808,2840,19807,16640,710453,16610,138164,200,643,340,204,7560,8178,560,302,830,469,2060,1875,1560,256,4110,4486,230,118,3100,7188,610,2002,650,2200,2520,547,21860,183984,5980,15578,5210,13331,5190,7398,2350,2036,260,117,13520,130398,16230,140601,230,483,300,1541,3630,15036,18490,54772
TX,75063,0,18150,8090,7910,1870,8430,37680,12340,90,40,50,1851082,18150,1874320,16790,1431001,5350,11486,3910,20795,3650,14009,360,937,2880,32591,3900,55022,940,20993,1800,32843,20,670,3421,870,14075,1650,205482,5390,23238,400,104,140,3016,430,2927,530,3001,1780,2129,360,824,20,1470,5920,143189,1050105,490,3098,4630,10353,4670,34255,5780,48851,4290,34634,4690,26666,15980,1471473,15940,329845,650,1697,240,229,6880,10119,1550,2692,1400,753,1450,1556,710,115,3190,3885,210,72,1930,7515,430,1770,470,1937,920,285,17610,374865,2050,4663,1750,3928,1340,1649,1290,1126,190,120,14970,320465,15810,333306,900,1230,830,2588,4230,32961,13360,51860
TX,75065,0,5330,2310,2240,660,2390,10800,3590,50,20,30,340414,5330,344174,4710,271110,1260,1046,780,2862,720,2055,30,20,990,10286,740,8893,440,6718,880,15921,30,240,1323,560,7184,270,14012,1420,3760,180,45,0,0,120,631,80,430,460,480,60,143,0,0,1640,32560,172773,70,294,1260,2447,1460,7089,1600,10193,1350,9420,1290,5677,4400,238697,4380,42794,80,307,50,41,1820,2067,170,30,320,175,460,428,290,43,1020,1271,110,35,710,1915,90,308,110,341,370,92,5110,49473,790,1747,670,1490,630,846,390,320,40,32,3930,40666,4280,43537,70,66,100,319,1090,5529,4090,11089
TX,75067,0,32380,16080,10110,5710,14240,63990,23080,380,100,280,1560574,32380,1575846,29870,1383333,4640,2459,2970,7144,2720,5104,200,169,5230,37126,2570,17547,1520,22194,3480,52756,50,1300,6464,1740,20272,720,19142,8220,15272,840,206,50,544,360,1437,450,1720,3420,3768,350,812,0,0,6250,114548,556586,280,1302,4730,8234,4740,18673,5990,29231,4500,28220,4960,22504,25860,1012364,25820,164958,160,370,360,288,11010,12224,670,635,1760,1046,2820,2845,2310,356,6180,6914,400,145,3520,7736,680,2382,740,2599,2760,587,31460,218220,6310,14993,5460,13056,5670,8237,2650,2296,330,185,22200,152426,24800,162895,160,198,160,275,5130,15836,26690,70438
TX,75068,0,20410,7580,9500,2920,8560,46950,18390,200,70,130,1391763,20410,1407256,18540,1192541,3830,2614,2430,7625,2230,5469,330,320,4330,38582,2320,31735,1200,21106,2880,51174,90,930,5060,1340,17993,770,30230,6560,15493,860,230,60,1042,380,2019,310,1281,2800,3015,340,698,0,0,8290,170280,846396,340,1835,6190,11912,7470,37689,8140,52704,7270,54371,6320,25549,16900,950860,16890,164515,270,771,230,156,8530,12137,500,341,2140,1325,1830,1914,1070,164,5660,7843,510,202,2730,7712,370,1218,430,1394,1160,324,19740,198382,3040,7412,2590,6123,2790,3955,1690,1443,160,108,15050,152010,16590,163156,260,259,220,954,3800,17323,16160,50197
TX,75069,0,16530,7010,6250,3080,8100,35280,13490,280,0,280,1253648,16530,1271814,13640,798778,4010,8360,3080,26459,2840,18709,140,322,3250,59173,2990,113198,1810,41208,2800,68974,140,540,2561,2280,37927,1060,98701,4020,18166,330,84,150,3902,520,3625,230,1370,920,959,140,256,60,1485,4310,120333,764097,170,1691,3570,8441,3760,27957,4240,38701,3150,29662,3670,28712,12250,922220,12160,203796,430,2356,160,108,4970,4944,980,759,530,288,870,770,790,125,2530,2636,220,77,2470,8640,300,913,310,989,1370,305,15580,229627,3050,8269,2680,7211,3290,5129,900,717,120,72,10580,200034,12180,212757,580,1377,610,2075,3340,28202,12360,36387
TX,75070,0,40160,15080,20220,4150,15870,89930,33200,300,30,270,3967201,40160,4017379,35540,3135335,11790,17018,9310,49257,8670,34589,770,1140,8530,134593,8970,134681,3810,87688,6720,151975,210,1540,8444,4090,68464,2970,188234,13160,50178,1890,491,300,7068,1430,9457,840,4318,4490,4810,650,1330,110,1201,19000,464459,2793497,940,8818,14840,34072,17380,112396,18720,157831,16170,134632,15980,95289,34360,3013823,34170,627467,1550,4768,440,457,15910,23737,2680,3607,3550,2097,3420,3668,1300,218,8830,12180,900,350,6060,21129,700,2323,810,2675,1460,500,38490,668427,3480,7728,2840,6305,2670,3560,3080,2572,320,187,32130,603966,33980,637041,1900,3384,1730,4282,10080,71336,28480,92190
TX,75071,0,19390,7180,9530,2380,7860,44410,17030,160,0,160,1661467,19390,1682756,17210,1301601,5000,6748,3540,15155,3270,10913,410,573,3880,60084,3420,67546,1680,35323,3330,73866,210,740,3769,1930,29472,1110,71552,5960,21289,870,234,120,2969,570,3824,350,1619,2130,2307,290,587,40,434,8300,194484,1137824,430,2639,6390,14131,7570,46754,8190,64770,7180,60895,6830,35842,16170,1218500,16110,239451,590,1618,220,212,7580,10806,920,1039,1690,1002,1590,1594,750,118,4550,6291,360,157,2750,9410,370,1165,410,1308,970,262,18680,265854,2460,5762,2050,4890,1990,2841,1500,1236,160,111,14760,228891,15850,242622,700,927,630,1426,4330,27362,14440,46756
TX,75074,0,21570,9550,7970,3720,10370,46800,18510,260,60,210,1238189,21570,1251399,19000,983216,4040,4230,2800,11009,2580,7833,150,187,4360,38975,2550,94355,1460,27805,2760,50927,60,740,3695,1780,25186,790,14594,5610,13210,490,118,60,1041,360,1742,360,1772,1580,1708,320,608,30,576,4650,97143,511142,180,1346,3560,6522,3840,16793,4500,25432,3450,24076,3600,19481,16130,843209,16110,156138,200,521,330,254,7130,8096,790,640,1070,620,1660,1493,1170,205,3900,4369,330,136,3090,7293,620,2273,690,2505,1890,422,20740,190592,4290,10821,3690,9116,4300,6607,1820,1441,290,140,13770,148322,16000,158272,240,332,240,1114,4120,19307,16880,47108
TX,75075,0,16810,7610,7180,1820,6980,32620,9810,270,0,270,1204028,16810,1219627,13810,872768,5420,7306,4360,25206,4040,17725,120,163,3490,45380,4050,42019,2380,49072,3410,74900,80,630,3462,2850,47846,1180,31484,4970,15599,540,137,110,1704,600,3302,410,2159,1420,1544,260,496,50,307,5170,106147,603581,160,833,4270,8475,4580,19835,5100,29679,3850,24682,4340,23239,13740,885556,13620,161937,290,784,200,203,5520,5984,1340,626,830,453,1210,1269,640,117,2350,2891,430,165,2630,7789,370,1423,410,1586,920,226,15900,181759,1930,4348,1610,3536,1540,2189,1170,983,170,94,12620,155953,13640,166338,350,368,380,919,4340,18785,11540,30932
TX,75076,0,3410,1350,1620,380,1810,6680,1810,50,0,50,220855,3410,223643,2610,131743,1010,1958,600,3653,550,2625,50,27,740,8340,610,16643,530,9487,940,20734,150,120,600,760,10549,240,11243,890,2788,100,28,0,0,150,674,50,296,170,160,40,60,0,0,840,22297,108700,80,456,670,1367,730,3162,840,5085,550,3993,670,3772,2640,153894,2640,28240,40,193,40,27,980,1046,150,41,130,65,180,161,180,34,480,603,60,14,560,1495,80,315,90,312,240,59,3190,33026,600,1371,490,1115,380,472,160,110,40,28,2430,27194,2740,29560,40,62,70,528,760,4526,2440,6836
TX,75077,0,17280,7040,8510,1460,7420,35550,11550,100,0,100,1866771,17280,1889170,14850,1307887,5920,7849,4630,29840,4370,21880,180,348,3540,58439,4270,165552,1980,42379,3230,76845,120,590,3445,2370,36999,1490,132863,5230,22399,720,188,170,4378,590,4236,380,2101,1560,1682,230,515,70,2021,7450,182927,1312045,230,2188,6180,14456,6910,43408,7350,60926,6250,51295,6460,40082,14570,1480955,14450,326450,670,2198,180,208,5840,7774,1330,599,1040,622,1330,1495,560,85,2670,3603,470,156,2650,9777,300,1057,350,1216,610,175,16480,339978,1470,3100,1150,2475,1000,1290,1210,1085,140,87,13670,319369,14480,335871,900,1979,870,3694,4530,40244,11940,36220
TX,75078,0,7160,2120,4380,560,3400,18620,7770,30,0,30,1071893,7160,1085044,6420,813933,2670,5380,2030,10542,1920,7374,220,433,1720,41332,1970,43546,610,17678,1100,31041,80,240,1262,600,10759,820,64084,2440,13151,350,88,110,2640,340,2873,140,770,630,669,110,223,40,815,4220,133501,896797,250,3249,3420,9584,3960,35729,4190,49079,3750,44611,3680,26677,6140,853580,6100,199480,710,2063,60,48,2770,3797,580,349,720,419,460,497,190,29,1330,1889,100,54,1270,5744,100,353,110,380,220,101,6860,205923,490,1083,390,882,440,627,440,367,40,31,5800,196878,6120,207176,820,1620,740,1680,2090,23748,4770,19070
TX,75080,0,20320,9680,8000,2390,9220,40270,13300,330,60,270,1516612,20320,1539962,16700,1057355,6220,9499,5210,37060,4850,27168,180,337,4230,74214,4720,89784,2690,55947,3440,75851,110,580,3086,2800,46135,1460,60800,6180,23350,670,166,210,4477,760,4835,430,2022,1690,1892,340,809,60,363,6130,138597,813242,220,1616,5040,9873,5370,27936,6020,40300,4350,31075,5130,35340,16290,1123642,16170,217044,440,1719,240,185,6790,7391,1620,844,1120,594,1480,1555,790,144,3110,3786,360,126,3390,11789,450,1485,480,1563,1180,280,19200,243087,2520,5866,2100,4871,2400,3584,1400,1222,210,131,14680,209910,16170,226382,520,722,590,2855,5120,29114,14080,39720
TX,75081,0,17620,8440,6730,2200,7970,34030,10700,240,30,210,1019787,17620,1034217,14790,772019,4410,4691,3280,15023,2990,10399,110,115,3790,43276,2930,27071,1750,34008,2690,55825,80,640,3424,2150,33292,970,30902,5420,14430,580,147,90,1206,460,2415,410,2037,1630,1791,280,603,0,0,4170,80952,400563,150,619,3300,5773,3420,13781,4050,20823,2830,16733,3410,19391,13900,709814,13830,123812,160,403,370,328,5520,6006,900,516,750,434,1550,1536,840,155,2600,3125,270,89,2880,7390,710,2791,770,3059,1290,308,16710,148572,3080,7325,2500,5930,2100,2958,1510,1293,320,161,12440,117802,14000,127118,150,161,210,688,3940,15631,12920,34245
TX,75082,0,10040,4090,5110,710,4180,21030,6760,60,0,60,1113868,10040,1129653,8590,820998,4160,7869,3420,24094,3220,16575,120,229,2100,41734,3280,70243,1200,26917,1710,41350,70,360,2151,1330,23464,1120,59853,3120,15785,290,74,140,3030,430,3081,360,2262,720,769,180,403,40,514,4150,100749,703005,200,1699,3410,8096,3770,25916,4080,36317,3130,24337,3560,26082,8550,892912,8490,190853,470,1427,150,187,3540,4183,1170,849,610,336,810,904,250,49,1240,1627,200,66,1640,6351,260,1054,300,1255,360,119,9520,197440,820,1550,620,1196,460,604,700,630,120,78,8060,186042,8570,195884,680,979,690,1776,3010,23185,6440,20366
TX,75087,0,14920,5550,7810,1330,6690,32800,11360,70,0,70,1311298,14920,1327703,12660,975740,4630,7308,3270,15826,3040,11064,220,345,3250,51218,3140,41804,1750,36211,3150,80339,200,440,2176,2150,34395,1220,63388,5000,16405,920,245,80,1582,610,3767,340,1707,1540,1587,230,476,40,335,6810,155051,889193,230,1450,5600,12060,6290,33819,6730,48292,5690,45352,5760,33048,12540,972213,12470,187275,370,1156,120,126,5480,7836,870,913,1120,623,1220,1362,460,75,3080,4305,320,108,2480,8168,210,838,250,934,620,225,14200,201675,1280,2755,1030,2220,970,1315,1110,967,110,84,11700,178673,12480,189908,430,537,450,1044,3830,23251,10370,31557
TX,75088,0,11910,4970,5280,1510,5250,24100,7890,80,0,80,828893,11910,838972,10410,642479,2680,2599,1830,6043,1670,4377,60,58,2500,32763,1640,12385,1110,19823,2100,47320,80,480,2634,1350,19201,660,44105,3450,10079,510,131,60,1138,320,2052,250,1185,1050,1205,190,402,0,0,3750,76765,428024,100,435,3060,5918,3390,15455,3670,22552,3040,19613,3140,17828,9610,598427,9600,114004,150,396,150,124,3810,4918,430,360,630,376,1080,1181,500,90,2050,2630,260,101,1780,5449,240,789,270,895,720,205,11430,126434,1760,4099,1470,3392,1250,1657,1020,862,100,46,8780,108807,9580,115876,230,366,210,337,2590,15379,8910,24123
TX,75089,0,14040,5630,6400,1780,6100,30600,11500,100,20,80,938503,14040,948132,12470,787976,2860,1911,1950,5062,1780,3618,90,77,3190,33640,1720,13291,940,17078,2220,42900,70,580,3159,1160,15719,630,20736,4470,9629,700,186,30,472,290,1674,240,1135,1440,1552,240,479,0,0,5150,105806,532440,130,482,4110,7929,4710,21010,5080,30218,4480,31223,4220,20712,11380,650315,11340,112923,170,396,200,164,5280,6855,420,42,1030,633,1550,1709,620,111,3040,4092,340,124,2310,5883,370,1349,400,1480,780,218,13510,132383,2030,4809,1600,3734,1540,2124,1500,1299,150,79,10300,105998,11460,113565,190,161,160,287,3090,12360,10620,30503
TX,75090,0,9500,3900,3390,2120,4750,20760,8380,200,0,200,367155,9500,370349,8230,285024,1300,1731,770,3441,690,1900,30,20,1410,13261,690,5190,680,11388,1440,24862,190,310,1380,1000,11294,210,6517,1760,3194,150,38,0,0,110,529,90,349,400,379,70,135,0,0,1110,23983,98286,70,250,860,1427,830,3115,1070,4943,680,4180,830,4911,6440,205875,6430,32697,40,97,90,55,2780,2729,150,13,300,169,440,410,680,118,1730,1883,120,55,1120,2251,170,518,180,568,1090,206,9130,51784,2730,7396,2480,6572,2440,3567,510,408,60,22,5230,29968,6350,32938,40,33,50,120,1240,4507,8020,22507
TX,75092,0,10540,4630,4250,1490,4800,20700,6550,160,0,160,626901,10540,634292,8800,438537,2490,4191,1660,9616,1510,6712,60,54,1670,23659,1540,20947,1210,22932,2120,44638,240,320,1509,1590,21260,560,23176,2490,7391,400,104,40,1009,290,1641,150,709,780,796,80,185,0,0,2190,52957,269219,110,426,1790,3430,1860,7640,2130,11921,1470,9619,1790,13568,8280,432864,8240,82241,110,410,80,51,3310,3718,430,154,440,243,710,650,670,107,1800,2238,140,47,1240,3576,160,516,170,565,750,154,10080,97846,1960,4732,1730,4216,1430,1852,670,513,70,23,7350,78521,8030,84150,140,348,170,931,1900,12627,8180,22043
TX,75093,0,23500,10470,10780,1940,11520,46530,14520,130,0,130,3918690,23500,3983777,19700,2437599,10090,35510,9170,137602,8670,103848,380,1306,5080,171075,9010,419418,2680,78292,3710,87856,120,760,4253,2880,53656,3780,472545,7550,65087,520,128,590,17663,1490,13545,740,4844,1550,1702,350,793,210,6685,10090,338241,2849882,560,7513,8490,24179,8950,93047,9900,126390,7350,78558,8780,92873,20160,3336362,19870,860544,2110,9547,270,263,8530,15178,3680,6984,1280,728,1570,1723,710,132,2390,2874,480,275,4170,23778,470,1928,530,2143,810,306,22020,900893,1620,3089,1280,2460,1010,1190,1400,1212,210,134,18880,848194,19920,895150,2850,7665,2930,15408,7100,93143,14390,61799
TX,75094,0,9060,2830,5480,630,4030,23370,9680,30,0,30,1046287,9060,1058548,8070,822765,3440,4415,2650,9425,2490,6406,130,178,2090,38321,2580,26589,720,16057,1290,29109,40,350,1881,830,13140,1090,54945,2840,12261,330,79,90,2275,310,2291,290,1722,630,614,160,319,20,381,4730,116435,789744,170,1109,3920,9589,4480,31859,4680,43371,4170,36855,4000,24222,7690,811731,7670,177557,520,1190,170,154,3830,4737,770,197,900,510,800,877,260,53,1910,2700,230,56,1550,5582,300,1276,340,1413,380,162,8670,170930,780,1781,590,1267,580,792,770,654,130,74,7190,172829,7700,181109,620,861,540,774,2560,18727,6160,21961
TX,75098,0,23420,8970,10820,3250,9440,53260,20820,120,30,90,1499646,23420,1514659,21010,1265103,4600,3724,3000,8510,2760,5546,180,170,4800,49481,2710,28637,1530,24048,3500,65655,180,920,4517,1850,25381,900,30093,6990,15013,1040,271,50,873,380,2137,390,1655,2420,2545,370,704,40,529,8280,168391,850911,230,1005,6460,12322,7540,38523,8120,53156,7220,52053,6520,29626,18920,1015214,18910,172741,250,623,350,297,9220,12827,630,358,2120,1303,2040,2010,1200,190,6090,8217,460,203,3470,8747,630,2159,680,2415,1480,400,22640,209265,3780,9211,3170,7482,3130,4449,1930,1588,270,155,16870,159912,18770,171836,270,281,240,704,4490,17505,18390,53118
TX,75102,0,530,210,270,70,310,1210,440,0,0,0,25810,530,26125,440,18881,110,74,60,86,60,72,0,0,110,1352,70,530,40,332,100,2309,120,0,0,70,726,0,0,150,315,30,7,0,0,0,0,0,0,30,26,0,0,0,0,80,1765,7795,0,0,70,144,60,154,80,313,50,380,60,271,400,16070,400,2495,0,0,0,0,160,178,0,0,0,0,30,28,30,7,110,126,0,0,100,188,0,0,0,0,50,10,510,3419,120,312,100,264,100,151,30,21,0,0,340,2317,400,2626,0,0,0,0,110,216,420,1209
TX,75103,0,5470,2080,2690,630,3210,11640,3820,0,0,0,304598,5470,308790,4260,202582,1420,2401,800,3869,710,2659,40,51,1180,18312,800,11387,580,9372,1280,30990,550,170,791,940,10811,340,16493,1480,4192,190,50,0,0,200,1149,70,326,340,338,40,99,0,0,1200,29174,129309,60,278,1010,1826,960,3347,1180,5687,770,5367,920,6343,4000,199830,3990,34677,60,211,60,26,1550,1936,170,28,190,113,310,332,260,52,950,1258,50,16,930,2686,110,363,110,379,440,113,5110,43144,1110,2632,950,2179,790,1039,290,248,40,22,3590,32706,4110,36140,50,47,90,247,1080,6147,4140,12079
TX,75104,0,22210,9710,6470,5500,10800,44780,17500,330,130,200,1226592,22210,1238469,19870,965616,3300,3436,1980,8987,1800,6515,120,115,4890,14650,1800,27661,1350,22964,4040,83521,100,1060,5609,1870,24137,670,35918,5650,11877,940,239,60,1020,280,1592,270,1163,2050,2129,310,696,20,205,7230,158819,680285,180,540,5660,10114,5900,27263,6990,39676,5650,39400,6160,40142,17100,797892,17100,142177,210,586,220,171,7890,9191,420,139,1600,910,2340,2385,1410,221,4280,5039,460,258,2510,6428,410,1344,450,1535,1300,324,21590,188961,5580,14569,4970,12744,4080,5427,2610,2362,180,99,14420,133956,16350,143453,210,334,240,874,3690,15981,18070,56726
TX,75105,0,130,40,80,0,70,280,100,0,0,0,6513,130,6533,100,4820,20,2,0,0,0,0,0,0,0,0,0,0,0,0,30,651,20,0,0,30,327,0,0,30,20,0,0,0,0,0,0,0,0,0,0,0,0,0,0,20,558,2484,0,0,0,0,0,0,20,83,0,0,0,0,100,3882,100,598,0,0,0,0,40,44,0,0,0,0,0,0,0,0,20,27,0,0,0,0,0,0,0,0,0,0,130,854,0,0,0,0,0,0,0,0,0,0,90,543,100,576,0,0,0,0,0,0,100,310
TX,75109,0,1670,540,890,210,910,3580,1140,0,0,0,108171,1670,109117,1340,72761,430,827,270,1298,240,967,0,0,340,3801,250,2845,200,4595,410,11519,180,50,199,310,4726,80,1443,410,946,60,15,0,0,50,237,30,108,110,98,0,0,0,0,390,9235,45392,0,0,320,700,330,1832,390,2730,280,2289,300,1407,1290,75345,1290,14545,20,85,0,0,520,755,80,202,50,31,90,77,100,18,310,407,0,0,240,606,20,89,30,110,110,25,1580,17267,340,844,290,717,230,283,80,61,0,0,1170,13586,1300,14621,20,53,30,97,310,1717,1260,4079
TX,75110,0,11610,4600,4020,2830,6690,25790,10790,240,240,0,480952,11610,485771,10250,366884,1600,4280,930,7266,850,5823,20,17,1730,20144,880,9963,760,12298,1790,33204,430,390,1513,1180,13027,310,10721,2240,4819,320,84,0,0,200,981,100,553,530,529,80,152,0,0,1410,32315,155119,40,156,1150,2188,1100,4386,1350,7229,810,4859,1070,8459,7900,279878,7860,48253,80,359,90,67,3800,3759,240,119,410,223,680,565,940,172,2290,2519,110,38,1290,3170,160,516,180,561,1000,193,11260,75790,3610,9868,3290,8972,3170,4513,840,690,60,24,6280,44191,7430,48644,60,97,90,406,1450,5637,9850,30804
TX,75114,0,2340,900,1090,340,1200,5260,1960,0,0,0,138635,2340,139974,2060,110585,390,276,200,498,190,357,0,0,480,3681,190,1186,160,2299,390,9597,60,80,443,220,2658,70,6899,640,1339,100,25,0,0,40,181,20,81,180,183,0,0,0,0,590,12586,61617,0,0,490,910,500,2186,580,3285,480,3103,460,2126,1860,92327,1860,15734,0,0,20,12,820,1071,30,1,140,89,200,206,130,22,550,722,30,9,350,697,40,109,40,130,210,53,2270,19397,440,1069,380,859,370,529,190,160,0,0,1630,14662,1880,15654,0,0,20,29,410,1474,1880,5515
TX,75115,0,24830,11200,6380,6600,12700,47850,17980,440,220,220,1220448,24830,1232066,21840,969691,3530,3969,1990,7258,1780,4995,110,114,5760,3180,1690,22067,1770,30005,5440,125248,110,1240,6433,2720,33501,540,23011,5890,11618,1090,282,40,970,240,1242,280,1171,2030,2175,360,833,0,0,8400,181875,685943,210,860,6580,10757,6670,26549,8100,40499,6400,42717,7360,52595,18750,750925,18730,125971,170,465,240,200,8210,9251,390,58,1610,923,2610,2703,1500,226,4230,4669,480,198,2600,6282,440,1395,480,1570,1390,305,24040,176224,6420,16609,5810,14722,4570,6013,3060,2809,190,103,15860,116719,17980,125659,150,201,160,453,4070,14218,20260,63529
TX,75116,0,8870,3750,2900,2150,4830,19430,8150,160,70,90,352656,8870,355932,7540,272519,1240,1091,760,3262,710,2351,0,0,1780,9455,680,5246,640,8033,1490,32639,0,330,1479,960,12096,140,4849,1970,3276,200,54,0,0,100,401,90,390,480,462,80,190,0,0,1480,27473,100673,20,72,1190,1679,1100,3542,1410,5698,910,4851,1200,6849,6340,198701,6330,30351,20,37,110,74,3010,3159,200,43,400,249,690,636,700,118,1760,1995,110,41,1210,2587,180,577,200,655,870,180,8530,49219,2540,6920,2250,6003,2240,3314,810,673,60,21,5080,27051,6170,30252,0,0,30,98,1330,3507,7310,21948
TX,75117,0,1630,650,760,210,940,3400,1110,0,0,0,79700,1630,80425,1280,58015,370,375,190,498,170,304,0,0,350,2486,180,758,170,2762,370,8413,150,50,314,270,3013,70,2913,410,725,60,19,0,0,20,79,0,0,90,83,0,0,0,0,350,6997,29845,0,0,300,489,280,871,340,1521,230,1614,250,1180,1170,50141,1180,8219,0,0,0,0,490,565,30,0,40,22,90,98,90,19,310,390,30,6,250,575,30,94,30,108,130,34,1520,11101,340,738,280,616,220,289,90,78,0,0,1050,7639,1200,8368,0,0,0,0,280,1112,1280,3696
TX,75119,0,11070,4630,4100,2190,6090,24190,9660,80,0,80,538536,11070,544547,9690,404726,2070,2571,1220,4481,1120,2727,20,17,1820,16784,1100,11510,820,12627,1690,33679,540,360,1441,1110,13925,330,16908,2300,6011,300,80,0,0,220,1083,110,569,600,600,80,183,20,993,1650,35159,189028,50,184,1350,2448,1360,5479,1590,8818,1090,7467,1270,7908,8230,342574,8190,58826,70,305,90,58,3770,4083,290,114,420,241,660,696,900,151,2340,2723,120,72,1290,3014,170,570,190,617,910,202,10660,76282,2900,7706,2590,6874,2480,3521,750,690,80,35,6790,55408,7840,59588,70,106,100,260,1570,8028,9200,28367
TX,75124,0,1850,670,900,250,1050,3900,1230,0,0,0,84285,1850,85183,1460,61263,350,261,190,767,170,580,0,0,390,3949,190,1065,170,2572,410,8188,220,70,328,290,3560,70,1408,490,898,70,18,0,0,50,161,0,0,110,105,0,0,0,0,320,6911,26928,0,0,260,447,260,808,310,1341,180,1245,230,1097,1300,51655,1290,7953,0,0,0,0,490,499,40,5,50,26,80,81,100,16,300,352,20,4,330,734,20,49,20,44,200,47,1750,11612,470,1211,400,1013,280,394,100,71,0,0,1170,7432,1410,8323,0,0,0,0,330,1083,1450,4218
TX,75125,0,2980,1260,1090,590,1690,6790,2870,0,0,0,117588,2980,118833,2560,95249,360,320,150,287,120,114,0,0,640,5554,140,800,120,1550,390,6495,80,110,535,230,2691,70,3011,710,1245,50,12,0,0,30,140,30,60,130,112,0,0,0,0,410,7709,27860,0,0,330,491,260,684,390,1340,220,1445,290,1331,2090,65984,2090,10313,0,0,30,18,970,1016,30,0,100,56,220,220,220,38,630,675,30,10,510,1083,60,218,70,242,360,75,2870,16730,920,2542,810,2106,820,1205,280,273,20,8,1630,9253,2120,10570,0,0,0,0,460,1483,2460,7839
TX,75126,0,17770,6430,8490,2550,7920,40870,15980,60,40,20,1199383,17770,1212101,16010,993751,3540,3968,1930,5670,1780,3911,130,135,3710,31299,1760,25458,1210,18840,2950,61717,210,610,3098,1490,19424,720,32810,5500,12718,1070,292,50,807,360,1970,270,1155,2130,2243,260,530,30,521,7120,150108,700870,190,919,5620,10895,6460,30056,7020,43034,6210,44552,5470,26238,14790,811725,14770,138533,200,499,160,145,7450,10998,370,27,1770,1137,1750,1858,840,129,5160,7320,410,173,2470,6619,290,931,330,1023,1020,318,17220,167743,2600,6089,2170,5058,2180,2956,1600,1357,130,86,13210,127266,14430,136237,180,167,190,433,3220,15214,14170,45231
TX,75127,0,630,230,310,70,360,1370,460,0,0,0,26646,630,26831,520,20590,100,45,40,55,40,38,0,0,120,712,50,251,50,542,130,2105,60,0,0,80,964,0,0,140,185,0,0,0,0,0,0,0,0,0,0,0,0,0,0,90,1845,7197,0,0,70,109,70,112,80,257,50,318,50,177,460,15303,460,2253,0,0,0,0,180,204,0,0,0,0,30,24,30,5,130,157,0,0,100,175,0,0,0,0,70,14,590,3560,170,425,150,352,110,138,20,19,0,0,410,2048,480,2283,0,0,0,0,100,258,510,1561
TX,75134,0,9280,4040,1670,3430,4890,19040,8570,170,100,60,311464,9280,314170,8450,282308,590,127,230,237,200,133,0,0,2120,-2193,190,448,340,3949,1360,20337,30,510,2385,500,4220,40,165,2010,2706,340,89,0,0,40,104,80,221,660,691,90,216,0,0,2230,40737,122225,40,81,1620,2334,1670,4416,2090,7368,1670,9419,1920,10648,6350,154462,6370,21672,0,0,80,36,3250,3441,20,0,660,403,940,899,730,119,1840,1906,170,80,960,1741,170,440,180,481,700,127,9090,45617,3540,9842,3230,8790,2650,3584,1240,1155,70,28,4850,18225,6020,20588,0,0,0,0,1020,2059,8180,27389
TX,75135,0,2650,900,1370,330,1300,6030,2230,20,0,20,147344,2650,148970,2280,118613,490,359,240,518,230,264,0,0,600,6344,250,1795,200,3296,490,9530,180,100,533,290,3835,70,2117,740,1626,90,23,0,0,60,255,30,127,200,176,30,67,0,0,650,12863,63369,0,0,530,979,590,2316,640,3419,540,3738,480,2417,2090,95367,2080,15372,0,0,20,12,970,1308,40,2,140,88,220,236,150,25,660,881,50,14,440,1177,50,155,50,166,230,65,2550,19650,480,1081,400,890,370,538,220,176,0,0,1840,14064,2080,15527,0,0,20,13,500,2044,2100,5994
TX,75137,0,9140,3980,2970,2040,4730,18470,6880,160,80,80,491455,9140,496035,7820,345862,1670,2175,1040,4708,950,3501,30,16,1900,7625,920,9311,810,14009,1920,47367,30,370,1858,1160,16705,270,10768,2150,4580,330,81,20,299,120,678,120,561,640,648,90,192,0,0,2370,50883,224301,50,203,1920,3108,1870,7124,2280,10934,1670,10326,2000,16470,7000,321750,6970,58155,50,129,90,73,3100,3158,240,50,460,268,810,754,650,115,1570,1786,180,70,1130,2914,190,635,200,677,670,151,8790,74313,2200,5926,1970,5202,1740,2478,940,813,90,43,5830,55281,6750,59091,60,73,90,276,1580,6145,7270,21947
TX,75140,0,2690,980,1300,360,1630,5930,2080,0,0,0,142016,2690,143471,2190,99760,630,856,260,1294,250,868,40,22,530,6498,280,3724,230,3413,580,12326,300,90,392,380,4292,90,1283,630,1455,60,17,0,0,70,361,30,170,130,109,0,0,0,0,470,10122,45501,40,114,360,597,310,982,460,1833,260,1608,270,1566,1920,92433,1900,16550,30,55,30,12,780,916,50,8,60,29,110,125,150,26,520,646,40,14,410,942,60,167,60,173,280,66,2530,21748,600,1570,540,1338,490,702,120,103,0,0,1660,15610,1960,16895,0,0,0,0,450,1637,2130,6781
TX,75141,0,1560,670,430,420,890,3500,1560,20,20,0,51486,1560,52023,1350,41903,120,42,40,68,30,48,0,0,360,2384,30,-6,40,625,190,3089,0,70,294,90,1022,0,0,370,537,20,6,0,0,0,0,0,0,70,59,0,0,0,0,200,4013,11104,0,0,150,204,120,242,190,554,120,685,150,846,1030,25190,1030,3614,0,0,0,0,470,463,0,0,40,27,100,96,110,20,300,305,0,0,260,531,30,120,40,124,180,36,1480,7172,520,1474,480,1247,480,673,120,120,0,0,780,3145,1050,3769,0,0,0,0,210,536,1320,4050
TX,75142,0,8230,3160,3530,1420,4430,18090,6800,0,0,0,410245,8230,414346,7100,318135,1300,1877,680,2596,610,1666,30,18,1620,16173,680,7070,530,8335,1380,31653,510,310,1226,940,11261,230,13142,1880,4101,230,60,0,0,130,606,80,344,440,424,50,84,0,0,1600,32755,153211,50,170,1320,2328,1260,4159,1560,6866,1090,7069,1180,6537,6130,259757,6130,44094,50,155,70,64,2620,2941,140,11,350,204,460,470,520,82,1700,2074,130,44,1180,2915,160,629,180,687,840,205,7920,60954,1980,5174,1710,4407,1660,2385,510,405,80,31,5250,41043,6120,44839,60,84,70,177,1250,5709,6740,20811
TX,75143,0,5580,2190,2490,820,2950,11570,3710,80,0,80,254401,5580,257149,4410,181291,1050,1756,540,2166,480,1273,30,14,1200,12926,590,5412,490,8291,1230,28923,350,220,945,860,9789,200,3949,1350,2748,130,34,0,0,130,533,60,306,220,195,30,57,0,0,930,20045,86350,40,149,770,1326,740,2900,900,4526,570,3742,660,3339,3990,156781,3970,25246,30,85,70,33,1450,1515,120,40,130,73,210,220,350,60,860,1030,70,24,920,2111,160,568,160,565,630,143,5280,36340,1470,3660,1250,3028,970,1301,230,186,70,50,3520,23722,4210,26388,30,35,40,23,950,3272,4430,12997
TX,75144,0,1280,480,550,240,710,2690,900,50,50,0,68206,1280,68848,1080,45228,240,270,140,934,130,548,0,0,210,1467,140,1502,120,2392,290,7300,150,50,196,210,2585,30,392,290,642,40,12,0,0,20,107,0,0,70,71,0,0,0,0,200,4533,21743,0,0,160,411,150,692,190,1234,110,827,150,768,920,45650,910,8161,0,0,0,0,370,374,40,7,30,17,60,44,80,19,210,258,0,0,170,367,20,50,20,51,110,23,1240,10652,350,789,320,690,220,276,60,42,0,0,800,7681,900,8401,0,0,0,0,200,886,1030,3087
TX,75146,0,9630,4340,2090,3030,5040,19170,7930,140,80,60,393289,9630,396783,8660,332738,950,875,530,1747,470,1270,0,0,2120,44,430,3162,490,6728,1570,27549,90,520,2614,710,7664,110,2447,2060,3494,330,86,0,0,70,329,80,293,690,746,100,209,0,0,2480,49064,172246,60,140,1920,2806,1880,5459,2380,9044,1830,10480,2170,13090,7020,224590,7010,35563,30,60,80,53,3340,3587,110,14,680,399,1020,974,720,109,1820,1935,180,69,990,2005,170,501,170,527,640,127,9350,56938,3110,8434,2830,7571,2350,3170,1280,1182,70,29,5570,32244,6580,34997,30,63,30,35,1210,3558,8240,26829
TX,75147,0,2970,1130,1400,430,1690,6260,2040,20,0,20,139536,2970,141252,2460,104753,560,871,330,1088,300,674,0,0,620,7267,330,2181,240,2844,600,12883,260,100,488,420,4581,140,3506,760,1716,80,21,0,0,80,359,40,162,160,164,0,0,0,0,490,10661,46099,0,0,440,773,410,1358,490,2247,330,2054,360,1967,2130,86492,2120,13948,0,0,20,10,870,963,60,5,120,63,130,125,190,34,540,678,40,11,490,1244,50,154,50,163,300,68,2830,19656,770,1892,650,1585,520,679,150,108,20,9,1870,12974,2220,14481,0,0,30,35,510,2063,2370,6879
TX,75148,0,2250,880,960,390,1300,4630,1520,40,0,40,104069,2250,105187,1760,69133,490,676,290,2037,270,1423,0,0,450,5112,260,4263,280,3765,530,11747,120,50,256,390,5007,110,789,510,1118,70,20,0,0,50,284,0,0,90,73,0,0,0,0,410,9854,39958,0,0,340,586,320,1463,390,2158,220,1620,280,1704,1580,63806,1550,10503,30,156,0,0,590,566,90,9,60,24,80,64,100,18,330,404,20,4,320,806,40,149,40,143,240,49,2110,14150,630,1568,550,1364,410,542,100,66,0,0,1380,9930,1630,11018,0,0,20,110,410,1998,1730,4953
TX,75149,0,25400,10900,7770,6350,12930,55150,23370,280,150,140,977782,25400,986175,22290,807818,2800,3155,1410,4091,1230,2516,50,37,5030,34613,1220,6325,1370,18120,3400,59790,90,950,4519,1920,21259,340,8760,5500,8393,530,135,0,0,170,749,220,830,1350,1360,190,382,0,0,3700,69692,259726,80,237,2930,4654,2760,7611,3530,13235,2500,12461,2900,15200,17970,545978,17960,82924,60,166,270,206,8420,8742,240,16,1170,704,1990,1854,1790,277,5120,5646,410,155,3480,6911,550,1827,590,2050,2760,585,24570,139794,7870,21869,7060,18974,6690,9600,2430,2078,230,98,14310,74181,17710,82777,40,37,50,138,3440,8887,21510,65357
TX,75150,0,27980,13110,7940,6590,13930,57610,23120,350,240,120,1086661,27980,1096679,24400,894395,3350,2974,1880,5518,1620,3465,50,41,5180,35653,1570,8716,1780,23571,3910,70596,90,1070,5348,2270,26417,450,11404,6150,10018,710,176,20,227,260,1103,260,1107,1650,1710,240,490,0,0,4050,75611,273239,110,372,3180,5036,2740,7632,3830,13701,2400,12513,3160,15926,20690,622333,20670,93816,80,140,360,216,9040,9179,350,26,1210,723,2340,2141,1960,307,5270,5718,380,155,3570,7303,650,2107,690,2317,2990,645,26990,151269,7820,20788,6920,17940,6570,9304,2590,2165,260,109,16840,84516,20160,93497,30,21,60,114,4130,9747,23280,67021
TX,75152,0,2120,810,930,350,1070,4710,1800,0,0,0,113188,2120,114416,1820,89300,380,335,190,593,170,430,0,0,420,4695,170,1441,150,2480,300,6061,90,70,396,220,2603,70,2280,540,1228,60,14,0,0,40,228,0,0,120,126,20,33,0,0,420,8834,40204,0,0,340,628,340,1171,410,1903,290,2029,310,1693,1610,73730,1610,13263,0,0,0,0,720,866,40,1,90,52,140,154,170,28,440,577,20,7,320,893,40,125,40,116,170,44,2020,17562,480,1287,420,1077,410,597,170,144,0,0,1380,12396,1600,13601,0,0,0,0,360,1532,1690,5307
TX,75153,0,280,120,120,40,170,610,210,0,0,0,10455,280,10495,240,7927,40,13,0,0,0,0,0,0,40,196,20,20,0,0,40,911,40,0,0,40,408,0,0,60,40,0,0,0,0,0,0,0,0,0,0,0,0,0,0,40,686,2821,0,0,30,29,30,71,40,136,20,110,30,141,190,5703,190,760,0,0,0,0,80,70,0,0,0,0,0,0,20,3,50,57,0,0,30,30,0,0,0,0,20,4,270,1358,80,184,70,162,50,76,0,0,0,0,170,684,190,776,0,0,0,0,30,30,230,650
TX,75154,0,17670,7100,6830,3440,8580,37570,14340,160,60,90,980334,17670,991511,15550,778335,3350,4269,1740,6586,1600,4908,80,70,3930,27869,1550,13703,1280,20473,3240,67960,200,670,3485,1780,23907,590,33718,4740,11177,700,184,50,1073,290,1630,240,1212,1500,1573,250,472,20,375,5300,113663,490081,140,586,4230,7487,4500,19109,5160,28519,4200,28679,4340,26713,13670,634953,13640,109753,120,314,170,128,6270,7975,360,47,1140,673,1780,1891,1060,180,3710,4719,360,231,2430,6572,310,1026,340,1101,1250,334,17030,142161,3770,9707,3270,8335,3010,4159,1910,1733,130,86,11750,101501,13340,110293,120,231,170,436,3130,13225,14120,43650
TX,75155,0,1010,370,420,210,570,2510,1130,0,0,0,38073,1010,38406,910,31901,110,24,30,60,30,28,0,0,200,1142,30,165,40,302,150,2341,70,30,164,80,938,0,0,240,333,0,0,0,0,0,0,0,0,30,22,0,0,0,0,100,1852,6498,0,0,80,118,60,193,100,348,50,304,60,243,680,19552,680,2773,0,0,0,0,320,352,0,0,40,21,40,47,70,13,220,263,0,0,160,267,20,46,0,0,110,21,980,5288,310,860,280,751,300,470,60,43,0,0,550,2421,710,2789,0,0,0,0,140,321,860,2853
TX,75156,0,5480,2230,2330,830,2830,11130,3520,100,0,100,258074,5480,261067,4150,160493,1150,1829,700,4345,650,3130,20,34,1070,11853,670,8055,620,12796,1280,29783,70,210,910,1050,13549,220,6512,1210,2993,70,20,0,0,160,791,50,215,200,185,0,0,0,0,950,22877,98117,50,212,780,1458,800,4061,910,5917,630,4598,680,3484,3760,163570,3740,28553,60,267,70,43,1360,1361,190,112,120,62,180,150,330,58,750,907,70,31,850,2140,120,384,140,449,560,114,5160,39700,1520,3942,1320,3291,990,1294,200,158,50,23,3330,27044,4010,29868,40,81,70,249,940,3577,4270,12610
TX,75158,0,1960,720,980,220,980,4250,1440,0,0,0,111554,1960,112568,1640,88092,400,455,210,326,200,198,0,0,420,2797,190,2868,160,2359,400,9518,220,80,402,270,3211,90,4116,500,1014,70,18,0,0,40,179,20,122,100,95,0,0,0,0,410,8615,42462,0,0,340,626,360,1209,410,1932,300,2237,300,1654,1520,74839,1510,12980,0,0,0,0,620,840,30,0,80,44,110,109,120,20,390,535,30,8,290,549,30,78,30,88,170,42,1850,16034,370,908,310,762,260,368,100,80,0,0,1370,11903,1550,12656,0,0,0,0,340,1497,1540,4509
TX,75159,0,7180,2890,2590,1640,4090,15970,6540,40,40,0,304826,7180,307668,6100,239755,860,1356,410,1454,370,853,30,12,1590,13143,360,3688,370,5463,1040,21079,110,250,1182,650,7432,140,7521,1740,2842,130,35,0,0,70,390,60,233,370,326,50,106,0,0,1290,26435,103022,50,168,1030,1696,1010,3309,1250,5460,900,5504,940,4803,5170,175505,5170,27968,0,0,90,80,2380,2455,50,3,310,185,440,390,510,86,1530,1722,130,44,1160,2475,170,577,180,641,880,210,6890,43451,2110,5635,1820,4704,1760,2570,500,418,70,36,4230,25460,5270,28502,20,21,30,83,1080,3619,5970,18138
TX,75160,0,10620,4300,3880,2290,5580,22350,8360,0,0,0,518191,10620,524280,9090,377701,1720,3649,980,6478,900,5003,40,55,2000,19454,960,9917,740,10998,1880,41843,350,370,1569,1250,15266,350,22433,2340,6089,270,71,20,515,200,1288,120,589,500,514,70,131,0,0,2110,45224,215403,70,295,1730,3064,1670,6823,2070,10781,1410,9814,1650,9298,7500,329840,7480,58574,70,177,80,70,3030,3134,240,39,360,206,540,513,660,107,1770,2026,170,64,1450,3697,180,642,190,695,960,195,10210,82368,2930,7756,2600,6820,2390,3311,700,591,80,52,6310,55440,7450,60198,90,120,100,299,1620,7235,8650,27054
TX,75161,0,2600,990,1180,400,1390,5480,1810,0,0,0,130712,2600,131632,2200,100545,450,639,240,899,220,427,0,0,520,3317,240,2562,210,2876,520,10270,220,100,499,360,4037,90,2115,560,920,50,14,0,0,40,152,0,0,110,126,0,0,0,0,490,10359,44739,0,0,390,728,410,1328,480,2315,340,2348,340,1988,1920,83579,1920,13864,0,0,0,0,710,769,50,2,70,39,110,107,170,29,430,529,50,17,350,663,40,162,50,174,290,68,2480,18868,580,1371,500,1158,410,596,120,97,0,0,1700,13088,1960,14076,0,0,0,0,400,1566,2130,6068
TX,75163,0,940,330,470,130,520,1870,500,0,0,0,54257,940,54909,700,32310,270,427,150,1086,150,892,0,0,160,2403,160,2011,130,2744,270,6402,30,40,212,240,3466,40,1322,210,652,20,6,0,0,30,188,0,0,40,31,0,0,0,0,230,4747,24014,0,0,180,371,190,851,230,1339,130,843,160,796,710,36462,690,6254,0,0,0,0,200,175,40,5,0,0,30,24,60,8,100,116,0,0,140,418,0,0,0,0,70,16,880,7751,200,563,190,492,130,171,20,18,0,0,640,6058,700,6588,0,0,0,0,210,1053,670,2008
TX,75165,0,17800,7240,7260,3010,7950,37800,13830,100,0,100,994499,17800,1007195,15510,754279,4030,4871,1980,8527,1810,6047,100,128,3260,31397,1870,17876,1520,25820,3180,66136,230,540,2487,2030,26712,670,43625,4670,12696,780,206,40,703,400,2162,230,1165,1630,1714,210,448,20,800,4180,90484,447753,110,720,3290,6123,3590,14599,4060,22081,3140,21582,3250,24166,13700,651358,13660,115003,140,415,150,112,6140,7413,550,106,1030,599,1470,1488,1040,160,3710,4641,250,138,2360,6754,290,1071,310,1131,1310,319,17140,142535,3910,10223,3470,8979,3080,4318,1600,1462,130,88,11780,106618,13290,115808,170,273,190,557,2990,18032,14290,42892
TX,75166,0,1890,680,1000,190,750,4260,1490,0,0,0,134809,1890,136066,1670,112428,440,279,280,522,250,339,0,0,400,2867,260,1772,180,3288,350,7296,40,70,466,180,2539,90,2069,600,1257,100,26,0,0,40,181,30,107,240,248,30,60,0,0,790,15254,79269,0,0,610,1172,730,3265,790,4587,700,5240,580,2328,1620,93624,1620,15676,0,0,0,0,750,1085,70,3,190,119,170,169,70,15,500,733,30,8,240,612,20,80,30,83,90,28,1820,18295,180,405,160,326,150,216,140,118,0,0,1520,14590,1610,15523,0,0,20,22,410,1715,1420,4279
TX,75167,0,3760,1360,1950,380,1750,8510,3130,0,0,0,268700,3760,272197,3310,205498,1040,1032,520,1545,470,1136,30,58,860,12056,480,5882,310,5605,700,15517,200,110,605,430,5938,200,9102,1190,3497,180,47,0,0,120,648,70,327,360,401,50,96,0,0,1330,28946,152867,40,297,1080,2260,1200,4899,1310,7656,1130,9413,1030,5739,3030,187138,3030,34643,50,121,30,22,1320,1866,100,12,200,111,340,400,160,25,820,1167,100,48,650,1917,60,162,60,204,200,55,3630,41418,540,1340,470,1138,430,620,330,299,20,5,2750,32744,3040,35227,60,64,60,114,800,4102,2860,8789
TX,75169,0,5970,2350,2570,970,3240,12390,4150,0,0,0,274238,5970,276898,4920,204435,1120,1174,570,1763,510,1153,40,16,1150,10342,640,7193,480,7061,1240,28525,570,200,921,880,9583,210,7507,1350,2660,130,35,0,0,110,562,40,216,250,258,30,70,0,0,990,20306,82097,40,65,810,1322,760,2066,950,3750,640,4296,710,3901,4310,170336,4310,27268,30,151,90,47,1600,1729,110,8,180,100,250,249,320,52,1030,1271,90,33,940,1936,170,465,180,505,610,149,5680,39133,1510,3735,1290,3111,1010,1351,270,228,80,32,3850,25523,4490,28100,30,32,40,80,970,3172,4790,13698
TX,75172,0,1770,750,470,540,1050,4080,1920,20,20,0,51896,1770,52245,1580,46266,90,13,30,14,0,0,0,0,390,1761,0,0,40,259,160,1906,0,70,344,80,723,0,0,340,349,0,0,0,0,0,0,0,0,50,47,0,0,0,0,190,3431,8857,0,0,150,161,90,99,180,326,70,419,150,610,1150,22729,1160,2986,0,0,0,0,600,577,0,0,100,58,140,114,150,26,370,363,0,0,260,431,20,54,30,58,240,46,1730,7810,700,1943,630,1686,600,925,210,181,0,0,830,2406,1140,2967,0,0,0,0,180,313,1570,5177
TX,75173,0,2050,750,1020,230,810,4630,1670,0,0,0,115021,2050,115912,1820,99820,360,157,210,330,160,237,0,0,430,3185,190,851,140,1835,330,6146,70,80,401,220,2422,70,2712,550,891,50,17,0,0,30,89,20,81,160,176,0,0,0,0,520,9915,50443,0,0,400,742,460,1618,520,2455,440,3228,390,1669,1590,78656,1580,13547,0,0,0,0,710,890,30,2,110,68,120,120,120,20,470,650,40,10,330,620,40,99,40,112,160,42,2000,16056,380,909,320,752,320,451,120,93,0,0,1410,12654,1590,13561,0,0,0,0,330,1049,1680,4707
TX,75180,0,9750,3920,2750,2960,5430,23110,11070,170,130,40,305079,9750,307939,8570,265395,550,341,220,304,200,231,0,0,2230,14862,170,863,250,2318,880,11390,20,380,1650,410,3673,70,1306,2220,2860,160,42,0,0,50,148,50,199,400,391,100,163,0,0,1140,21211,63755,20,52,880,1358,750,1929,1080,3639,740,3837,800,3810,6280,139306,6290,19317,0,0,80,47,3310,3297,20,0,470,278,660,576,730,123,2190,2233,150,62,1580,3084,180,576,190,595,1310,269,9470,45118,3740,10902,3370,9353,3470,5177,920,787,90,39,4560,16020,6360,19706,0,0,0,0,1130,2280,8510,28189
TX,75181,0,12040,5000,4320,2530,5800,25760,10430,70,40,30,620666,12040,626256,10890,536243,1720,1078,970,2046,850,1394,30,13,2530,12545,780,4069,660,9589,1870,36885,40,510,2573,820,10241,250,5962,3240,5590,580,156,0,0,130,637,150,641,1120,1207,160,313,0,0,3810,76509,304455,70,207,2990,5165,3220,11272,3690,17447,3130,19276,3160,16892,9340,387905,9340,61504,60,127,140,123,4590,5813,180,10,780,520,1500,1566,730,115,2690,3363,250,108,1550,3445,230,857,260,969,840,218,11690,83362,2540,6567,2210,5420,2100,2802,1580,1378,100,55,7930,55653,9100,60286,40,36,30,52,1950,6509,9930,29415
TX,75182,0,2690,900,1580,200,1550,6380,2360,0,0,0,338186,2690,343049,2230,224665,1100,3310,790,4655,730,3109,20,20,650,18551,760,12846,310,6402,520,15754,60,60,293,390,6092,410,42252,920,4863,120,29,40,1075,140,1125,80,540,180,173,40,110,0,0,1390,41377,246548,30,388,1230,3131,1280,9618,1380,13366,1110,10610,1240,12721,2250,264721,2230,62075,150,362,20,43,980,1157,220,32,160,89,270,366,70,16,400,541,60,31,550,2498,40,158,50,215,90,39,2560,63314,240,573,200,478,190,260,260,254,20,7,2100,60835,2260,64676,200,399,210,725,740,9807,1780,6749
TX,75189,0,10920,3950,5360,1430,5100,25040,9490,40,0,40,679322,10920,686329,9670,557664,1880,1763,1180,2475,1060,1667,100,111,2280,23659,1050,9908,680,12197,1760,37157,350,330,1657,990,12522,380,19627,3180,7007,470,124,30,436,200,1080,130,626,1080,1162,120,255,0,0,3460,74599,355356,120,627,2740,5368,3110,13943,3400,20479,2990,21798,2610,11831,8800,451214,8800,76852,110,270,110,73,4180,5798,220,20,830,468,880,903,530,88,2880,3949,220,105,1670,4159,200,757,220,833,900,242,10540,94977,1890,4515,1570,3656,1590,2219,810,665,80,42,7780,70985,8730,76669,110,125,110,262,2000,9050,8670,25797
TX,75201,0,7870,5950,1360,430,3400,10340,1340,0,0,0,2137791,7870,2168046,7080,922479,2350,62351,2260,142450,2190,114256,240,2106,1530,62481,2250,670463,370,10230,570,14422,30,190,1029,350,7493,1060,298419,3140,30255,200,47,150,5734,410,3063,160,670,1300,1621,140,363,120,4255,1920,221107,1597336,390,17116,1320,4322,1170,26788,1820,48777,930,13716,1580,105040,7170,1846004,7120,507292,430,10395,40,16,1850,10998,970,8376,80,43,510,591,160,26,190,175,0,0,1280,8689,70,117,80,119,270,89,7570,573636,520,865,410,724,180,213,400,357,40,20,6910,512917,7170,534751,820,3816,850,24110,2100,60342,5280,76502
TX,75202,0,1630,1210,280,110,650,2120,260,0,0,0,218516,1630,221830,1470,131839,420,1211,340,2808,320,2089,50,80,310,6117,340,11858,70,1113,140,3110,0,50,265,70,1148,160,26813,600,3314,40,10,30,903,70,388,20,85,280,333,20,56,0,0,450,10611,133786,60,705,320,689,320,2244,440,4556,290,2510,330,2220,1520,192097,1510,51575,50,191,0,0,340,334,120,73,0,0,130,123,40,5,60,55,0,0,220,1271,0,0,20,36,70,12,1570,43336,90,152,80,132,40,39,80,64,0,0,1470,52172,1500,54431,110,221,100,595,410,5533,1160,3310
TX,75203,0,6150,2940,1220,1920,3680,13610,6420,160,110,50,190635,6150,192580,5400,161195,320,220,160,435,160,428,0,0,1350,9346,150,1293,110,899,470,7623,0,210,929,170,1371,60,3673,1510,1945,140,36,0,0,20,59,30,73,380,436,30,61,0,0,500,9345,36665,20,60,370,512,200,904,450,1630,180,1153,410,2180,3810,95628,3820,15734,0,0,40,21,1730,1500,20,2,160,101,420,370,350,65,1040,906,40,18,1010,1809,110,319,110,338,730,137,5950,30088,2250,6588,2060,5650,2170,3253,550,495,50,11,2810,14225,3930,16364,0,0,0,0,710,2386,5370,16410
TX,75204,0,17600,13260,2640,1450,7420,24620,4860,170,130,50,1598626,17600,1621106,16260,1231167,4180,16366,4050,43601,3850,33987,440,1193,2970,67915,3800,147799,610,14185,1010,19430,40,430,2006,450,8014,1270,51641,6200,22480,370,91,180,4454,570,2494,310,1258,2690,3366,310,822,70,474,3660,94707,737328,540,7592,2490,5363,2490,18513,3480,32052,2250,20203,2840,20313,15320,1324223,15260,298111,420,3989,120,90,3930,4993,1530,2157,180,98,1150,1184,530,94,770,680,110,34,2380,9054,190,477,230,549,910,217,17040,330569,1920,4786,1670,4185,1380,1914,770,657,90,42,14410,294541,15320,310394,920,1720,860,5264,4040,29266,13000,39514
TX,75205,0,9760,4880,4050,650,6340,18900,6040,0,0,0,4541599,9760,4602092,7340,1814065,5470,168379,5410,391388,5200,217157,360,2980,2770,169582,5350,1094345,1150,54406,1190,43804,150,150,870,1310,28827,3170,665219,3960,60493,160,36,490,20100,1140,10936,260,1775,570,691,110,292,320,9511,5090,458358,3961899,520,23176,4200,16777,4440,99348,4990,141334,3350,65630,4590,188381,8740,4021905,8530,1162947,1680,22614,70,46,3910,18593,2620,11717,380,249,430,480,150,26,490,583,90,276,2640,23621,120,343,130,344,230,123,8970,1315284,380,569,280,430,210,242,320,275,60,54,8290,1168028,8650,1233644,2080,11154,2650,50132,3330,96103,4590,102312
TX,75206,0,20390,14320,4370,1390,8130,30030,5840,230,140,90,1754669,20390,1780667,18300,1308607,5110,14181,4550,33467,4300,24278,310,592,3770,79605,4330,115625,1070,22315,1660,31030,50,510,2434,990,14651,1490,111240,7490,25998,690,169,210,4723,780,3794,410,1631,3300,4025,370,998,80,651,4800,127430,921965,390,4684,3650,8033,3690,29909,4590,48359,3300,32886,3820,24046,18020,1412957,17920,306771,610,2704,220,151,4940,7674,1660,1642,550,320,1380,1356,710,122,1140,1173,180,62,3110,11818,380,990,440,1053,1110,259,19580,339879,1780,3168,1370,2561,1070,1491,910,765,200,111,17100,296583,18010,315090,1010,1486,930,5029,4910,31290,14670,45380
TX,75207,0,1710,1370,220,100,700,2130,260,0,0,0,166525,1710,169484,1520,121963,390,538,300,2122,280,1432,40,55,370,9715,300,7364,40,471,100,1324,0,60,270,40,662,190,12031,720,2959,30,8,0,0,90,537,40,125,310,410,30,77,0,0,290,7789,69558,30,163,210,514,120,1496,270,2369,120,1272,240,1808,1560,141717,1530,33946,30,239,0,0,280,286,100,40,0,0,100,108,30,5,50,48,0,0,280,1282,0,0,0,0,80,29,1610,36166,120,138,80,103,50,61,60,54,0,0,1500,33668,1570,35566,70,129,70,339,460,3544,1180,3119
TX,75208,0,13450,6430,4100,2820,7800,29360,12310,300,210,80,817955,13450,830181,11680,608980,2030,4693,1500,11810,1370,8923,80,107,2970,42402,1430,45482,570,11398,1240,24002,40,370,1753,680,8619,610,57506,3630,12226,280,69,110,2953,340,2012,160,701,890,919,120,269,20,108,2610,63789,430868,120,1652,2060,4185,2070,14845,2530,21071,1860,17270,2030,13912,9860,570711,9850,122122,240,926,160,113,4340,4042,470,229,510,309,840,705,900,160,2370,2319,210,78,2400,7422,300,991,330,1112,1580,330,12940,151376,3350,9103,2910,7634,3460,5249,900,716,140,74,8020,117744,9840,128451,420,745,400,1440,2380,15086,10700,34456
TX,75209,0,7470,4290,2360,720,4330,13190,3700,110,50,50,1832075,7470,1856116,6020,790789,2930,32994,2710,76877,2620,60393,130,510,1810,84387,2710,457583,720,22122,970,21092,60,190,953,820,15781,1520,227230,2590,24041,140,32,220,7680,580,4678,140,815,570,669,80,187,120,1603,3140,158622,1545448,190,3676,2640,7879,2690,42815,3070,55230,2170,31777,2720,56095,6350,1605773,6260,431236,770,6056,70,40,2470,5815,1320,2967,200,116,360,353,250,40,500,492,80,57,1630,11185,120,365,140,396,350,89,7010,474236,770,1742,640,1489,640,900,320,286,60,20,5860,433599,6290,458248,990,3608,1170,16612,2150,41752,4550,34923
TX,75210,0,2710,1200,290,1210,1750,6030,3090,90,60,30,54274,2710,54714,2440,48277,60,4,20,21,0,0,0,0,620,2134,0,0,30,286,180,1992,0,110,417,70,401,0,0,500,440,0,0,0,0,0,0,0,0,40,34,0,0,0,0,110,1872,4320,0,0,80,97,0,0,100,162,0,0,70,434,1250,16506,1250,2091,0,0,0,0,650,454,0,0,60,28,140,114,180,30,360,267,0,0,430,597,40,87,40,92,360,53,2640,10942,1540,4902,1470,4363,1190,1707,320,297,0,0,850,1630,1430,2316,0,0,0,0,180,243,2510,8960
TX,75211,0,29490,12500,8720,8100,18760,71000,34200,880,730,150,905464,29490,912418,26200,799429,1710,963,680,1619,620,1009,30,15,5840,46188,570,2808,640,7290,2250,31185,30,870,3797,990,8477,210,5415,6020,6954,330,84,0,0,100,364,120,403,1120,984,190,347,0,0,2410,41484,136251,60,186,1880,2630,1380,3863,2260,7309,1270,6601,1590,6139,19680,407578,19700,56392,40,56,330,202,10460,9762,100,6,1040,651,2070,1668,2530,457,6840,6786,270,125,4430,8475,670,2353,680,2521,4440,910,28590,130588,9930,28237,8830,24040,10290,15616,2520,2029,280,127,14120,46632,19240,56580,30,17,0,0,3330,6683,25820,80765
TX,75212,0,10100,4220,2370,3440,6440,24200,12170,510,470,30,267267,10100,269354,9010,237678,320,63,100,63,90,49,0,0,2180,14807,100,151,120,891,620,7439,0,310,1284,200,1408,40,2490,2060,2087,50,13,0,0,0,0,0,0,300,244,60,118,0,0,670,11777,31960,0,0,510,660,310,769,610,1633,280,1434,440,2211,5940,104838,5960,14098,0,0,90,40,3290,3128,0,0,350,210,620,503,800,146,2190,2215,70,34,1640,2874,220,711,230,769,1440,259,9820,44245,4630,14088,4270,12210,4080,5923,930,810,100,29,4070,10968,6130,14378,0,0,0,0,940,1686,9090,31730
TX,75214,0,17260,9400,6270,1390,8700,31680,8900,190,90,110,2469341,17260,2515277,14180,1559937,6680,18926,6180,73580,5880,52246,250,681,4090,133531,5840,281550,1840,40820,2290,51787,70,480,2548,1790,28745,2500,261392,6160,45936,480,119,520,16452,1210,9039,400,2237,1650,1892,200,474,120,1399,7390,228230,1878197,370,5268,6170,15685,6530,65670,7270,87464,5510,64503,6330,52853,14790,2073035,14650,507849,1330,5301,180,150,5350,6596,2490,2143,920,530,760,746,470,83,1270,1390,280,91,3600,21152,320,931,340,1022,900,226,16270,544860,1620,3250,1260,2653,1100,1529,610,501,140,86,14010,503355,14950,538050,2050,4342,2030,8845,5110,59536,10720,46730
TX,75215,0,6750,3410,640,2640,3800,13150,5970,220,140,80,192206,6750,194064,6090,168414,300,70,190,306,160,241,0,0,1530,5843,150,750,120,1260,570,8128,0,300,1351,190,1450,60,4614,1460,1858,90,24,0,0,50,114,20,65,270,317,30,78,0,0,610,12400,47430,20,541,420,549,290,1034,550,2264,270,1669,460,2764,3740,97500,3740,17581,0,0,60,23,1560,1166,40,12,210,125,380,310,420,70,790,613,30,11,1030,1611,130,330,130,370,700,112,6570,36369,3370,9818,3170,8669,2230,2960,770,739,50,17,2840,16337,4030,18361,30,81,20,42,650,1640,6020,19599
TX,75216,0,20750,9370,3410,7800,12690,45670,22110,680,510,160,510242,20750,514076,18080,436017,930,410,370,693,290,384,0,0,4330,18301,270,954,580,5247,2380,34614,40,810,3336,970,6868,50,1422,3830,3834,190,48,0,0,40,106,70,190,540,509,100,204,0,0,1660,29139,74556,40,177,1280,1493,630,1172,1510,3218,540,2462,1280,7379,11610,197098,11610,26816,0,0,170,111,5750,4802,30,2,700,418,1250,1050,1540,270,3380,2987,170,67,2930,4577,400,1227,410,1337,2330,391,20210,84679,9630,28434,8950,24953,7820,11212,2180,1993,180,70,8210,22007,12010,27241,0,0,0,0,1800,3470,18690,61424
TX,75217,0,32800,13240,9280,10030,20780,81980,41300,720,470,250,893798,32800,901286,28540,777196,1370,740,450,552,370,333,30,10,7540,56265,340,1347,630,7213,2540,35950,50,1010,4193,1140,8768,130,4265,7010,7488,240,60,0,0,80,211,90,332,830,709,160,259,0,0,2740,49613,127989,70,212,2180,3088,1250,2305,2540,6427,1200,5714,1770,8369,19360,342270,19420,45251,30,60,360,200,10670,9857,30,0,1100,691,2000,1601,2380,426,7030,6849,530,215,5750,10484,730,2589,760,2743,5260,1033,31840,137846,13100,39732,11950,33658,13380,20538,2970,2575,290,116,13210,35391,20440,47350,0,0,0,0,3340,5648,29130,96388
TX,75218,0,11780,6190,4260,1180,5970,21490,5910,130,60,70,1081400,11780,1101933,9540,733078,3790,6867,3250,21904,3050,15399,100,166,2820,61858,3030,77805,1370,23983,1970,45021,60,340,1758,1500,22035,1150,85205,4040,20533,450,113,230,5591,710,4158,260,1284,1120,1229,100,212,50,869,4280,97027,663163,140,1361,3560,7205,3830,25862,4220,34928,3240,27440,3540,19947,9890,851928,9770,184943,380,1534,180,168,3550,3633,1120,805,570,315,600,579,420,79,1320,1506,220,78,2390,10141,300,970,340,1095,720,175,11090,201608,1450,3257,1160,2704,1070,1465,550,464,140,81,9120,181325,9960,195628,600,1134,590,2069,3180,24505,7820,24317
TX,75219,0,15390,11230,2800,1110,7190,22420,4570,170,80,90,2637133,15390,2668337,13160,1257704,4500,62371,3960,161353,3740,132480,370,1357,3230,94067,3890,615141,1100,35802,1580,37764,70,450,2375,1270,24045,1740,252172,5360,31204,290,70,240,7770,790,4449,310,1370,1850,2286,210,541,150,1674,4820,300634,1953944,550,16723,3580,8692,3690,39885,4630,66255,3010,30324,3810,114025,13310,2191972,13220,564366,700,8750,170,121,3660,11012,1620,6651,170,89,790,779,470,74,690,630,120,65,2610,12526,270,695,300,818,830,210,14630,641168,1350,2554,1030,2120,1080,1616,560,476,120,53,12570,569313,13330,599276,980,3849,1230,27010,3970,55645,10420,69885
TX,75220,0,16080,7040,4870,4050,10700,39220,18990,690,540,150,1925721,16080,1943586,13880,916847,2210,37178,1840,116669,1760,93566,80,346,3450,65497,1720,403848,660,16381,990,19797,50,320,1479,820,13262,850,292095,3710,17865,130,31,120,4384,350,2711,100,522,510,507,80,174,70,1748,2550,146078,1468511,170,7057,2050,5812,1940,36062,2470,50013,1560,19215,1960,60981,10200,1551999,10150,440733,360,5515,160,123,5030,8593,800,3557,330,194,740,633,760,136,2960,2525,130,295,2850,9559,280,999,310,1140,2080,397,15370,528346,3890,11359,3480,9608,5930,9262,1010,855,110,40,7560,442375,10180,463580,510,3597,620,16649,2470,27001,13000,73454
TX,75223,0,5910,2640,1720,1510,3460,13500,6120,170,140,30,247615,5910,250941,5080,199901,570,440,400,1690,360,1030,0,0,1350,17389,380,5073,160,2348,430,6653,0,150,682,200,2099,160,11244,1510,3326,80,20,30,524,100,515,30,157,280,298,40,77,0,0,790,17218,97213,30,180,600,1140,590,3472,750,5572,540,4456,600,2464,3810,147048,3810,28218,60,106,60,29,1820,1562,130,14,170,101,350,289,400,76,1080,1010,60,25,1110,2679,150,579,150,608,920,172,5650,41913,1980,5675,1750,4754,1870,2711,410,324,70,25,2920,26620,4040,29770,100,110,90,103,880,3759,4900,15379
TX,75224,0,13750,6060,3610,3940,8460,31390,14620,360,270,100,434473,13750,438116,12130,371751,950,684,510,1197,450,816,0,0,2760,18910,410,2433,400,4909,1330,22197,20,460,1912,670,6015,120,4222,2790,3643,200,50,0,0,80,288,60,247,520,501,80,163,0,0,1510,26855,96767,40,105,1190,1727,960,2792,1400,4870,830,4310,1110,5406,8900,207800,8900,30792,30,56,130,75,4520,4142,80,4,530,332,1000,842,1100,194,2730,2638,150,65,2000,3762,290,969,300,1014,1860,375,13340,65817,5020,14464,4590,12537,4600,6821,1390,1205,130,58,6520,26464,8800,30920,20,13,30,35,1550,3321,12030,38074
TX,75225,0,10700,4910,5260,390,7750,21690,6850,20,0,20,5274709,10700,5340365,7060,2005865,7020,107602,7140,318982,6870,245740,400,4780,3020,175453,7020,1487211,2130,97132,1970,74769,160,120,608,2560,54499,3940,752028,4070,65656,120,29,630,22086,1360,13693,280,1971,250,312,70,188,390,5090,6570,484666,4767633,650,32516,5560,20830,5600,113395,6450,168474,3840,77146,5950,196645,9530,4725130,9220,1350318,2200,21438,40,49,4640,13402,3660,9744,360,226,310,377,110,18,270,341,100,131,2990,26777,60,192,80,238,150,123,9540,1515939,190,277,130,204,110,145,210,202,40,27,9020,1363621,9380,1435223,2620,12463,3390,54180,4050,103580,4120,104802
TX,75226,0,1740,1290,300,150,710,2620,610,0,0,0,90190,1740,91653,1610,77574,200,106,180,393,170,197,0,0,420,3638,170,1158,30,259,90,511,0,60,313,30,405,70,4880,680,1463,40,11,0,0,40,124,0,0,300,349,30,71,0,0,180,4307,21816,0,0,150,263,100,579,170,906,90,920,140,642,1410,66016,1410,12033,0,0,0,0,310,248,40,3,0,0,130,118,70,9,80,75,0,0,310,700,30,80,30,79,180,39,1670,14384,260,490,200,393,170,255,110,81,0,0,1330,11748,1470,12669,0,0,0,0,390,1552,1320,2838
TX,75227,0,23570,10130,6270,6950,14240,55030,26270,560,390,170,732631,23570,738795,20550,619680,1510,842,670,1696,560,1160,40,20,5290,35608,570,3476,710,8595,2270,41562,60,790,3439,1100,10799,150,2993,5120,6164,320,79,0,0,100,318,110,376,830,819,140,253,0,0,2780,50338,164810,80,305,2180,3169,1740,4295,2620,8469,1670,8659,2090,10219,14910,338957,14930,49410,30,58,240,130,7680,7091,100,4,820,518,1600,1371,1810,315,4750,4652,380,165,3810,6992,530,1906,550,1995,3390,666,22800,110677,8780,26202,7920,22512,8350,12383,2130,1861,240,129,10830,42314,15240,50743,20,21,0,0,2750,5722,20490,66613
TX,75228,0,29250,13530,7890,7530,16420,63990,27970,740,550,190,1050335,29250,1061755,25280,854825,3040,4102,2060,8226,1850,5398,60,49,6220,53196,1790,14170,1510,21051,3020,56372,60,980,4534,1810,19940,520,17041,6830,11420,550,135,50,561,320,1464,260,1025,1490,1499,210,433,0,0,3690,64765,280331,120,466,2830,4253,2750,9295,3530,14627,2440,13973,2720,11161,19400,574461,19370,91551,90,210,390,221,8950,8170,500,96,1070,623,1890,1545,1940,343,5240,5204,400,141,4680,9557,730,2443,770,2589,3710,710,28130,157629,9570,27546,8650,23912,8900,13113,2520,2144,320,156,15090,83117,19700,94729,100,97,110,229,4140,12320,24470,74401
TX,75229,0,15510,7020,6340,1990,9450,33420,12650,310,220,90,2400325,15510,2434486,12490,1331815,5030,25679,4670,102396,4420,80091,160,654,3740,136395,4460,332932,1750,43292,2010,50790,90,350,1842,1900,34017,2040,287092,4680,34161,300,78,330,10181,870,7264,270,1491,790,892,130,296,150,2547,5610,239773,1904641,270,6549,4690,13244,4980,57092,5520,77956,4020,44977,4800,76732,12050,1981681,11880,540714,970,6848,170,113,5300,8532,1860,3283,630,379,790,751,530,93,1990,2100,290,99,3200,16959,290,1082,310,1202,1230,298,14530,603315,2080,5373,1740,4355,2510,3761,800,651,130,71,10580,536545,12080,569473,1330,5356,1490,12829,4010,53303,10210,45710
TX,75230,0,13670,7000,5300,1160,8740,25360,7340,180,70,100,3890514,13670,3950194,10180,1547324,6410,63556,6120,165457,5850,125435,250,2473,3470,156556,6030,519278,2160,67102,2300,62267,110,280,1492,2490,48751,3150,553430,4660,59680,270,64,590,23024,1250,11833,330,2022,640,748,120,301,230,4336,6190,319605,3358499,440,21925,5300,17698,5450,84320,6080,125452,3970,60400,5550,100052,11350,3251931,11110,894243,1610,13311,150,115,4890,10043,2900,6357,430,249,660,639,350,62,810,837,180,127,3140,24581,260,719,300,825,660,173,12540,930492,1200,2445,950,2044,990,1430,640,548,130,59,10410,834194,11270,884790,2100,8132,2540,22365,4290,82563,7410,57961
TX,75231,0,16260,8100,4390,3640,9980,34440,14330,330,190,130,937317,16260,952452,14360,640044,2410,8662,2100,27379,1970,19056,80,216,3310,44502,1990,80556,870,15467,1290,26924,50,410,1763,980,16309,800,54937,3700,15135,210,48,140,4115,410,2723,160,880,800,927,120,283,50,748,2710,77787,485565,120,1589,2240,6733,1890,15144,2590,23895,1500,13439,2240,19764,10630,650775,10580,143475,280,1432,230,131,4740,4581,790,1283,470,275,1320,1140,740,116,1990,1566,140,51,2420,7877,420,1061,440,1212,1600,264,15660,189467,4900,13652,4420,12368,4780,7584,1770,1550,160,60,8400,140407,10380,152430,430,918,470,3780,2550,13922,13120,43338
TX,75232,0,13730,6430,2820,4270,7880,27800,11800,410,290,130,444536,13730,447749,11680,342756,1360,807,570,1217,490,710,0,0,2760,5058,420,2318,790,10111,2700,61821,70,600,2772,1470,14920,100,1699,2620,3213,310,79,0,0,50,127,80,232,630,664,100,243,0,0,2360,44479,139118,50,94,1870,2665,1550,3074,2240,6436,1360,6481,2050,14195,9140,222314,9170,32065,0,0,140,86,4060,3738,70,2,570,334,1080,992,950,157,2200,2150,200,83,1570,2557,260,917,270,983,1190,218,13340,63725,4810,13091,4410,11540,3820,5278,1490,1358,100,54,7140,28327,8950,31506,0,0,0,0,1740,3406,11780,35574
TX,75233,0,6040,2690,1580,1700,3600,13600,6210,170,130,40,215346,6040,217208,5250,172900,600,475,280,1078,240,693,0,0,1270,8029,240,1520,280,3185,830,17202,0,220,990,400,3957,60,812,1300,1862,130,34,0,0,40,161,40,155,280,272,30,71,0,0,920,16564,61193,0,0,730,1021,680,1853,890,3158,600,3132,720,4357,4070,113187,4080,17580,0,0,70,50,1960,1874,60,3,270,161,440,356,430,72,1190,1237,90,30,880,1701,130,469,150,516,690,148,5850,32213,2000,5753,1820,5009,1940,2859,560,452,50,16,3090,15705,4040,17925,0,0,0,0,800,1941,5150,16358
TX,75234,0,14620,7070,4990,2410,8090,29920,11150,480,190,290,826458,14620,836463,12210,579725,2710,5949,2130,20564,1980,14766,40,48,3000,41866,1900,35704,1410,26313,2050,37529,60,420,2144,1560,22997,660,39390,3720,10005,240,58,60,1314,350,1933,180,830,910,975,120,251,20,187,2920,68584,373210,70,395,2410,4201,2390,12465,2840,18818,1920,12856,2300,15210,10940,564364,10910,112644,170,640,220,166,4740,4675,670,328,530,286,1020,864,980,160,2410,2640,220,75,2360,6250,400,1408,440,1596,1560,337,13810,138956,3090,7888,2610,6528,2840,4123,1070,840,170,66,9250,108320,10920,117132,210,542,270,2262,2830,14178,11210,32020
TX,75235,0,8400,4980,1870,1440,3770,16360,6410,290,180,110,378384,8400,382094,7660,297185,940,1069,590,2635,530,2035,50,36,1350,10259,540,10820,210,2481,610,8218,0,230,1057,250,2314,180,1001,2070,3710,110,28,0,0,70,242,70,279,780,975,100,294,0,0,910,21097,98345,70,445,670,1057,530,2758,850,4342,460,3179,680,3795,6240,220564,6240,39101,40,159,80,35,2270,2027,170,50,180,94,610,561,490,78,1180,1091,40,13,990,2037,170,510,180,588,890,173,8140,56751,1890,4794,1650,4163,1900,2799,560,457,70,26,5210,36831,6130,39878,50,64,60,568,1170,3756,7080,18939
TX,75236,0,7240,3120,1630,2390,4280,15900,7350,170,130,40,249361,7240,251703,6620,219587,540,410,260,715,230,486,0,0,1520,4582,260,2824,190,2387,700,9755,20,320,1459,280,2726,100,3078,1510,2342,150,39,0,0,20,61,40,159,380,376,60,147,0,0,1120,21166,70808,30,72,830,1220,680,2580,1050,4110,640,4065,840,4715,4970,126852,4960,19182,0,0,60,38,2670,2689,60,11,430,246,690,616,650,110,1560,1635,60,26,950,2023,140,438,140,445,830,166,7040,36935,2740,7792,2480,6934,2330,3267,800,717,70,24,3650,16487,4720,19117,0,0,0,0,800,2318,6350,21175
TX,75237,0,7650,3410,770,3410,4330,15530,7370,190,150,40,194478,7650,195846,7180,179371,280,61,90,57,80,34,0,0,1450,6,70,250,130,1423,680,8965,0,410,1681,210,1733,20,892,1290,1368,130,32,0,0,0,0,30,70,350,321,50,114,0,0,870,15221,43508,0,0,660,883,470,1017,800,2197,440,2353,700,3929,4590,81322,4590,11003,0,0,60,25,2380,1987,0,0,450,246,670,568,610,87,1280,1045,40,17,770,1072,150,373,140,393,750,117,7550,34054,3970,11882,3770,10856,2890,3809,1140,1063,60,25,3180,9009,4300,10427,0,0,0,0,560,1082,7070,24852
TX,75238,0,13840,6010,5300,2410,7190,29700,11260,170,90,90,1098124,13840,1116017,11550,791710,3920,7587,3450,24867,3240,18090,90,148,3050,53766,3140,50542,1610,29377,2080,46790,70,400,2071,1660,26272,1100,60806,3850,17893,350,91,160,3909,590,4411,250,1376,950,1021,120,292,40,866,4600,112271,707756,140,811,3880,9156,4010,26163,4510,36626,3310,28223,3950,27803,10610,814539,10530,171015,410,1312,140,133,4880,4899,1190,323,890,507,920,931,580,97,2110,2231,260,90,2400,9072,260,788,290,921,940,181,13170,196649,2720,7393,2460,6651,2540,3819,1100,993,110,52,9150,166115,10360,178836,580,1018,560,1541,3090,19916,9980,32908
TX,75240,0,11010,5350,2980,2540,6610,24230,10680,200,130,80,738739,11010,749907,9630,481409,1680,9679,1380,29081,1290,20721,60,98,2360,31325,1350,88743,600,15335,920,15885,30,290,1457,680,11597,560,49475,2750,11168,120,29,80,1960,270,1941,100,535,700,786,100,222,30,666,1750,59398,394092,100,1560,1420,3243,1210,10823,1670,15883,950,9409,1410,16464,7500,531176,7460,124616,250,2408,110,61,3370,4325,510,770,300,178,740,641,510,88,1710,1498,100,39,1690,4879,230,682,240,739,1150,215,10500,148177,2360,6589,2090,5693,3280,5321,900,790,110,66,5960,121206,7350,129073,280,786,340,2498,1910,15238,8680,27261
TX,75241,0,13270,6190,1610,5320,7400,26570,12170,480,320,160,350745,13270,353171,11680,296530,750,211,280,169,240,113,0,0,2840,1215,200,403,530,6679,2050,35268,40,710,3340,860,7086,20,108,2360,2426,230,55,0,0,20,54,70,160,530,534,60,153,0,0,1780,31219,84551,30,52,1330,1715,930,1750,1640,4032,860,4214,1520,8785,7840,153328,7850,21144,0,0,110,65,3640,3137,0,0,590,347,990,865,990,159,1920,1678,140,46,1520,2221,230,607,230,649,1100,173,12970,57938,6180,18116,5770,16229,4300,5883,1730,1610,100,51,5880,18000,7880,20738,0,0,0,0,1140,2279,11970,39472
TX,75243,0,28780,14520,6600,7290,16230,56300,21950,470,230,240,1279536,28780,1299106,25290,970752,3780,5921,3030,23532,2820,17196,160,201,6410,60447,2850,44572,1510,32921,2710,49329,60,1100,5142,1820,30271,1030,51438,7130,19570,450,109,160,3929,520,3024,340,1511,1750,1841,310,679,50,546,4880,106278,566897,220,1333,3890,7826,3320,18326,4570,28180,2780,20255,3860,23141,19480,814820,19480,155395,310,1034,520,307,9100,7839,1030,497,1200,681,2980,2604,1650,261,3880,3376,300,108,4410,11062,980,2973,1060,3286,3090,540,27730,219029,9900,26353,8810,23258,7600,10595,4090,3673,430,162,15290,147710,19190,162091,420,594,490,1521,4540,19947,23440,73321
TX,75244,0,6800,3660,2380,630,3380,12070,3300,80,30,50,761496,6800,774322,5560,509715,2320,6319,2100,20015,2000,15221,70,105,1460,34502,2010,63803,870,21040,1100,26655,30,230,1185,980,16951,770,53876,2220,12826,160,42,130,3716,370,2631,160,826,660,779,80,179,40,313,2400,69484,482774,120,1296,2010,4792,2000,15411,2340,21881,1640,16365,2050,13445,5810,619976,5750,144683,360,1577,60,57,2090,2590,760,958,320,165,450,463,220,38,570,636,100,29,1190,5688,110,385,130,410,320,98,6380,152591,610,1240,470,1014,400,519,400,333,50,19,5430,142226,5800,151368,470,1108,470,1765,2040,17109,4230,12959
TX,75246,0,1070,620,210,210,560,1960,720,0,0,0,43936,1070,44624,950,35986,90,22,80,117,70,75,0,0,230,1627,60,774,20,138,80,1146,0,30,118,30,282,40,1718,270,688,0,0,0,0,0,0,0,0,90,112,0,0,0,0,150,3019,17841,0,0,100,192,100,528,130,922,100,969,100,421,750,27939,750,5141,0,0,0,0,250,159,0,0,0,0,60,53,70,10,100,76,0,0,160,431,20,65,20,70,120,21,1020,6826,280,710,250,594,240,333,60,45,0,0,650,4983,770,5514,0,0,0,0,150,624,910,2322
TX,75247,0,520,300,90,120,310,890,300,0,0,0,31598,520,31984,440,17282,40,82,40,190,30,130,0,0,120,2143,30,520,0,0,40,357,0,0,0,30,308,30,3378,120,386,0,0,0,0,0,0,0,0,0,0,0,0,0,0,70,1918,10038,0,0,50,88,40,324,60,472,30,339,40,237,340,18236,340,5668,0,0,0,0,110,75,0,0,0,0,30,21,30,5,40,34,0,0,90,294,0,0,0,0,50,10,490,4602,190,405,160,358,90,113,40,30,0,0,300,5527,350,6110,0,0,0,0,90,623,410,1088
TX,75248,0,17880,8730,7170,1710,9090,33270,9320,200,60,140,2485758,17880,2522432,14300,1300798,6880,29759,6300,84845,5950,61958,200,734,4230,103948,5990,364090,2770,74701,3240,78387,110,610,3273,3250,61830,2380,212883,5720,36674,480,118,370,9264,1110,7384,460,2615,1330,1424,190,459,140,4212,6910,225870,1772024,310,5640,5890,14804,6030,48209,6800,74661,4700,41990,6050,54326,15060,2067073,14870,512448,940,4793,200,203,6070,7123,2400,2559,910,522,1100,1138,630,112,1760,2030,380,144,3340,15429,350,1183,410,1329,800,197,16710,531249,1690,3307,1380,2762,1140,1498,1070,922,180,108,14010,510562,14940,536805,1180,2837,1430,7348,5260,47412,11040,39967
TX,75249,0,6870,2950,1960,1820,3450,14670,6250,130,80,50,299172,6870,301799,6330,265184,710,327,400,540,350,322,0,0,1420,2339,340,1585,300,3606,1020,18535,0,350,1691,400,4966,90,650,1710,2627,240,66,0,0,40,124,80,302,630,644,80,203,0,0,1980,37166,132891,40,106,1490,2338,1600,5215,1910,8098,1590,9580,1620,8487,5200,171883,5210,25843,0,0,70,49,2610,3074,70,7,500,295,730,707,540,94,1550,1852,120,50,800,1615,140,430,140,491,540,122,6730,41309,1940,5201,1730,4576,1550,2124,820,706,50,16,4200,22670,4930,24859,0,0,0,0,930,2290,5870,18677
TX,75251,0,1630,1130,310,150,670,2300,420,0,0,0,153787,1630,155559,1350,83523,380,2530,340,6541,310,4085,0,0,250,1534,310,7471,160,4166,250,5673,0,50,221,190,2892,90,8361,550,1772,50,13,0,0,30,196,20,65,290,366,30,50,0,0,260,18072,83516,30,347,190,366,110,1661,230,2417,70,777,210,7524,1420,117745,1390,28079,30,143,0,0,440,446,130,51,40,19,160,149,60,7,110,117,0,0,170,526,0,0,0,0,90,21,1530,35702,150,295,120,254,70,87,120,112,0,0,1340,27786,1380,29275,20,48,60,985,370,1972,1160,3697
TX,75252,0,12350,6560,4410,1170,6090,21910,5780,120,30,80,1204841,12350,1226280,10180,778999,4200,10562,3720,38787,3510,27866,140,255,2590,65812,3610,83535,1560,42251,1870,46400,50,390,2187,1800,33251,1370,99216,3770,21439,250,61,210,5055,640,4300,350,1898,880,991,240,602,70,1146,4260,114067,790817,200,2198,3570,8283,3570,28581,4160,39674,2860,24810,3640,26052,10190,958038,10070,216709,540,1916,160,137,3910,5258,1390,2092,480,283,950,950,480,77,1130,1185,220,72,2040,8941,330,1090,370,1184,700,173,11650,237879,1430,2638,1120,2172,920,1315,920,793,160,101,9330,211965,10090,225726,700,1300,760,3268,3320,24099,8170,25598
TX,75253,0,7140,2600,2410,2050,4380,19020,9770,70,70,0,211723,7140,213526,6210,185007,320,182,110,186,100,127,0,0,1740,13810,100,399,120,1372,490,6608,30,190,906,240,2163,30,360,1640,1803,70,18,0,0,20,45,0,0,200,190,40,71,0,0,730,13292,37146,0,0,560,777,370,844,680,1818,360,1856,430,1997,4260,84537,4260,11378,0,0,60,26,2410,2418,0,0,260,162,330,286,450,77,1760,1820,110,43,1330,2466,130,490,140,520,1110,227,6900,31181,2600,7852,2350,6654,3090,4945,480,414,60,16,2870,8960,4440,11820,0,0,0,0,830,1450,6230,21040
TX,75254,0,12270,7010,2950,2130,6270,22700,7940,170,100,80,985856,12270,999164,10890,611706,2110,11485,1780,27387,1680,19631,120,417,2440,33585,1730,86540,640,18787,980,19077,30,410,2105,730,13359,750,146060,3420,13308,180,44,90,2568,310,2469,150,662,1190,1399,160,387,40,620,2270,81444,514982,150,2789,1790,4311,1510,14875,2160,22504,1180,12558,1860,22882,9600,756253,9520,185709,340,1941,150,84,3790,4567,700,578,400,235,1100,1060,640,102,1530,1396,80,28,1680,5438,260,629,290,722,1130,240,11780,207973,2370,5599,2020,4899,2300,3368,1130,1013,110,58,8140,181447,9280,192248,410,1067,500,3669,2310,17846,9460,31662
TX,75287,0,28880,17140,5980,5300,12110,48340,14520,320,120,200,1850174,28880,1879496,26550,1397166,4510,11247,3620,32092,3390,22735,210,275,5470,62065,3510,107423,1280,24600,2780,41640,50,1390,6809,1340,21492,1290,154533,8080,29322,560,132,200,6666,640,4473,470,2155,3410,3795,370,862,50,569,5580,144583,911178,280,2117,4310,9214,3810,29021,5270,51000,3320,27481,4600,33853,23880,1377072,23820,295969,550,2349,370,253,9430,9800,1270,1439,1580,874,3020,2924,2080,302,3660,3517,300,132,3300,11244,660,1705,730,1939,2280,461,27990,352097,5830,12781,5040,11308,4070,5250,2970,2628,280,130,20800,286928,22850,304602,740,1694,790,3942,5330,29759,22760,61997
TX,75401,0,7190,2970,2210,1920,3590,15880,6820,140,0,140,241440,7190,243201,6340,200070,740,467,400,957,350,636,20,10,1090,7369,340,2336,340,4179,960,17351,230,240,1130,550,5629,90,2411,1270,1761,110,28,0,0,40,154,40,153,300,309,40,69,0,0,710,14660,52254,20,52,580,862,490,1414,680,2554,400,2165,510,3076,4640,124252,4650,18527,0,0,60,39,2120,1967,60,4,210,108,390,339,540,87,1340,1364,60,18,820,1375,130,477,140,509,770,146,6980,35548,2450,6741,2220,5995,2210,3270,440,353,60,21,3610,16558,4510,18452,0,0,0,0,750,1616,6300,18799
TX,75402,0,7390,3050,3370,880,3390,14870,4530,160,0,160,455350,7390,460041,5990,320141,2060,2446,1360,5716,1200,3896,40,23,1230,15333,1220,9142,980,16242,1930,46189,320,220,1189,1340,18853,270,10811,1950,4691,320,87,30,497,180,895,110,489,590,593,110,205,0,0,1720,36152,193557,40,102,1440,2611,1480,6106,1690,9069,1110,6802,1410,11257,5910,317470,5890,57265,40,90,50,41,2320,2930,330,195,330,188,510,515,400,67,1310,1742,120,30,960,2490,110,432,120,449,440,99,7080,66147,1260,2885,1070,2475,890,1157,470,389,50,39,5350,54055,5870,57319,70,115,100,138,1540,6946,5580,15001
TX,75407,0,6930,2720,2930,1160,2970,15500,5990,70,0,70,330125,6930,333621,6090,270264,920,1625,480,965,410,641,30,25,1430,11692,450,2501,360,5847,990,17155,170,250,1157,590,6847,140,9870,1770,3496,180,48,0,0,120,559,60,180,500,462,60,104,0,0,1320,25149,114527,40,132,970,1737,1130,3982,1290,6020,1070,7084,900,3935,5210,203894,5210,33127,30,57,90,58,2250,2744,60,4,330,194,430,378,420,65,1580,2007,90,29,1060,2366,160,519,180,564,660,153,6670,45159,1550,3972,1330,3368,1440,2176,430,331,70,29,4470,30366,5210,33434,30,27,40,131,1150,4601,5630,16077
TX,75409,0,6150,2300,2830,900,2310,14220,5640,30,0,30,347550,6150,350988,5530,291047,1010,909,560,1168,510,722,40,25,1170,9601,520,5634,380,5522,970,17340,150,260,1245,540,6559,190,6827,1690,3438,240,61,0,0,110,497,90,340,650,673,60,110,0,0,1720,34882,152592,70,264,1220,2217,1510,5477,1660,8234,1460,9821,1180,5424,4940,223540,4940,36701,30,120,60,29,2450,3412,100,10,430,256,490,464,390,59,1720,2457,90,48,830,1918,100,291,120,319,420,104,5920,47591,1140,2880,990,2491,1060,1582,440,335,40,17,4280,33274,4750,35916,50,64,50,115,1000,3856,5000,15118
TX,75410,0,1790,670,910,200,1000,3800,1190,0,0,0,89043,1790,89992,1350,58879,550,671,260,915,230,684,0,0,390,4054,250,2255,230,3911,450,10970,170,60,316,360,4359,50,1497,450,949,50,13,0,0,50,196,20,123,70,65,0,0,0,0,350,8155,32549,0,0,290,515,280,834,350,1487,210,1386,230,1315,1290,55516,1290,9065,0,0,0,0,480,542,50,3,30,13,70,67,110,20,300,395,0,0,300,679,30,124,40,119,160,40,1680,11900,400,919,310,762,260,359,70,62,0,0,1150,8349,1340,9185,0,0,20,20,380,1400,1330,3862
TX,75411,0,400,130,210,50,240,830,250,0,0,0,18853,400,19017,320,13519,80,29,30,37,30,24,0,0,80,654,30,297,30,256,90,1837,70,20,92,60,627,0,0,90,164,0,0,0,0,0,0,0,0,0,0,0,0,0,0,50,1176,4896,0,0,40,56,30,47,50,141,20,117,40,149,290,11668,290,1866,0,0,0,0,90,93,0,0,0,0,0,0,0,0,60,66,0,0,70,154,0,0,0,0,40,10,360,2439,100,254,90,204,60,70,0,0,0,0,250,1773,300,2012,0,0,0,0,80,355,300,835
TX,75412,0,260,100,120,30,180,550,160,0,0,0,11934,260,12030,210,7532,80,43,30,26,30,17,0,0,60,615,30,234,0,0,60,1079,70,0,0,40,369,0,0,60,96,0,0,0,0,0,0,0,0,0,0,0,0,0,0,40,747,3213,0,0,30,34,20,25,30,80,0,0,0,0,180,7021,180,1062,0,0,0,0,70,65,0,0,0,0,0,0,0,0,50,49,0,0,60,102,0,0,0,0,20,5,230,1509,70,150,60,129,40,45,0,0,0,0,160,993,200,1140,0,0,0,0,50,164,200,588
TX,75414,0,1300,490,650,160,670,2810,930,0,0,0,73961,1300,74591,1100,57853,340,229,190,544,180,353,0,0,230,1903,190,1885,110,1661,300,5094,160,30,122,190,2376,40,1142,300,630,50,13,0,0,20,102,0,0,80,59,0,0,0,0,270,6736,29104,0,0,230,424,240,834,260,1355,200,1333,200,1124,1020,48126,1020,7759,0,0,0,0,450,538,50,2,50,24,80,92,100,19,280,379,0,0,150,332,0,0,0,0,60,12,1270,10035,240,596,220,526,170,205,80,61,0,0,940,7160,1010,7636,0,0,0,0,240,715,1030,3128
TX,75416,0,1240,430,640,160,740,2690,910,0,0,0,58442,1240,59098,1030,44754,300,240,90,231,70,151,0,0,280,2897,130,605,90,1057,270,5216,190,50,190,190,1976,40,865,360,656,60,16,0,0,30,97,0,0,50,51,0,0,0,0,180,3844,15276,0,0,130,220,120,252,180,547,90,450,100,638,950,35635,940,5533,0,0,0,0,390,463,0,0,40,20,70,72,80,16,250,333,20,6,230,513,0,0,0,0,120,30,1180,8005,280,773,250,628,200,264,60,59,0,0,830,5069,980,5707,0,0,0,0,210,737,1000,2979
TX,75417,0,950,340,460,150,610,1990,650,0,0,0,44972,950,45577,770,34029,250,157,100,286,100,202,0,0,180,2029,110,528,80,1244,180,3806,140,50,187,130,1501,40,764,260,605,30,8,0,0,20,100,0,0,30,30,0,0,0,0,160,3113,12814,0,0,120,197,110,266,150,528,90,454,100,528,700,27766,700,4274,0,0,0,0,290,335,0,0,20,10,60,55,50,9,170,229,0,0,180,415,0,0,0,0,110,24,890,6062,250,583,200,484,140,186,60,50,0,0,620,3819,730,4331,0,0,0,0,160,553,750,2386
TX,75418,0,4710,1940,1970,720,2450,9770,3290,60,0,60,221140,4710,223789,3870,154135,1140,1538,520,3022,470,2192,0,0,770,8297,540,5922,450,6723,1030,22908,330,180,723,770,8875,160,5769,990,2649,120,33,0,0,130,696,70,352,200,194,0,0,0,0,710,19380,75364,40,119,560,967,570,1841,700,3069,390,2561,520,3764,3540,135519,3520,21825,20,46,40,53,1410,1433,130,13,150,83,220,199,380,61,830,989,40,11,590,1525,70,211,80,274,450,98,4470,31022,1090,2523,950,2243,820,1146,210,166,30,7,3060,20302,3480,22342,20,23,40,166,770,2810,3740,10650
TX,75420,0,490,190,250,60,280,990,280,0,0,0,23481,490,23714,400,18639,140,72,160,50,140,33,0,0,100,770,60,157,30,221,110,2539,100,0,0,80,747,0,0,130,233,0,0,0,0,0,0,0,0,0,0,0,0,0,0,80,1545,7697,0,0,70,110,70,174,80,327,50,314,60,298,370,14766,370,2250,0,0,0,0,120,136,0,0,0,0,0,0,40,8,80,100,0,0,80,139,0,0,0,0,40,9,450,3212,90,229,70,191,70,93,0,0,0,0,330,2114,380,2308,0,0,0,0,100,213,360,1105
TX,75421,0,430,160,200,70,290,920,300,0,0,0,18259,430,18404,340,14384,90,20,20,25,20,22,0,0,90,204,30,118,0,0,90,2114,80,20,92,60,607,0,0,110,145,0,0,0,0,0,0,0,0,0,0,0,0,0,0,40,918,3060,0,0,30,45,30,40,40,101,0,0,20,148,310,10835,300,1631,0,0,0,0,120,146,0,0,0,0,0,0,0,0,90,108,0,0,70,118,0,0,0,0,50,14,400,2494,110,257,90,225,70,98,0,0,0,0,260,1485,320,1712,0,0,0,0,60,235,330,1068
TX,75422,0,1180,450,580,130,660,2470,800,0,0,0,63789,1180,64366,930,44151,330,336,200,638,190,439,0,0,240,1995,150,1252,140,2025,320,7416,190,40,248,210,2858,40,2753,300,577,40,12,0,0,20,74,0,0,50,38,0,0,0,0,250,4916,24111,0,0,200,340,200,744,240,1150,150,1089,190,1103,870,42269,860,6867,0,0,0,0,340,389,40,2,30,17,90,86,70,13,190,251,0,0,210,516,0,0,0,0,110,29,1110,8388,220,564,190,448,170,239,80,67,0,0,770,6431,900,7078,0,0,0,0,240,1208,900,2440
TX,75423,0,1110,390,560,140,540,2390,780,0,0,0,59323,1110,59781,920,46068,230,112,150,378,120,238,0,0,210,1965,110,345,110,2185,250,5123,160,50,258,180,2016,30,574,260,458,30,9,0,0,20,61,0,0,60,61,0,0,0,0,200,4340,20440,0,0,160,312,170,544,190,885,140,836,160,970,860,38499,840,6228,0,0,0,0,340,413,0,0,40,23,60,68,80,15,200,279,0,0,170,351,0,0,0,0,90,21,1050,8156,210,532,190,449,150,193,70,51,0,0,760,5781,850,6239,0,0,0,0,170,578,900,2577
TX,75424,0,1490,570,700,190,730,3170,1090,0,0,0,83003,1490,83924,1250,65081,350,415,160,422,130,277,0,0,330,3475,170,2311,130,2230,250,5260,200,60,242,190,2234,40,1041,380,921,30,8,0,0,40,197,0,0,80,79,0,0,0,0,330,7516,33286,0,0,280,501,280,914,330,1497,240,1834,250,1518,1130,54471,1140,9149,0,0,0,0,460,523,20,0,70,36,80,77,80,15,300,373,0,0,260,600,30,87,30,91,120,29,1400,11968,270,714,240,604,240,329,80,62,0,0,1000,8588,1130,9419,0,0,0,0,290,943,1130,3466
TX,75426,0,2090,860,710,500,1350,4060,1340,0,0,0,86732,2090,87720,1710,53811,690,496,180,1329,170,931,0,0,370,2014,230,2338,170,2333,460,9088,260,100,407,320,3114,70,4779,380,988,0,0,0,0,60,274,30,159,30,25,0,0,0,0,200,5288,16138,0,0,160,270,150,291,190,592,90,383,160,720,1400,52742,1400,10257,0,0,0,0,510,434,40,17,0,0,70,60,160,30,310,271,0,0,290,554,40,170,50,167,180,30,1970,13687,730,1870,650,1671,470,566,90,69,20,7,1190,9744,1430,10513,0,0,0,0,330,2094,1680,4917
TX,75428,0,3370,1580,1130,630,1620,6570,2280,20,0,20,135346,3370,136910,2960,98869,610,588,350,1395,310,961,0,0,500,4030,320,3697,240,3666,590,15036,210,160,752,380,4878,60,1813,790,1564,130,34,0,0,60,260,30,84,240,248,100,274,0,0,370,7738,34358,0,0,300,492,280,1035,330,1622,210,1170,270,1812,2210,82998,2210,13180,0,0,0,0,940,933,70,3,90,47,310,233,170,24,480,572,30,9,390,807,60,248,60,245,220,42,3280,19666,970,2355,890,2099,650,884,390,321,30,11,1890,12247,2170,13350,0,0,0,0,450,1414,2830,7473
TX,75431,0,810,280,380,130,480,1840,700,0,0,0,32272,810,32620,670,23442,150,80,70,114,50,91,0,0,150,1391,80,444,50,990,150,2921,120,20,133,100,1161,20,413,170,348,20,5,0,0,0,0,0,0,0,0,0,0,0,0,80,1758,7346,0,0,80,115,60,150,80,303,50,295,60,370,550,18105,540,2704,0,0,0,0,250,258,0,0,0,0,30,24,60,12,170,200,0,0,130,284,0,0,0,0,90,19,750,4047,220,541,180,460,180,275,20,18,0,0,450,2445,560,2881,0,0,0,0,140,567,630,1854
TX,75432,0,1240,450,580,200,680,2720,930,0,0,0,60634,1240,61182,1030,44100,340,237,310,267,270,157,0,0,250,1657,140,642,110,1503,300,7387,220,70,556,230,2241,30,300,330,548,70,19,0,0,40,136,0,0,70,65,0,0,0,0,210,5054,19440,0,0,160,277,170,551,210,878,130,735,150,802,890,37520,880,6096,0,0,0,0,360,425,0,0,30,19,70,73,70,13,240,308,0,0,200,320,0,0,0,0,100,21,1180,7959,310,801,280,720,210,290,70,67,0,0,790,5586,930,6040,0,0,0,0,200,817,1000,3076
TX,75433,0,1080,430,500,150,600,2260,720,0,0,0,51317,1080,51870,860,38486,280,264,430,371,400,222,0,0,220,1815,110,710,90,1318,260,5926,180,40,202,170,2266,0,0,260,553,40,11,0,0,20,112,0,0,50,49,0,0,0,0,190,3617,13733,0,0,140,213,140,387,190,662,110,631,120,668,810,32195,810,4808,0,0,0,0,310,334,0,0,30,15,60,55,60,10,200,247,0,0,170,375,0,0,0,0,90,23,1020,6808,250,608,210,509,160,212,60,48,0,0,720,4474,820,4944,0,0,0,0,200,612,840,2424
TX,75435,0,410,140,180,70,270,840,270,0,0,0,15357,410,15469,330,11572,90,56,30,40,30,35,0,0,60,149,40,219,20,153,90,1360,70,0,0,70,544,0,0,100,112,0,0,0,0,0,0,0,0,0,0,0,0,0,0,40,848,2666,0,0,30,40,20,34,30,100,0,0,0,0,270,8463,270,1181,0,0,0,0,110,112,0,0,0,0,0,0,30,5,80,88,0,0,60,95,0,0,0,0,50,10,380,1963,120,274,110,240,70,92,0,0,0,0,230,1071,280,1226,0,0,0,0,50,161,330,977
TX,75436,0,850,320,370,140,500,1760,600,0,0,0,36106,850,36555,660,27414,230,105,80,101,60,59,0,0,180,1503,90,767,50,440,190,3058,160,50,179,110,1133,20,138,230,449,30,8,0,0,20,71,0,0,30,10,0,0,0,0,130,2720,10318,0,0,90,168,80,175,120,420,50,317,80,484,610,21042,610,2949,0,0,0,0,240,288,0,0,30,14,50,46,40,8,150,209,0,0,170,391,0,0,0,0,80,20,780,4573,220,539,190,457,140,176,40,32,0,0,550,2649,650,3100,0,0,0,0,150,521,670,1959
TX,75437,0,480,170,260,50,270,990,290,0,0,0,24475,480,24607,400,18870,140,71,50,88,50,52,0,0,90,581,50,383,50,839,100,1966,130,0,0,80,1008,0,0,120,132,20,6,0,0,0,0,0,0,20,12,0,0,0,0,80,1512,6522,0,0,70,86,60,176,80,286,50,298,50,269,380,15649,380,2341,0,0,0,0,150,166,0,0,0,0,20,18,30,5,90,126,0,0,70,99,0,0,0,0,30,9,450,3256,70,171,60,148,50,71,20,13,0,0,350,2174,380,2358,0,0,0,0,80,186,360,1071
TX,75438,0,450,160,230,50,260,950,300,0,0,0,22940,450,23176,370,16873,120,49,50,160,50,110,0,0,90,589,50,80,50,399,130,2322,70,0,0,70,877,0,0,120,236,20,6,0,0,0,0,0,0,20,19,0,0,0,0,70,1585,7346,0,0,60,98,70,208,70,332,50,335,60,433,370,14687,360,2215,0,0,0,0,150,187,0,0,0,0,20,16,30,7,100,143,0,0,70,165,0,0,0,0,20,5,430,3036,80,191,60,166,60,63,0,0,0,0,320,2029,350,2282,0,0,0,0,90,256,340,982
TX,75439,0,420,160,170,60,170,810,240,0,0,0,18276,420,18397,340,13845,90,30,30,29,30,21,0,0,50,212,30,79,20,179,80,1362,30,0,0,50,389,0,0,90,121,0,0,0,0,0,0,0,0,20,16,0,0,0,0,50,1072,4246,0,0,40,46,40,98,50,154,20,89,20,103,310,10989,310,1604,0,0,0,0,130,138,0,0,0,0,30,19,40,6,70,97,0,0,40,41,0,0,0,0,30,4,380,2267,100,202,80,175,60,68,20,11,0,0,260,1461,300,1595,0,0,0,0,50,97,340,883
TX,75440,0,2590,940,1300,320,1470,5300,1550,0,0,0,146194,2590,147845,1910,85345,740,1089,370,1494,330,1032,0,0,560,7006,360,3856,350,7777,720,19533,280,70,376,560,7185,110,3840,670,1651,80,19,0,0,60,306,30,190,100,102,0,0,0,0,530,10952,57727,30,83,430,808,440,1657,520,2625,350,2550,370,1947,1930,97660,1920,17276,20,62,30,25,680,695,90,6,70,29,130,127,150,28,400,474,20,7,440,1035,60,170,70,195,250,60,2410,21031,550,1359,470,1137,370,482,130,104,0,0,1740,16579,2010,18128,20,15,40,58,540,2320,1910,5669
TX,75442,0,3870,1500,1810,510,1930,8350,2940,0,0,0,218391,3870,220885,3270,163157,850,1160,460,1909,430,1185,0,0,820,8127,460,4167,320,6073,720,16106,310,100,412,490,6318,170,4941,1010,2494,110,30,0,0,110,563,40,223,250,250,30,39,0,0,770,17075,90129,0,0,650,1236,680,2298,760,3726,580,4354,590,3029,2940,145571,2940,22897,0,0,30,18,1230,1448,110,21,110,68,240,232,200,33,800,1010,60,22,610,1434,60,219,90,251,310,84,3700,29134,750,1830,630,1523,620,877,270,187,30,10,2620,21178,2970,23056,40,39,40,89,680,2741,3050,8478
TX,75446,0,1260,410,630,210,780,2970,1140,0,0,0,59273,1260,60100,1000,42214,330,382,130,274,110,150,0,0,280,1676,120,1042,100,1533,290,6381,200,50,271,170,1915,40,4003,310,827,40,11,0,0,30,86,0,0,40,30,0,0,0,0,190,4047,16988,0,0,160,264,130,470,190,809,110,657,120,721,910,35400,910,5914,0,0,0,0,420,478,0,0,30,17,70,62,80,17,300,327,0,0,200,476,0,0,0,0,160,32,1180,8741,310,762,250,628,280,423,70,57,0,0,730,5437,890,6032,0,0,0,0,230,711,990,3149
TX,75447,0,430,150,230,40,260,900,270,0,0,0,21801,430,22002,350,16004,120,61,50,106,40,59,0,0,90,561,60,646,40,385,110,2563,90,0,0,70,902,0,0,110,201,0,0,0,0,0,0,0,0,0,0,0,0,0,0,70,1739,6701,0,0,50,90,60,176,60,288,40,295,40,226,330,13800,310,2115,0,0,0,0,120,139,0,0,0,0,0,0,40,5,80,104,0,0,70,152,0,0,0,0,30,6,410,2776,90,183,70,145,50,58,0,0,0,0,290,1887,340,2133,0,0,0,0,90,285,340,937
TX,75448,0,250,80,140,30,120,520,160,0,0,0,11528,250,11596,210,8567,60,17,20,3,0,0,0,0,50,163,30,17,0,0,80,1809,50,0,0,50,579,0,0,70,68,0,0,0,0,0,0,0,0,0,0,0,0,0,0,40,664,2528,0,0,30,45,30,63,40,139,0,0,0,0,190,6978,190,1016,0,0,0,0,70,81,0,0,0,0,0,0,0,0,50,59,0,0,40,36,0,0,0,0,0,0,240,1518,60,131,50,116,40,48,0,0,0,0,170,934,190,1012,0,0,0,0,40,76,210,589
TX,75449,0,400,150,160,80,210,860,320,0,0,0,14452,400,14592,310,11029,80,29,30,29,30,11,0,0,70,303,30,57,20,252,90,1701,60,0,0,60,632,0,0,80,140,0,0,0,0,0,0,0,0,0,0,0,0,0,0,50,939,3636,0,0,40,60,30,72,50,166,30,123,30,126,260,7842,260,1115,0,0,0,0,120,104,0,0,0,0,0,0,40,8,70,70,0,0,50,80,0,0,0,0,20,3,370,1981,140,352,120,315,80,119,0,0,0,0,220,1011,260,1139,0,0,0,0,70,138,320,962
TX,75450,0,100,30,50,0,60,200,40,0,0,0,4272,100,4299,80,3429,30,2,0,0,0,0,0,0,0,0,0,0,0,0,0,0,50,0,0,0,0,0,0,20,27,0,0,0,0,0,0,0,0,0,0,0,0,0,0,0,0,0,0,0,0,0,0,0,0,0,0,0,0,0,70,2425,70,288,0,0,0,0,30,27,0,0,0,0,0,0,0,0,0,0,0,0,0,0,0,0,0,0,0,0,100,525,0,0,0,0,0,0,0,0,0,0,70,256,80,306,0,0,0,0,0,0,80,231
TX,75451,0,500,180,240,80,290,1040,310,0,0,0,30331,500,30516,390,15478,130,247,40,561,40,410,0,0,90,618,60,451,50,815,130,2892,60,30,94,90,1185,0,0,110,185,0,0,0,0,0,0,0,0,0,0,0,0,0,0,90,2619,12576,0,0,70,109,60,192,90,370,50,359,60,380,350,20067,350,4459,0,0,0,0,130,126,0,0,0,0,0,0,40,8,70,75,0,0,80,155,0,0,0,0,50,10,460,5953,130,345,110,291,90,115,0,0,0,0,310,4327,370,4764,0,0,0,0,90,248,380,1152
TX,75452,0,1830,700,870,240,880,3970,1360,0,0,0,103665,1830,104801,1540,75566,400,400,240,788,200,509,0,0,390,2452,220,2547,180,2977,340,6476,190,60,311,230,2893,60,3262,470,1136,50,12,0,0,40,139,0,0,110,104,0,0,0,0,390,8508,37636,0,0,330,638,320,1103,360,1826,260,1761,290,1834,1380,69394,1380,12399,0,0,0,0,570,709,50,3,80,47,120,106,90,13,340,485,30,9,280,647,30,96,40,101,140,34,1730,16707,410,1018,340,864,280,379,110,82,0,0,1250,11659,1410,12731,0,0,0,0,360,1199,1410,4320
TX,75453,0,1370,520,630,200,800,2930,1010,0,0,0,64261,1370,64839,1110,49279,270,157,430,264,380,158,0,0,300,2072,150,641,110,1620,290,5553,220,50,330,180,1874,30,1536,370,578,40,11,0,0,30,125,0,0,80,74,0,0,0,0,240,4682,18809,0,0,190,309,190,603,230,993,170,1023,150,653,980,40041,980,6492,0,0,0,0,400,477,0,0,40,23,80,81,90,19,260,345,0,0,250,399,20,95,30,91,130,31,1280,9175,330,804,260,638,220,290,80,68,0,0,880,5997,1050,6558,0,0,0,0,220,824,1090,3232
TX,75454,0,3580,1260,1910,410,1460,8600,3410,20,0,20,282297,3580,285752,3170,219159,840,926,540,1928,510,1240,40,42,810,10223,540,8685,290,5554,600,12651,80,130,687,370,5756,220,13221,1190,3455,200,54,0,0,120,789,60,261,420,458,50,75,0,0,1470,33215,177158,50,223,1140,2420,1340,6965,1440,9765,1270,10026,1170,6054,3000,200244,2980,37819,70,161,30,21,1460,2324,130,38,350,209,320,311,140,24,1000,1531,60,15,610,1737,60,189,70,199,200,49,3430,43394,430,1020,360,834,390,550,270,214,30,18,2750,35390,2970,37830,80,125,80,241,800,3764,2690,8516
TX,75455,0,10940,4090,4250,2480,6070,25590,10990,0,0,0,493840,10940,498939,9740,364455,1810,2723,910,3546,820,2413,50,39,1510,18023,890,12694,660,10515,1470,30232,500,340,1481,1030,12385,350,15821,1980,5099,340,91,20,467,200,1251,90,519,390,363,50,87,0,0,1280,31319,167181,60,284,1030,1885,1010,3562,1220,5863,790,5646,970,7536,7660,294474,7630,52115,70,238,60,38,3820,4073,220,400,350,202,660,529,910,138,2540,2710,100,39,1190,3028,110,349,130,385,1060,211,10580,71971,3290,9267,3030,8501,3260,4791,690,502,50,17,5900,48560,6960,52514,60,145,100,260,1320,5729,9270,29028
TX,75457,0,2680,1010,1210,420,1410,5610,1870,0,0,0,137155,2680,139238,2170,88967,740,908,390,2134,340,1587,0,0,510,7868,380,5319,290,5541,540,12195,230,90,375,400,5588,140,7860,700,2083,90,25,0,0,70,379,20,122,150,138,0,0,0,0,470,11364,50623,30,92,360,635,390,1385,440,2206,280,2122,360,2297,1960,87911,1940,15014,0,0,20,23,820,844,100,9,80,50,150,138,190,35,460,583,30,8,440,1243,50,124,50,156,250,56,2530,19368,660,1657,560,1434,480,662,150,118,0,0,1700,14112,1970,15571,0,0,30,48,550,2528,2010,5930
TX,75459,0,1850,680,890,250,860,4030,1420,0,0,0,105662,1850,106734,1610,81590,450,832,240,662,200,386,0,0,320,2921,210,1247,200,2787,360,5747,140,50,236,270,3069,60,4365,430,1072,60,16,0,0,40,290,0,0,110,117,0,0,0,0,370,7533,38175,0,0,310,593,330,1179,370,1852,250,1741,280,1510,1460,70797,1460,12159,0,0,0,0,640,750,40,2,100,56,140,129,120,21,410,520,40,9,230,550,20,80,20,89,140,27,1770,15205,370,892,310,758,270,381,130,103,0,0,1280,11341,1430,12168,0,0,20,15,290,1483,1450,4055
TX,75460,0,9110,3970,2650,2380,5110,18290,6910,200,200,0,322351,9110,325700,7830,241934,1440,2250,620,3079,570,2331,60,19,1590,7510,570,8072,600,6726,1560,28507,240,470,1553,990,10548,180,8347,1630,3349,200,52,0,0,140,636,60,251,340,334,80,148,0,0,950,21899,77868,50,108,750,1182,670,1732,910,3146,470,2390,710,4687,5840,178038,5820,27746,30,152,70,37,2290,2118,130,21,230,125,450,386,550,81,1340,1435,80,19,1030,2389,120,324,130,369,1110,215,8760,49271,3300,9117,3010,8278,2330,3134,650,571,50,14,4910,25627,6010,28770,30,37,60,231,1090,4193,7740,24098
TX,75462,0,4780,1710,2440,580,2860,10130,3240,50,50,0,320018,4780,325426,3920,213406,1590,2553,740,3892,700,3058,50,32,1070,14639,740,13175,500,7135,1160,26863,430,180,594,790,10168,320,23106,1370,5408,260,69,30,696,190,1203,90,487,260,250,50,88,0,0,1080,28273,149006,80,419,890,1796,930,3240,1070,5637,750,4754,890,7996,3720,223671,3690,42806,70,181,30,17,1560,2018,180,183,220,113,360,349,250,44,890,1162,110,27,790,2581,60,170,70,179,360,89,4530,52228,850,1925,720,1639,560,761,340,268,0,0,3370,40786,3740,44337,80,141,120,455,950,5364,3610,11500
TX,75468,0,410,140,220,40,250,830,230,0,0,0,20403,410,20573,340,16538,110,28,30,44,30,23,0,0,90,479,40,150,30,361,110,2253,110,20,63,60,687,0,0,110,170,0,0,0,0,0,0,0,0,0,0,0,0,0,0,60,1281,6317,0,0,50,81,40,89,60,188,40,220,40,229,330,13063,310,2036,0,0,0,0,110,121,0,0,0,0,30,22,20,3,60,79,0,0,70,115,0,0,0,0,40,9,390,2788,70,167,70,136,40,60,20,15,0,0,270,1894,310,2052,0,0,0,0,60,121,320,886
TX,75469,0,140,60,80,0,80,300,80,0,0,0,6242,140,6275,110,3960,40,17,0,0,0,0,0,0,20,67,0,0,0,0,50,898,30,0,0,40,336,0,0,30,33,0,0,0,0,0,0,0,0,0,0,0,0,0,0,0,0,0,0,0,0,0,0,0,0,0,0,0,0,0,100,3712,100,522,0,0,0,0,30,22,0,0,0,0,0,0,0,0,0,0,0,0,0,0,0,0,0,0,0,0,130,758,30,82,30,73,0,0,0,0,0,0,90,495,100,529,0,0,0,0,0,0,110,290
TX,75471,0,540,210,270,60,310,1230,430,0,0,0,23193,540,23490,440,15331,120,77,40,51,30,23,0,0,70,637,50,434,40,371,90,2171,90,0,0,80,901,0,0,130,297,0,0,0,0,20,76,0,0,0,0,0,0,0,0,60,1382,5405,0,0,50,62,40,112,50,195,30,245,40,284,390,13468,390,2007,0,0,0,0,160,174,0,0,0,0,40,28,40,5,100,118,0,0,90,181,0,0,0,0,60,11,510,2809,140,363,110,302,110,165,40,28,0,0,340,1835,410,2179,0,0,0,0,90,266,440,1173
TX,75472,0,1380,520,650,200,730,2830,870,0,0,0,61581,1380,62217,1060,42565,280,344,170,271,130,148,0,0,270,2760,160,1387,160,2051,360,7181,130,80,369,250,2799,30,301,320,636,30,8,0,0,30,96,0,0,70,64,0,0,0,0,200,4000,14427,0,0,150,210,160,494,180,851,130,857,140,650,970,37916,970,5877,0,0,0,0,340,339,0,0,30,14,50,45,90,20,200,240,20,4,200,436,20,87,30,93,150,39,1310,8136,320,815,270,695,230,294,60,56,0,0,870,5490,1040,6079,0,0,0,0,260,786,1070,3091
TX,75473,0,1570,590,820,160,960,3180,910,0,0,0,98426,1570,100188,1270,61228,460,588,210,1149,190,708,30,23,310,6178,220,1364,170,2487,420,9573,130,80,295,300,3545,60,5550,420,1762,50,14,0,0,60,339,30,179,70,72,0,0,0,0,340,8059,36247,50,195,260,491,280,702,330,1425,220,1304,240,1999,1250,68104,1240,10746,0,0,0,0,450,487,40,17,50,27,110,89,100,19,240,304,40,8,250,841,30,94,30,94,130,28,1520,13588,270,644,220,554,180,243,90,65,0,0,1130,10219,1250,11263,0,0,20,29,280,1539,1240,3691
TX,75474,0,5880,2310,2560,940,3010,12340,4130,50,0,50,265461,5880,267980,4840,201908,860,810,530,1811,460,1149,0,0,1120,8654,540,4025,430,7330,1200,25658,270,210,1000,800,8969,160,8036,1280,2519,130,36,0,0,90,449,50,199,260,248,30,57,0,0,950,20187,87784,30,83,750,1280,730,2566,910,4227,630,4213,640,3183,4120,163211,4120,26724,30,62,70,55,1550,1556,80,10,130,70,270,252,370,64,950,1082,70,23,810,1699,130,488,130,532,630,149,5620,38699,1620,4132,1440,3467,1090,1521,290,237,50,24,3610,25126,4300,27448,30,26,30,30,870,2942,4820,13879
TX,75476,0,530,210,250,60,310,1050,310,0,0,0,24886,530,25132,420,18516,150,94,70,104,60,68,0,0,90,383,70,471,50,701,140,2542,100,20,108,90,1036,0,0,140,246,0,0,0,0,0,0,0,0,0,0,0,0,0,0,70,1678,7043,0,0,60,88,60,157,70,286,60,313,60,251,390,16018,390,2475,0,0,0,0,130,147,0,0,0,0,0,0,30,4,70,99,0,0,90,147,0,0,0,0,30,6,490,3221,110,230,90,195,70,76,20,17,0,0,330,2328,400,2531,0,0,0,0,110,294,390,1018
TX,75477,0,370,150,160,60,210,720,210,0,0,0,14864,370,14944,300,11663,70,57,20,20,20,10,0,0,70,266,20,104,30,205,90,1694,60,0,0,60,552,0,0,80,80,0,0,0,0,0,0,0,0,0,0,0,0,0,0,40,848,3432,0,0,30,49,30,50,40,137,0,0,20,74,270,8658,270,1248,0,0,0,0,90,84,0,0,0,0,0,0,20,3,60,62,0,0,50,63,0,0,0,0,40,6,350,2079,110,266,100,224,60,80,0,0,0,0,250,1122,290,1236,0,0,0,0,40,84,320,936
TX,75478,0,390,150,180,60,260,820,280,0,0,0,16790,390,16986,280,11314,110,86,40,47,40,17,0,0,90,1252,50,169,30,349,80,1472,90,0,0,60,695,0,0,110,196,0,0,0,0,0,0,0,0,0,0,0,0,0,0,40,814,3062,0,0,30,52,30,57,40,118,20,137,30,117,290,10167,280,1402,0,0,0,0,100,120,0,0,0,0,0,0,30,4,80,94,0,0,90,227,0,0,0,0,40,11,360,2056,90,223,80,177,60,85,0,0,0,0,240,1280,300,1568,0,0,0,0,90,238,280,857
TX,75479,0,750,300,340,80,380,1430,420,0,0,0,32928,750,33195,640,25714,140,65,60,52,50,36,0,0,90,474,60,109,70,770,170,3339,70,30,121,120,1192,0,0,160,267,20,5,0,0,0,0,0,0,30,30,0,0,0,0,110,2168,7906,0,0,90,140,100,252,110,432,70,368,80,298,590,20003,580,2958,0,0,0,0,200,223,0,0,0,0,40,47,50,8,120,151,0,0,80,115,0,0,0,0,50,8,710,4298,120,263,100,234,80,108,50,37,0,0,540,2716,580,2920,0,0,0,0,100,215,610,1609
TX,75480,0,610,210,340,50,330,1250,330,0,0,0,40525,610,40988,450,23371,220,230,120,501,120,324,0,0,120,1903,120,1412,110,1870,190,4519,40,0,0,150,2284,30,624,160,463,0,0,0,0,0,0,0,0,30,23,0,0,0,0,170,4293,19756,0,0,130,250,140,684,170,1007,110,954,130,807,460,28172,450,5385,0,0,0,0,160,162,40,12,0,0,30,27,20,4,80,102,0,0,110,330,0,0,0,0,40,10,560,6103,100,242,90,201,70,101,30,23,0,0,420,5151,480,5640,0,0,0,0,140,693,440,1218
TX,75481,0,160,60,90,0,100,320,90,0,0,0,8751,160,8844,120,5099,50,55,0,0,0,0,0,0,40,277,30,191,0,0,40,702,40,0,0,40,410,0,0,50,93,0,0,0,0,0,0,0,0,0,0,0,0,0,0,20,399,2736,0,0,0,0,0,0,0,0,0,0,0,0,120,5900,120,980,0,0,0,0,40,44,0,0,0,0,0,0,0,0,20,28,0,0,40,69,0,0,0,0,0,0,140,1116,0,0,0,0,0,0,0,0,0,0,110,932,130,1066,0,0,0,0,50,188,100,228
TX,75482,0,10130,3890,4330,1780,5260,21780,7880,280,0,280,493062,10130,499677,8600,350319,2540,4147,1220,4416,1110,3306,50,62,1910,26166,1080,12946,800,11754,1780,34186,710,290,1419,1250,14605,430,23731,2470,6615,330,86,20,404,270,1606,160,804,550,525,100,195,40,276,1650,39599,180043,70,224,1360,2315,1330,4822,1590,7613,1000,6208,1250,8906,7280,309707,7260,53586,50,172,90,62,3100,3423,210,20,370,210,610,580,790,140,1920,2286,80,24,1540,4064,140,456,170,527,960,215,9610,73393,2670,6944,2340,6093,2090,2886,610,483,60,27,6210,50410,7260,55586,70,99,110,390,1670,8410,8050,24544
TX,75486,0,990,310,590,80,680,2300,780,0,0,0,55262,990,56482,770,37204,290,234,120,253,100,172,0,0,240,3722,120,595,110,1341,220,5014,230,40,135,150,1814,30,5351,260,1220,30,8,0,0,30,156,0,0,20,25,0,0,0,0,150,3229,15343,0,0,130,199,100,245,150,495,90,477,100,732,760,36112,760,6608,0,0,0,0,320,405,0,0,40,18,50,39,50,11,210,305,0,0,170,487,0,0,20,60,140,38,930,8348,190,442,140,338,160,233,50,37,0,0,670,6183,770,6857,0,0,0,0,170,895,780,2415
TX,75487,0,560,210,270,90,310,1180,380,0,0,0,25717,560,25876,470,19651,110,48,40,48,30,28,0,0,70,601,40,429,50,611,100,2004,50,0,0,90,953,0,0,110,159,0,0,0,0,0,0,0,0,0,0,0,0,0,0,60,1427,6473,0,0,50,84,50,90,60,218,30,155,40,202,400,15848,400,2508,0,0,0,0,140,154,0,0,0,0,0,0,30,4,110,124,0,0,70,132,0,0,0,0,70,14,540,3660,150,376,130,325,100,128,0,0,0,0,370,2275,410,2479,0,0,0,0,70,147,470,1307
TX,75488,0,420,140,230,40,260,940,320,0,0,0,18721,420,18816,330,14529,100,50,40,69,40,38,0,0,70,326,40,262,60,751,90,2033,90,20,99,70,782,0,0,90,95,0,0,0,0,0,0,0,0,0,0,0,0,0,0,60,1190,3757,0,0,40,56,40,80,60,185,20,146,30,130,310,10954,300,1564,0,0,0,0,120,129,0,0,0,0,0,0,30,4,70,96,0,0,60,79,0,0,0,0,50,8,400,2387,90,241,80,207,60,97,0,0,0,0,270,1435,320,1569,0,0,0,0,70,126,350,1043
TX,75490,0,1010,410,490,100,490,2150,710,0,0,0,56511,1010,57161,850,42044,250,148,90,140,90,116,0,0,250,3236,100,222,100,2115,220,4620,90,30,137,140,1857,40,1135,270,650,30,10,0,0,20,115,0,0,60,54,0,0,0,0,270,4966,22724,0,0,210,374,220,743,250,1196,200,1227,190,754,800,37306,800,5933,0,0,0,0,300,396,0,0,40,21,60,50,40,9,210,295,0,0,170,503,0,0,0,0,90,24,960,7123,170,391,140,327,120,156,40,34,0,0,730,5533,820,6181,0,0,0,0,240,1127,740,2011
TX,75491,0,2050,800,940,290,990,4230,1380,0,0,0,109296,2050,110251,1710,82728,490,416,220,719,190,494,0,0,390,3051,230,1965,220,3683,410,7953,240,50,257,300,3613,80,3964,480,955,60,18,0,0,40,206,20,83,130,107,0,0,0,0,420,8581,45134,0,0,340,642,370,1303,400,2025,290,2066,320,1532,1540,72296,1530,12536,0,0,0,0,580,654,40,5,50,31,110,102,140,26,360,465,30,7,280,571,30,105,30,127,150,31,1920,15880,430,1042,370,899,290,376,120,80,0,0,1380,11817,1540,12656,0,0,0,0,370,1522,1600,4383
TX,75492,0,240,80,110,30,130,470,140,0,0,0,10656,240,10701,170,7017,70,22,30,31,20,18,0,0,40,48,30,36,40,483,80,1739,40,0,0,60,648,0,0,50,45,0,0,0,0,0,0,0,0,0,0,0,0,0,0,30,627,2778,0,0,20,35,20,43,30,90,0,0,0,0,170,6736,160,1031,0,0,0,0,60,53,0,0,0,0,0,0,0,0,30,42,0,0,20,28,0,0,0,0,0,0,230,1425,50,117,50,93,30,35,0,0,0,0,130,968,180,1055,0,0,0,0,30,47,190,501
TX,75494,0,4240,1600,2090,520,2640,8940,2840,20,0,20,209719,4240,212957,3240,134613,1260,1581,610,4102,570,3326,20,9,940,13888,600,8698,530,8834,990,22540,490,120,512,800,9381,160,3311,1060,3238,110,25,0,0,150,783,50,244,160,128,0,0,0,0,680,17585,68523,30,111,580,932,540,1517,650,2715,380,2664,510,4848,3030,132129,3020,22244,30,124,60,32,1200,1316,180,19,80,43,200,200,230,41,730,911,40,14,740,2108,100,354,110,397,420,105,3940,29153,960,2317,820,1930,670,880,190,164,50,11,2670,20856,3150,23514,30,40,40,203,840,4508,3180,9506
TX,75495,0,3270,1150,1710,350,1450,7180,2460,20,0,20,232816,3270,235500,2730,169838,980,1239,550,2676,490,1960,0,0,740,9267,500,6080,340,6624,640,14477,210,90,482,500,7096,180,7376,920,2684,120,35,0,0,100,642,70,356,240,243,40,53,0,0,1010,24804,125317,30,102,840,1791,900,4184,990,6225,800,6130,810,4595,2640,163234,2630,30297,50,97,0,0,1070,1342,100,12,170,90,230,236,140,24,650,912,60,30,530,1611,50,201,50,185,200,51,3090,34286,460,1082,370,904,370,515,210,177,30,14,2390,28955,2600,31103,60,77,80,130,710,4457,2430,7096
TX,75496,0,1260,480,590,180,650,2730,960,0,0,0,58461,1260,58921,1040,46048,290,153,150,204,130,120,0,0,270,2249,130,702,120,963,280,5811,200,50,207,160,1737,30,266,320,460,40,10,0,0,0,0,0,0,70,75,0,0,0,0,170,3651,15898,0,0,150,258,150,449,170,740,110,760,120,724,940,36021,940,5550,0,0,0,0,380,454,0,0,50,24,100,78,100,16,260,327,0,0,220,428,20,89,20,82,110,26,1170,7770,300,742,250,622,200,269,90,63,0,0,830,5095,960,5674,0,0,0,0,220,729,980,2887
TX,75497,0,1430,500,780,130,820,2860,670,0,0,0,92254,1430,93437,970,48112,570,1215,320,2547,290,1798,0,0,290,3337,310,7244,290,5937,470,12817,120,40,239,420,6143,90,2305,350,1183,0,0,0,0,40,223,0,0,60,44,0,0,0,0,360,10263,43892,30,209,290,571,300,1367,350,2220,230,1812,240,1298,1080,63751,1060,11862,30,160,0,0,310,286,60,10,0,0,40,35,50,10,160,187,0,0,240,596,20,72,20,85,110,20,1300,13534,250,568,220,475,180,229,40,31,0,0,980,11289,1110,12204,0,0,30,191,370,2221,960,2576
TX,75501,0,14710,6120,4610,3760,6770,29880,11300,240,0,240,553052,14710,557712,12710,425555,4100,2381,960,2052,880,1416,250,218,1900,18830,770,4881,950,10844,2840,59859,170,550,2225,1610,16434,260,9849,2510,4660,300,78,0,0,190,935,140,550,560,493,80,182,0,0,1690,32725,145596,300,922,1090,1773,1450,4280,1640,7229,1200,6991,1310,8687,9990,318567,9990,47955,30,32,80,37,4110,4087,180,13,510,273,700,661,1000,162,2580,2805,180,112,1490,3249,180,509,200,530,1120,214,14300,79249,4980,13747,4520,12532,3520,4494,780,651,100,42,8490,43847,9740,47944,20,30,50,68,1930,5422,12470,36474
TX,75503,0,11240,4780,4470,1790,5540,22290,7360,120,0,120,859931,11240,874484,9180,505182,4820,10095,2130,24552,1970,15066,300,416,1770,46343,1980,63167,1290,24512,2500,63339,170,350,1477,1870,24737,830,91370,2800,14553,400,106,110,3162,410,2955,200,1054,610,615,130,287,40,1478,2840,74228,465551,360,2182,2180,4734,2480,13687,2780,21011,1970,14452,2350,23208,8780,642573,8750,135977,230,1034,80,49,3580,4245,670,271,540,283,740,782,540,85,1890,2315,130,52,1560,6742,150,442,160,461,590,140,10770,162052,2160,5605,1930,4983,1510,1824,700,608,70,47,7950,131499,8630,141255,310,495,370,1964,2330,15368,8360,29387
TX,75550,0,340,140,140,70,210,660,190,0,0,0,12000,340,12045,250,7621,150,54,30,124,20,29,0,0,60,165,30,80,0,0,110,2090,70,20,93,60,611,0,0,70,45,0,0,0,0,0,0,0,0,0,0,0,0,0,0,30,548,2199,0,0,20,27,20,36,30,97,0,0,0,0,230,6808,230,898,0,0,0,0,80,57,0,0,0,0,0,0,0,0,40,36,0,0,60,62,0,0,0,0,40,5,310,1446,110,249,90,221,50,60,0,0,0,0,200,839,240,949,0,0,0,0,70,178,260,707
TX,75551,0,4490,1650,1950,830,2530,9330,3140,30,0,30,224286,4490,227324,3650,153829,1610,1280,500,2344,450,1712,80,77,700,9601,490,5777,430,5211,1120,25338,240,160,675,760,8838,150,6787,930,3038,150,40,0,0,120,598,50,255,180,167,30,54,0,0,730,16677,76940,110,421,540,958,580,1657,710,3133,410,2233,580,4697,3250,143562,3250,23967,40,166,30,14,1250,1373,110,31,110,62,220,213,250,47,750,909,60,19,570,1652,50,145,60,165,290,64,4300,31714,1110,3036,1010,2723,750,955,220,180,0,0,2890,22388,3280,24696,30,29,30,148,780,3898,3520,10494
TX,75554,0,670,260,320,100,420,1410,450,0,0,0,31172,670,31414,540,22510,290,126,50,107,50,82,0,0,100,750,80,795,40,413,200,4329,160,0,0,90,798,0,0,170,242,30,8,0,0,0,0,0,0,30,15,0,0,0,0,100,2078,6982,0,0,70,112,60,126,90,290,50,271,60,249,520,19054,520,2669,0,0,0,0,210,207,0,0,0,0,30,26,60,8,140,159,0,0,100,150,0,0,0,0,50,12,640,4048,150,348,130,288,100,124,30,19,0,0,450,2461,510,2697,0,0,0,0,110,302,550,1471
TX,75555,0,550,190,280,80,350,1220,410,0,0,0,27357,550,27652,480,20572,160,47,60,72,50,43,30,17,110,1492,50,177,40,406,120,2279,60,20,107,90,930,0,0,130,295,20,5,0,0,0,0,0,0,20,12,0,0,0,0,110,2511,10457,30,134,60,96,80,178,100,447,80,462,80,448,420,16704,420,2556,0,0,0,0,190,223,0,0,0,0,30,36,30,5,110,151,0,0,80,225,0,0,0,0,30,6,530,3854,110,272,100,227,90,95,20,20,0,0,380,2333,420,2646,0,0,0,0,80,207,460,1388
TX,75556,0,530,190,250,90,310,1140,400,0,0,0,26292,530,26496,460,19304,160,66,0,0,0,0,0,0,80,844,0,0,30,278,110,1995,30,40,157,70,780,0,0,110,204,0,0,0,0,0,0,0,0,0,0,0,0,0,0,70,1956,8178,20,102,40,69,50,128,70,352,40,200,40,325,400,16101,400,2574,0,0,0,0,160,171,0,0,0,0,0,0,30,5,120,135,0,0,70,183,0,0,0,0,40,9,510,3812,140,334,120,276,90,116,0,0,0,0,340,2391,410,2699,0,0,0,0,70,175,430,1250
TX,75558,0,610,200,310,90,360,1320,430,0,0,0,31919,610,32186,500,22947,130,92,70,89,60,59,0,0,100,1151,70,256,60,936,120,2538,100,40,176,100,1154,0,0,160,267,0,0,0,0,0,0,0,0,20,11,0,0,0,0,90,1934,10413,0,0,90,146,70,180,90,345,60,310,60,460,470,20572,470,3514,0,0,0,0,190,186,0,0,0,0,30,29,40,7,120,133,0,0,110,242,0,0,0,0,60,15,580,4454,130,345,110,289,120,152,30,18,0,0,410,3218,470,3592,0,0,0,0,110,386,480,1427
TX,75559,0,2440,950,1040,410,1330,4920,1540,0,0,0,113734,2440,115080,1900,71624,940,1071,220,996,210,558,0,0,370,3959,250,3962,230,2619,720,17515,370,80,269,410,3886,70,6292,520,1346,100,27,0,0,60,343,30,152,70,72,0,0,0,0,340,7501,33072,30,236,280,426,240,604,330,1308,170,1054,250,1739,1810,71693,1810,11701,0,0,0,0,660,756,60,5,50,26,90,84,190,32,410,535,40,15,320,910,20,41,20,44,140,34,2320,14807,600,1451,520,1248,390,455,90,65,0,0,1610,10743,1820,11925,0,0,20,78,420,2448,1940,5132
TX,75560,0,410,170,150,100,240,890,340,0,0,0,17380,410,17449,370,12995,130,19,30,30,30,17,0,0,50,321,30,80,0,0,100,1874,40,20,57,40,498,0,0,60,69,0,0,0,0,0,0,0,0,0,0,0,0,0,0,60,1226,4968,0,0,40,53,50,99,60,236,40,249,40,174,310,10076,310,1511,0,0,0,0,130,133,0,0,0,0,20,21,30,5,80,91,0,0,30,55,0,0,0,0,20,5,400,2357,130,281,110,259,80,101,0,0,0,0,270,1378,290,1515,0,0,0,0,60,111,340,1002
TX,75561,0,2280,920,910,410,980,4640,1560,20,0,20,96321,2280,97171,1880,71104,760,417,180,447,170,315,0,0,310,2103,160,1781,170,1791,580,13526,80,120,368,330,2897,50,1591,390,850,50,14,0,0,30,124,0,0,80,74,0,0,0,0,280,5696,22225,40,108,170,282,220,618,270,1078,170,1012,210,1252,1710,57875,1700,8567,0,0,0,0,640,697,30,1,70,35,100,96,190,29,410,501,30,12,230,543,0,0,0,0,140,27,2200,12822,560,1393,490,1250,380,474,100,87,0,0,1510,7860,1680,8586,0,0,0,0,320,996,1890,5104
TX,75563,0,1660,620,750,300,950,3360,1020,0,0,0,84325,1660,85155,1330,55757,540,390,200,689,170,398,20,19,270,3048,190,3415,150,1482,460,10166,150,100,575,310,3102,50,1030,370,830,60,15,0,0,30,169,0,0,60,54,0,0,0,0,250,5825,24024,0,0,200,349,200,427,240,861,130,634,180,1230,1210,54941,1200,8375,0,0,0,0,420,496,50,62,20,12,60,57,60,14,270,323,30,7,210,463,40,120,40,124,100,21,1580,10957,410,1049,370,922,280,311,70,50,0,0,1070,7647,1230,8375,0,0,0,0,300,1334,1310,3791
TX,75566,0,280,120,100,60,150,550,190,0,0,0,9597,280,9646,220,7475,70,11,0,0,0,0,0,0,30,147,20,42,0,0,80,1254,30,0,0,50,403,0,0,40,49,0,0,0,0,0,0,0,0,0,0,0,0,0,0,20,354,0,0,0,0,0,0,0,0,0,0,0,0,0,180,5358,180,735,0,0,0,0,70,71,0,0,0,0,0,0,20,5,50,57,0,0,20,36,0,0,0,0,0,0,250,1288,80,185,70,158,40,52,0,0,0,0,160,658,190,723,0,0,0,0,30,79,220,649
TX,75567,0,1570,540,730,250,710,3400,1180,0,0,0,76487,1570,76982,1310,59564,560,295,110,152,100,97,0,0,200,1741,120,888,110,1201,410,9055,100,50,256,210,1900,20,-13,270,495,40,9,0,0,0,0,0,0,60,54,0,0,0,0,190,3754,18892,20,87,140,238,160,411,190,790,140,731,130,569,1220,48476,1220,7052,0,0,0,0,530,645,20,0,80,39,80,94,110,20,360,481,0,0,180,315,0,0,0,0,100,24,1510,10674,370,966,330,843,250,343,70,62,0,0,1090,6406,1210,6926,0,0,0,0,220,720,1310,3849
TX,75568,0,1150,430,470,220,640,2340,780,0,0,0,48805,1150,49260,890,36253,300,278,90,282,80,194,0,0,180,1769,100,837,90,1024,250,5093,140,70,277,180,1445,30,862,290,455,60,15,0,0,0,0,0,0,40,35,0,0,0,0,140,3121,12490,0,0,100,148,90,219,130,411,70,387,100,691,830,28923,820,4516,0,0,0,0,330,323,0,0,0,0,40,33,90,18,190,239,0,0,170,327,0,0,0,0,110,24,1090,6630,310,800,280,677,200,242,50,34,0,0,730,4173,860,4631,0,0,0,0,180,480,930,2633
TX,75569,0,1570,660,480,400,710,3130,1160,20,0,20,66058,1570,66665,1350,51565,460,263,100,117,100,125,0,0,230,2150,90,596,80,719,280,5102,20,40,154,150,1649,30,2447,280,607,30,8,0,0,0,0,0,0,50,38,0,0,0,0,200,4147,19132,20,49,140,230,160,499,200,820,130,795,160,991,1180,40151,1180,6792,0,0,0,0,500,488,0,0,70,43,70,60,120,21,340,340,0,0,170,309,0,0,0,0,150,27,1500,9646,470,1208,420,1068,340,432,70,60,0,0,980,6259,1130,6777,0,0,0,0,240,810,1300,3574
TX,75570,0,3870,1580,1560,680,1870,7800,2550,0,0,0,176565,3870,178108,3130,123532,1590,1691,370,1209,350,869,40,21,450,4492,360,2985,280,3891,1110,28397,270,170,714,610,5580,90,5506,640,1543,110,30,0,0,60,299,40,183,150,138,20,41,0,0,550,11329,46299,60,149,400,604,440,1191,530,2092,340,1931,420,2909,2930,110214,2920,17179,0,0,0,0,1110,1197,90,6,120,73,170,158,310,49,680,841,50,24,320,922,30,76,30,76,200,41,3760,24669,880,2257,800,2068,640,800,190,136,0,0,2590,15881,2830,17109,0,0,20,39,600,1834,3150,8957
TX,75571,0,1140,430,460,220,620,2380,850,0,0,0,49011,1140,49557,940,37165,260,156,100,215,100,156,0,0,180,1200,120,691,90,1178,250,4757,130,50,207,150,1606,0,0,270,546,40,11,0,0,30,154,0,0,40,46,0,0,0,0,150,3157,12669,0,0,130,173,120,253,150,501,90,549,120,742,830,29288,820,4354,0,0,0,0,320,348,0,0,20,15,60,62,80,16,200,238,0,0,170,358,0,0,0,0,100,19,1090,6638,300,792,270,701,210,283,60,53,0,0,710,4002,850,4479,0,0,0,0,170,629,940,2816
TX,75572,0,1550,620,620,280,830,3060,970,0,0,0,65775,1550,66277,1280,50692,510,329,110,228,100,119,20,15,210,1306,100,387,120,1214,370,7779,70,80,345,230,2329,20,446,280,502,30,9,0,0,0,0,0,0,40,36,0,0,0,0,200,3990,16131,40,193,130,199,140,378,200,844,120,714,140,744,1120,39589,1110,6058,0,0,0,0,400,433,0,0,30,13,60,68,90,15,270,290,0,0,150,233,20,59,30,61,120,24,1500,9065,410,1021,350,911,260,325,60,58,0,0,990,5624,1110,6056,0,0,0,0,220,567,1290,3625
TX,75574,0,770,280,360,120,400,1550,480,0,0,0,32509,770,32684,630,26140,280,66,30,20,30,12,0,0,100,1015,50,80,40,482,190,4340,90,40,190,100,878,0,0,140,175,40,10,0,0,0,0,0,0,0,0,0,0,0,0,100,2044,6996,0,0,70,111,70,152,90,302,50,316,60,392,590,18990,580,2600,0,0,0,0,240,248,0,0,20,11,40,42,60,12,140,173,0,0,80,163,0,0,0,0,40,8,730,4132,160,392,140,328,100,121,40,33,0,0,530,2353,570,2578,0,0,0,0,100,200,640,1760
TX,75601,0,6460,2860,2270,1230,3500,13130,4740,160,50,110,348675,6460,353070,5470,245237,1530,2840,920,7293,850,5204,50,38,1060,16199,800,13391,640,10743,1060,19447,90,210,899,830,11797,340,13462,1440,4395,150,38,30,656,170,866,90,386,400,398,70,148,0,0,1410,34126,163872,70,278,1090,2076,1120,4615,1310,7217,840,5610,1100,8459,4720,230437,4700,42548,100,300,40,19,1980,2279,290,53,250,143,370,370,340,56,1110,1375,90,72,780,2453,90,293,100,324,590,130,6190,55620,1500,3701,1340,3331,1190,1600,400,334,40,16,4090,40269,4650,43937,80,148,110,525,1050,5301,5110,15497
TX,75602,0,9150,3600,2680,2780,5310,20890,9600,310,140,170,348489,9150,351415,8410,287256,1130,834,430,1228,390,813,40,15,1190,9474,380,5709,400,5557,1010,14135,160,320,1411,540,5600,160,10396,1370,2926,130,35,0,0,70,377,70,221,300,317,70,185,0,0,1270,29168,111957,80,193,850,1468,790,2356,1080,4350,670,4221,900,5751,5810,190438,5820,32339,50,134,70,34,2810,3034,110,19,300,153,440,391,590,109,1870,2159,140,101,830,1893,130,338,130,372,970,200,8910,53537,3140,8646,2890,7923,2810,4009,610,525,40,11,4560,28874,5550,31675,40,56,50,158,840,4844,8140,26248
TX,75603,0,2570,1030,1040,470,1430,5330,1840,70,20,40,143027,2570,144527,2170,100825,650,757,290,2030,280,1646,0,0,430,5108,270,2847,260,3959,560,10955,100,90,405,380,4841,110,4255,500,1500,50,14,0,0,50,256,30,147,110,103,30,61,0,0,600,14498,63265,30,105,460,796,460,1531,550,2662,370,2457,480,3563,1920,93786,1920,16929,30,46,0,0,800,913,80,13,100,61,140,131,140,24,440,572,90,93,270,782,30,84,30,83,210,51,2470,24443,560,1382,500,1224,410,574,140,116,0,0,1690,16099,1900,17297,0,0,20,44,380,1513,2090,6605
TX,75604,0,12880,5260,4870,2600,6560,27420,10370,240,70,160,709589,12880,718484,11270,533923,2870,3922,1610,9815,1490,7179,80,90,2000,30931,1420,21507,1130,17798,1960,34916,170,420,1808,1340,17658,550,29742,2810,8895,320,82,50,1159,300,1807,160,778,830,853,140,275,30,214,2550,60044,294404,120,554,1990,3798,2010,7852,2400,12517,1620,10432,1990,15377,9630,472283,9580,88853,150,413,110,66,4290,5120,450,449,620,341,800,795,780,126,2550,3085,180,154,1470,4785,190,559,210,610,1220,266,12390,115023,3130,8152,2820,7326,2580,3475,870,750,70,33,8210,83505,9330,90171,160,371,200,583,1920,10041,10510,32971
TX,75605,0,13650,6020,5870,1630,7050,26530,7890,280,50,230,1045535,13650,1060635,11260,695497,4640,8410,2770,22405,2570,16919,170,233,2370,38192,2510,42524,1770,31096,2880,59268,310,380,1749,2220,30216,980,88681,3620,15100,520,136,80,1808,470,2793,270,1492,1050,1154,140,296,50,1389,3990,101927,551371,200,1306,3290,6683,3330,14974,3860,23601,2660,19517,3270,28940,11040,773237,10950,157918,260,967,80,42,4290,5224,840,553,620,361,910,991,640,95,2080,2638,220,119,1790,6268,180,535,190,557,860,242,12990,185117,2000,4525,1710,3927,1410,1772,870,758,80,59,10060,152713,10830,162357,330,605,400,1675,2700,15767,10190,32437
TX,75630,0,1040,430,450,160,620,1980,510,0,0,0,49267,1040,49583,820,34746,280,147,120,383,110,232,0,0,180,716,130,698,110,1822,300,5885,60,60,291,200,2242,30,408,190,316,20,7,0,0,0,0,0,0,30,46,0,0,0,0,180,3787,15850,0,0,130,191,130,363,180,677,110,647,120,756,780,31474,770,4736,0,0,0,0,210,197,0,0,0,0,20,19,60,10,130,152,0,0,130,160,0,0,0,0,100,21,970,6781,210,461,190,398,110,131,20,20,0,0,730,4517,810,4820,0,0,0,0,170,323,810,2231
TX,75631,0,1080,360,520,170,730,2500,930,0,0,0,61986,1080,62435,940,47145,280,234,110,412,110,169,0,0,200,1753,120,1651,110,1320,210,3832,120,50,213,150,2026,40,966,220,449,20,5,0,0,20,77,0,0,30,21,0,0,0,0,230,5033,21476,0,0,180,360,160,416,210,841,120,864,180,1129,850,40439,850,6435,0,0,0,0,370,453,40,2,50,30,40,40,40,9,240,349,0,0,140,356,0,0,0,0,90,26,1040,8871,230,573,210,510,170,230,40,34,0,0,770,5982,830,6493,0,0,0,0,170,809,870,3028
TX,75633,0,6140,2420,2640,1040,4450,13170,4700,0,0,0,397506,6140,401831,5090,251039,1790,2517,920,4830,880,3820,100,129,1050,15973,880,15874,600,9385,1240,23804,500,220,1052,960,12334,340,21684,1340,4325,180,48,30,332,200,1314,70,416,240,236,50,86,0,0,1310,31217,164178,80,387,1120,2162,1030,2763,1280,5458,750,4719,1020,8911,4740,279519,4690,54426,100,303,20,11,1930,2232,270,83,200,111,300,286,290,50,1220,1597,60,31,830,2642,50,126,60,143,450,126,5860,63322,1270,3309,1160,2978,1000,1251,290,240,20,11,4190,52099,4600,55793,50,66,130,618,1120,9517,4690,15164
TX,75638,0,2280,850,890,500,1190,4580,1540,0,0,0,103699,2280,104684,1920,72525,570,504,250,1271,230,881,0,0,320,2130,220,2759,220,2896,510,10101,190,140,634,340,3689,70,2913,430,985,80,21,0,0,30,159,20,98,90,85,0,0,0,0,250,5952,22540,0,0,180,300,170,500,230,845,130,621,180,1408,1620,65212,1620,11534,0,0,0,0,650,679,40,6,70,36,130,116,150,30,370,456,40,11,240,645,30,88,30,93,160,30,2190,15819,660,1691,600,1527,440,520,180,147,0,0,1390,10860,1580,11708,0,0,0,0,340,2001,1880,5911
TX,75639,0,1160,450,480,230,750,2400,850,0,0,0,59558,1160,60019,990,46123,260,144,140,301,140,186,50,38,170,922,100,751,70,1250,230,4771,110,60,268,150,1620,30,1282,200,461,0,0,0,0,0,0,0,0,50,39,0,0,0,0,220,5345,21299,60,185,150,224,170,347,210,792,140,791,160,1265,920,37928,910,6038,0,0,0,0,360,406,20,3,40,27,50,43,80,12,230,296,0,0,100,182,0,0,0,0,70,20,1100,8315,260,626,230,577,190,225,50,42,0,0,810,5623,870,5965,0,0,0,0,160,932,960,3078
TX,75640,0,2000,740,940,290,1000,4330,1500,30,0,30,116703,2000,117696,1750,95169,540,354,210,582,180,325,0,0,340,2407,200,1622,170,2465,390,6024,130,80,364,260,2588,40,1396,450,993,70,18,0,0,30,156,0,0,130,123,0,0,0,0,450,9621,47814,20,87,350,692,380,1067,420,1958,320,2224,340,1938,1590,78364,1580,12792,20,50,0,0,670,926,50,27,80,41,140,151,100,19,440,606,40,14,250,549,30,93,30,103,140,40,1930,17283,370,868,320,764,240,314,130,114,0,0,1470,11826,1590,12710,0,0,0,0,330,999,1620,5328
TX,75643,0,770,280,420,100,540,1740,580,0,0,0,47158,770,47598,630,31661,210,157,90,200,90,131,0,0,150,1706,90,830,70,1092,170,3351,80,20,94,110,1414,30,366,180,440,0,0,0,0,0,0,0,0,20,24,0,0,0,0,150,3642,14117,0,0,110,218,90,231,140,491,80,476,90,586,590,28387,590,4641,0,0,0,0,230,269,0,0,0,0,30,30,30,7,160,202,0,0,120,347,0,0,0,0,70,22,730,6227,160,384,140,328,110,165,30,22,0,0,530,4323,600,4782,0,0,0,0,150,729,600,1994
TX,75644,0,4840,1850,2120,800,2920,10300,3620,20,0,20,233088,4840,236118,3890,162431,1390,2054,600,2319,550,1809,30,19,950,11656,600,5554,460,7217,990,19625,430,150,693,730,8504,240,14836,1210,3030,170,45,0,0,150,792,60,241,240,230,40,67,0,0,780,16240,71258,20,90,670,1105,650,1947,760,3326,510,3214,570,3790,3450,148160,3430,25422,40,96,30,25,1380,1605,130,16,120,75,250,251,280,51,870,1111,80,36,760,1899,80,250,80,261,440,105,4530,35209,1190,3115,1050,2669,870,1184,270,219,40,17,3040,23751,3550,26195,20,23,50,110,830,3669,3770,11323
TX,75645,0,3840,1380,1900,530,2140,8420,2910,40,0,40,201104,3840,203184,3220,159143,1080,961,420,1411,370,1036,30,19,770,7833,450,3057,370,5459,770,14149,320,120,542,520,5986,120,4608,910,2080,120,34,0,0,100,486,50,208,210,211,20,34,0,0,780,16825,75937,30,137,660,1210,680,2201,780,3640,550,3789,600,3579,2860,129553,2840,21205,30,83,0,0,1130,1492,90,146,130,79,210,202,210,35,720,955,50,18,520,1459,60,200,60,210,340,98,3650,28914,790,2019,680,1727,570,800,200,165,30,7,2570,19628,2900,21454,20,36,30,42,600,2367,3090,9480
TX,75647,0,5530,2120,2390,950,2900,11730,4070,50,0,50,290275,5530,293445,4760,222301,1210,1474,530,2696,480,1580,30,45,960,9046,490,6171,440,6622,1050,17715,200,180,784,690,7798,210,13016,1170,3170,160,45,0,0,120,651,70,368,290,279,60,106,0,0,990,24055,104795,30,540,800,1438,800,2551,960,4659,650,4220,750,4728,4040,188609,4040,33115,50,151,40,20,1600,1906,90,18,200,108,270,255,310,53,1020,1327,90,46,680,1766,90,299,100,305,520,120,5310,44921,1370,3470,1200,3076,940,1226,290,227,50,31,3590,31128,4080,33566,50,66,60,221,870,3989,4510,14417
TX,75650,0,4090,1470,1930,640,2090,9010,3300,40,0,40,266159,4090,269356,3620,209787,1100,1128,550,1791,500,1127,50,56,740,8790,520,6201,300,4865,710,13258,250,130,544,440,5283,220,13664,1050,3197,180,46,0,0,90,530,60,292,330,308,40,67,0,0,1040,24511,126644,70,322,820,1817,850,3034,990,5397,750,5828,820,5733,3210,184050,3200,33681,70,245,30,18,1470,1911,140,73,250,140,290,297,230,46,890,1250,80,41,540,1477,60,182,70,198,320,78,3930,41173,800,1937,690,1690,570,735,270,237,20,8,2860,31639,3130,33733,60,77,70,159,660,4048,3270,10959
TX,75651,0,910,310,470,130,580,2080,740,0,0,0,48393,910,48851,790,39964,220,134,100,275,100,109,0,0,160,1092,100,432,80,742,190,3075,80,30,132,110,991,20,339,220,458,30,8,0,0,0,0,0,0,60,55,0,0,0,0,190,3893,17296,0,0,140,247,140,330,180,686,120,770,130,706,690,31126,680,4868,0,0,0,0,320,367,0,0,40,21,60,53,60,10,200,267,20,7,120,216,0,0,0,0,70,17,870,6778,210,495,170,439,130,176,50,42,0,0,630,4455,690,4797,0,0,0,0,130,405,740,2408
TX,75652,0,5180,2040,2070,1000,2920,10940,3970,30,0,30,274789,5180,278215,4460,194719,1210,1324,670,3593,630,2534,30,21,800,10632,590,7411,490,8944,930,18028,310,140,756,720,9333,230,14752,1010,3426,140,37,0,0,120,795,60,330,230,205,20,47,0,0,920,22448,104848,40,220,760,1478,700,2116,880,4209,530,3698,710,5016,3870,179523,3860,31584,50,209,30,19,1690,1845,180,24,180,98,260,241,350,65,1010,1264,80,58,590,1724,70,172,70,193,410,95,4980,40347,1240,3202,1120,2885,960,1285,260,215,20,8,3350,29671,3770,32119,50,61,80,260,800,5873,4160,12847
TX,75654,0,4790,1860,2060,800,2790,10830,4260,0,0,0,256132,4790,259293,4070,181173,1140,1337,640,4271,600,3143,30,24,750,11998,590,7941,480,7613,890,16473,310,130,598,710,8807,150,3829,910,3161,130,36,0,0,120,698,60,346,180,172,30,64,0,0,890,20773,92512,30,82,750,1533,700,1978,840,3693,510,3142,670,5669,3660,163791,3630,28017,40,137,30,18,1690,1968,200,22,200,116,250,253,290,55,1140,1465,50,19,520,1690,60,158,70,190,470,114,4580,37266,1010,2585,910,2309,940,1331,250,208,20,9,3110,26048,3500,28382,30,37,60,216,740,4306,3820,12037
TX,75656,0,1940,720,850,380,1130,4150,1460,0,0,0,86640,1940,87501,1620,67262,450,413,170,343,160,214,0,0,300,2323,150,1008,150,1841,400,6643,180,90,390,240,2473,60,1945,440,861,60,16,0,0,40,191,0,0,100,94,0,0,0,0,260,5501,21530,0,0,200,298,170,367,250,770,150,889,160,1223,1390,52755,1390,8101,0,0,0,0,600,690,0,0,50,25,90,95,120,23,400,519,40,14,240,525,20,53,20,56,180,35,1860,12057,510,1343,440,1186,340,423,110,90,0,0,1240,7353,1420,8066,0,0,0,0,280,965,1600,4789
TX,75657,0,3340,1400,1280,610,1980,6520,2010,0,0,0,150608,3340,152353,2700,105358,760,991,400,2060,350,1711,50,48,630,5522,380,4835,270,3879,760,15159,210,140,686,510,5883,140,2778,700,1745,70,19,0,0,100,500,30,164,140,134,0,0,0,0,550,12282,48602,70,243,390,596,400,977,530,1954,280,1684,390,2446,2300,93501,2280,14897,40,96,30,16,840,791,80,8,70,31,100,115,200,37,480,531,60,29,430,1094,60,196,60,219,290,65,3160,21331,920,2219,820,1925,540,673,130,104,30,5,2050,14101,2340,15518,0,0,30,71,550,1942,2660,7536
TX,75661,0,1000,440,340,200,630,1920,610,0,0,0,46664,1000,47191,820,32839,210,185,120,393,100,231,20,16,180,1505,90,714,80,1356,220,4418,70,40,116,160,1798,40,121,190,527,0,0,0,0,20,78,0,0,30,24,0,0,0,0,140,2875,12968,20,46,100,165,100,219,130,491,80,507,110,674,690,30504,690,5529,0,0,0,0,240,216,30,4,0,0,30,29,70,12,110,140,0,0,120,281,0,0,0,0,80,15,950,7322,280,675,240,610,160,196,30,30,0,0,620,5178,700,5609,0,0,0,0,140,925,830,2379
TX,75662,0,10020,3950,4150,1780,5360,22190,8570,160,30,130,528024,10020,532824,8800,414160,2080,2346,1020,5299,930,4191,60,50,1550,18021,850,13389,760,11746,1640,30410,340,310,1284,1150,13621,360,10935,2010,4800,280,74,0,0,180,1085,100,414,480,491,80,139,0,0,1810,40736,180910,100,326,1390,2666,1360,3859,1690,7318,1130,7163,1300,8999,7640,340373,7620,57429,110,328,60,29,3320,3979,250,65,400,222,570,520,550,92,2210,2881,160,97,1130,2935,120,308,130,319,970,239,9680,78447,2220,5472,1950,4948,1810,2469,580,456,50,17,6610,53449,7350,57521,60,55,100,328,1450,6355,8310,26285
TX,75667,0,450,180,190,80,270,940,320,0,0,0,20827,450,21014,380,14845,90,24,40,59,30,34,0,0,70,388,40,51,30,456,100,2146,60,0,0,70,779,0,0,80,187,0,0,0,0,0,0,0,0,0,0,0,0,0,0,60,1442,5964,0,0,60,103,50,100,60,215,40,195,40,306,330,12793,330,1970,0,0,0,0,130,116,0,0,0,0,0,0,30,4,70,82,0,0,60,97,0,0,0,0,20,3,420,2786,120,282,100,257,80,93,0,0,0,0,290,1780,330,2018,0,0,0,0,70,344,360,1082
TX,75668,0,780,320,270,210,450,1610,600,0,0,0,30902,780,31145,660,23823,150,89,60,220,50,121,0,0,120,373,60,378,60,601,160,2782,30,40,180,100,1220,0,0,150,243,20,7,0,0,0,0,0,0,0,0,0,0,0,0,100,2053,7736,0,0,70,90,70,142,100,264,40,243,70,512,520,18277,520,2847,0,0,0,0,200,200,0,0,0,0,20,16,60,10,130,153,0,0,80,135,0,0,0,0,80,14,750,4532,260,663,240,593,170,188,40,34,0,0,450,2620,530,2885,0,0,0,0,100,323,660,1997
TX,75669,0,270,100,120,30,180,520,170,0,0,0,13560,270,13658,220,9537,60,14,30,21,20,14,0,0,40,489,30,39,0,0,40,1022,40,0,0,40,456,0,0,40,98,0,0,0,0,0,0,0,0,0,0,0,0,0,0,40,916,3391,0,0,30,57,30,47,40,154,0,0,0,0,190,8980,180,1477,0,0,0,0,60,50,0,0,0,0,0,0,0,0,30,36,0,0,30,97,0,0,0,0,0,0,240,1939,50,124,50,105,30,38,0,0,0,0,170,1384,190,1539,0,0,0,0,40,118,190,559
TX,75670,0,6890,2930,1820,2090,4360,14840,6510,0,0,0,242717,6890,244981,6180,190409,820,760,400,2743,340,2291,70,69,960,7304,360,5117,300,3510,930,16435,230,270,1023,510,5475,120,3599,1100,2264,140,36,0,0,80,408,30,72,220,239,40,101,0,0,740,17556,64160,50,187,540,768,460,1169,680,2315,350,2032,510,4070,4390,127821,4390,20173,30,72,50,24,2060,2079,110,132,170,90,380,316,480,88,1240,1325,90,62,680,1364,120,318,120,339,730,140,6710,38084,2480,6823,2280,6165,2040,2870,610,570,60,24,3400,18007,4210,20039,0,0,30,229,660,1849,6070,18932
TX,75672,0,6960,2710,2970,1160,4270,14340,4830,20,0,20,403105,6960,408178,5780,278581,1930,3632,1130,8027,1040,6591,150,147,1150,14106,1000,13222,750,11647,1590,33661,400,240,1031,1130,14082,370,16567,1580,5073,260,68,20,382,180,1158,110,562,410,390,80,178,0,0,1490,36519,166553,170,703,1150,2055,1180,3308,1430,6395,910,6020,1170,8830,5320,270691,5290,47910,90,243,40,22,2230,2568,360,230,270,148,380,413,360,71,1260,1557,130,109,810,2437,70,205,80,224,560,132,6660,61399,1460,3557,1280,3172,1090,1419,420,409,30,8,4700,45049,5200,48622,80,103,120,476,1250,6278,5360,16847
TX,75681,0,1080,410,500,170,600,2260,740,0,0,0,49147,1080,49527,900,37603,250,136,100,243,80,129,0,0,200,1425,110,994,90,1324,200,4223,140,30,137,140,1633,30,-37,230,380,30,7,0,0,0,0,0,0,40,25,0,0,0,0,190,4427,17485,0,0,150,242,130,318,180,620,90,543,150,1015,780,29577,780,4899,0,0,0,0,310,308,30,0,0,0,40,36,60,12,200,234,0,0,130,272,0,0,0,0,90,22,1040,6773,280,682,250,592,180,240,50,38,0,0,680,4593,760,4677,0,0,0,0,150,556,870,2662
TX,75683,0,1470,540,650,270,820,3210,1150,0,0,0,66995,1470,67597,1270,53268,270,277,90,255,80,183,0,0,180,1839,100,842,80,722,250,4358,70,70,305,170,1875,30,823,270,602,40,10,0,0,0,0,0,0,60,61,0,0,0,0,220,4958,17804,20,62,170,275,160,398,210,816,120,639,140,810,1060,40738,1050,6377,0,0,0,0,430,487,0,0,30,12,50,43,90,16,300,393,30,7,140,299,20,59,30,78,150,38,1390,9853,400,1071,360,947,270,368,60,50,0,0,930,5821,1050,6353,0,0,0,0,180,461,1240,3902
TX,75684,0,2320,850,1000,430,1220,5210,1980,0,0,0,113234,2320,114192,2030,89435,420,277,210,1061,180,754,0,0,370,2954,170,1619,180,2675,380,6210,130,100,416,270,3173,70,3518,440,958,50,12,0,0,30,128,0,0,80,83,0,0,0,0,350,7703,34235,0,0,260,483,250,667,330,1350,200,1107,260,1739,1690,70343,1700,11574,0,0,0,0,760,935,60,35,60,34,90,82,120,22,520,697,30,11,250,528,30,103,30,106,240,52,2230,16534,610,1550,540,1392,450,610,110,81,0,0,1470,10547,1650,11367,0,0,0,0,290,1428,1960,6277
TX,75686,0,5340,2060,2250,970,3010,11670,4360,0,0,0,243269,5340,246188,4500,176471,1150,1785,530,3672,480,2687,0,0,850,12235,560,11398,490,8308,960,19090,390,170,678,700,8582,180,4506,1100,2919,180,50,0,0,130,649,50,225,210,212,40,58,0,0,750,16762,75902,40,164,610,1044,610,1998,740,3297,490,3298,550,3782,3830,148291,3800,23960,20,61,40,24,1640,1650,140,27,160,80,300,242,390,71,1000,1176,40,12,680,1947,100,290,100,304,440,96,5070,34839,1480,3941,1340,3540,1180,1645,280,216,50,17,3220,22288,3720,24751,30,45,30,104,820,3715,4310,13341
TX,75691,0,1840,650,790,380,1090,4190,1640,0,0,0,97778,1840,98583,1640,79993,410,345,150,429,140,242,0,0,290,1540,140,2380,150,2525,300,4905,150,80,411,210,2589,50,1983,330,805,50,13,0,0,30,134,0,0,80,75,0,0,0,0,390,8606,35804,20,64,320,593,270,589,370,1330,230,1736,310,1873,1430,61946,1420,9960,0,0,0,0,700,919,30,1,70,41,90,85,100,18,450,583,130,177,180,482,0,0,0,0,220,64,1770,14541,400,1072,360,970,340,465,90,72,0,0,1220,9038,1380,9704,0,0,0,0,250,999,1540,5422
TX,75692,0,2170,850,910,370,1220,4580,1600,0,0,0,106580,2170,107440,1830,82381,470,502,210,575,180,335,140,87,340,3288,180,1791,160,2043,530,11464,110,60,271,340,3565,60,1078,430,860,40,10,0,0,30,153,20,87,110,114,0,0,0,0,440,9275,38854,140,479,250,390,320,714,440,1662,290,1798,320,1641,1630,66678,1620,10385,0,0,0,0,640,795,40,9,80,41,110,121,100,17,410,516,40,29,230,553,20,56,20,62,190,37,2090,15397,480,1164,430,1036,350,477,120,107,0,0,1450,9557,1630,10248,0,0,0,0,340,993,1770,5859
TX,75693,0,2840,1020,1360,440,1340,6310,2330,40,0,40,174924,2840,177126,2450,133310,790,552,370,996,330,622,0,0,490,6579,330,2498,270,3889,530,9327,50,80,347,350,4461,150,8830,730,2202,140,35,0,0,90,593,30,113,200,192,40,64,0,0,610,13048,69492,0,0,490,1000,530,1948,590,3051,440,2985,490,3351,2210,119484,2200,21657,20,48,0,0,1000,1238,70,12,180,98,190,186,140,23,670,883,30,8,360,1004,40,100,40,97,240,51,2730,27026,550,1372,480,1206,410,536,190,145,0,0,1980,20330,2190,21620,30,43,40,39,480,2389,2260,6873
TX,75701,0,14510,7100,4670,2540,7310,27760,9570,260,90,170,797101,14510,808869,12160,517271,3070,7435,2160,30448,1990,24359,90,74,2560,40097,1900,33384,1310,22288,2570,47991,110,450,2000,1870,25270,790,52402,3580,11768,410,106,70,1622,500,3083,200,908,990,1027,170,388,30,183,2780,68256,382023,110,669,2300,4272,2270,9573,2680,15010,1670,10388,2310,25122,10600,544197,10550,108189,180,967,160,104,4540,4834,680,229,600,313,1090,973,860,144,2240,2600,150,45,2020,6311,260,770,290,845,1260,261,13800,140387,3430,8812,3060,7872,2480,3353,1180,984,110,56,9080,103574,10290,113269,200,436,300,2052,2510,12053,11260,32227
TX,75702,0,10730,4980,2630,3000,6920,23520,10680,220,110,110,301667,10730,304316,9640,245094,690,627,280,1349,220,1351,0,0,1670,14120,200,2686,260,2951,1150,16648,70,470,1979,550,4685,100,8373,1780,2649,110,25,0,0,70,368,40,126,300,280,50,133,0,0,890,18214,58697,30,85,650,944,480,1167,800,2388,390,1992,670,4854,6380,135429,6400,21242,30,68,100,59,3010,2644,30,8,240,110,530,431,800,135,1910,1840,80,22,1300,2432,230,663,250,697,1330,244,10460,48380,4230,12023,3890,10819,3600,5054,780,668,100,41,4850,18545,6420,21724,0,0,30,174,1070,2790,9510,29128
TX,75703,0,18890,8760,7780,2040,9190,35990,10580,220,40,180,1643452,18890,1667666,15380,1009990,5980,13455,4320,43470,4030,32963,200,448,3500,77450,3970,100956,2350,47618,3990,92354,250,490,2053,3180,49395,1690,172650,5410,24214,650,164,140,3566,890,6380,360,2200,1530,1620,250,577,110,1527,5500,150741,1025209,240,2102,4660,10899,4670,26954,5350,40635,3600,30033,4710,51679,15330,1265041,15190,283940,490,1824,170,112,6160,7487,1470,1056,910,514,1550,1551,920,138,2540,3158,200,85,2770,10469,280,889,310,951,1160,282,17980,322939,2830,6242,2380,5407,1820,2297,1480,1255,120,64,13890,277657,14930,294939,760,1619,890,4877,4230,32421,13470,49030
TX,75704,0,3680,1480,1460,680,2130,7940,2990,60,20,40,154619,3680,156244,3120,113352,660,583,330,1410,300,1079,0,0,720,6507,290,2531,280,4017,700,11835,140,160,690,440,5089,90,4504,840,1625,60,16,0,0,80,380,30,121,180,164,0,0,0,0,590,12884,49388,20,75,470,777,450,1364,570,2405,360,2215,470,3702,2550,89662,2550,14926,0,0,30,14,1090,1082,70,5,100,57,210,191,270,48,640,700,30,7,550,1168,60,163,60,169,380,75,3500,21046,990,2694,880,2338,880,1302,210,185,20,7,2120,13792,2580,15238,0,0,20,26,580,1830,2990,8995
TX,75705,0,930,410,300,210,550,1900,730,0,0,0,35137,930,35388,820,28305,120,144,30,35,30,27,0,0,150,697,40,147,60,520,170,2517,40,60,300,90,997,0,0,140,251,0,0,0,0,0,0,0,0,40,35,0,0,0,0,140,3204,10145,0,0,100,169,110,275,130,496,90,530,120,801,650,18805,650,2751,0,0,0,0,280,278,0,0,0,0,60,61,70,11,170,183,0,0,90,172,0,0,0,0,70,15,910,4838,270,659,240,584,190,265,70,59,0,0,560,2472,640,2762,0,0,0,0,100,332,820,2390
TX,75706,0,3580,1410,1400,740,2170,8270,3470,30,0,30,136230,3580,137340,3170,114295,450,281,180,449,170,285,0,0,600,5400,150,1470,150,1926,470,6701,120,140,567,280,2955,60,1229,710,1110,60,17,0,0,30,108,0,0,130,128,0,0,0,0,460,9369,36287,0,0,350,546,310,923,430,1629,280,1783,340,1833,2410,74083,2420,11270,0,0,30,19,1110,1146,30,0,110,64,190,171,260,46,730,839,20,7,480,938,60,165,70,193,450,101,3450,19404,1080,3078,990,2702,980,1423,220,166,20,3,1940,10122,2420,11324,0,0,0,0,460,1382,3070,9317
TX,75707,0,6630,2700,3110,700,3280,13280,4020,50,0,50,458423,6630,463885,5360,323769,2080,2859,1270,8324,1170,5814,60,68,1250,18175,1150,17140,870,15172,1600,36145,170,190,851,1190,16367,380,15188,1740,5462,230,61,30,561,230,1353,90,463,460,472,80,162,0,0,1780,45419,238723,60,326,1480,3012,1510,7048,1760,10703,1180,8746,1510,13380,5170,326998,5130,63803,130,469,40,24,2020,2427,380,177,270,151,420,397,310,56,1010,1288,110,38,950,2816,90,300,100,314,450,115,6280,74607,1090,2562,940,2236,750,999,390,334,40,15,4670,61377,5120,65586,170,351,190,608,1360,7243,4920,14964
TX,75708,0,2950,1170,1110,660,1750,6860,2970,0,0,0,96655,2950,97425,2600,80978,280,166,110,271,90,151,0,0,490,4502,100,330,110,1159,380,4821,70,120,496,220,2059,20,441,530,770,30,7,0,0,20,82,0,0,70,57,0,0,0,0,270,5562,18678,0,0,200,293,180,404,250,828,160,907,180,829,1930,46662,1920,6627,0,0,20,9,910,918,0,0,90,51,150,128,230,42,620,677,20,6,390,792,60,174,60,186,410,82,2870,13977,1000,2852,890,2490,890,1310,180,144,20,7,1530,5708,1970,6726,0,0,0,0,330,662,2570,7878
TX,75709,0,2470,1150,840,430,1340,4690,1500,30,0,30,157086,2470,159209,2090,105197,540,685,330,2197,300,1412,20,16,480,4728,310,6383,250,4217,500,10908,50,110,551,340,4610,120,10063,610,2123,60,15,0,0,50,313,30,106,180,187,30,67,0,0,520,13331,74123,30,144,410,986,420,1821,510,3231,330,2556,440,3883,1900,112582,1890,23400,30,225,0,0,710,725,70,19,90,51,180,174,160,23,350,392,20,7,330,999,30,83,30,99,210,42,2360,27787,520,1276,440,1093,380,495,200,164,0,0,1680,22673,1900,24183,60,125,60,217,430,3206,1930,5768
TX,75750,0,1620,610,770,200,840,3440,1130,0,0,0,95714,1620,96674,1360,70392,400,720,190,1081,170,837,0,0,290,3823,190,4737,140,2286,360,7235,160,60,297,270,2990,50,1575,360,960,50,15,0,0,30,124,0,0,90,74,0,0,0,0,330,8395,40693,20,72,260,518,280,898,310,1589,230,1603,250,2193,1270,64328,1260,11169,0,0,0,0,520,622,40,77,50,23,80,75,80,16,320,413,0,0,200,570,0,0,20,45,130,34,1550,14218,320,748,270,654,230,283,80,65,0,0,1130,10497,1240,11342,0,0,30,120,280,1608,1280,4132
TX,75751,0,7150,3030,2650,1360,4360,14690,5240,90,0,90,342194,7150,347148,5850,227647,1510,3171,800,6177,740,4732,50,30,1520,20682,790,10783,600,9968,1250,27880,350,170,751,950,11980,310,16628,1780,4954,220,58,20,467,240,1329,80,465,370,396,50,103,0,0,1230,29194,141492,50,263,1070,1838,940,4165,1210,6448,690,4445,920,7202,4910,218604,4880,40752,90,377,60,31,1920,1839,220,45,200,100,300,284,320,49,1180,1282,70,23,1160,3110,120,375,130,396,700,137,6770,55302,2010,5306,1790,4661,1520,2025,330,282,60,25,4240,38581,5030,42813,60,95,100,646,1210,6322,5650,16872
TX,75752,0,2660,980,1340,330,1590,5600,1720,30,0,30,167448,2660,169501,2120,101874,750,1079,450,3244,420,2122,0,0,560,6066,440,18102,320,6489,660,16338,270,90,379,520,7100,120,7047,650,2053,70,18,0,0,90,470,30,148,130,139,0,0,0,0,580,15174,73946,20,110,460,893,460,2117,560,3376,330,2406,440,3318,1990,115026,1980,21084,50,207,0,0,750,721,120,39,70,40,110,104,120,20,410,477,50,14,430,1105,30,119,30,112,260,63,2530,27127,570,1461,500,1245,420,581,100,82,0,0,1760,20342,2040,22113,30,49,50,456,520,2496,2030,6255
TX,75754,0,2340,900,1150,270,1420,5000,1620,0,0,0,120097,2340,121450,1860,84719,570,870,280,1110,250,708,20,20,490,4927,280,3106,250,3568,490,10129,310,80,404,390,4651,110,3557,570,1353,50,13,0,0,70,337,40,149,90,73,0,0,0,0,440,9776,40293,30,84,360,618,330,1050,430,1816,260,1956,300,1853,1700,77102,1700,13387,0,0,20,14,650,814,50,88,60,26,100,114,130,28,400,508,30,7,390,937,50,167,60,205,260,64,2180,16793,500,1220,430,1015,370,488,120,109,20,5,1490,12502,1760,13755,0,0,20,118,410,1429,1800,5790
TX,75755,0,2120,820,1000,290,1070,4550,1540,0,0,0,101933,2120,103232,1790,78367,500,509,200,664,170,517,0,0,430,4464,190,1021,170,2306,340,6219,130,90,314,270,2873,80,1445,530,1299,60,16,0,0,60,288,30,143,110,96,0,0,0,0,310,6188,28783,20,49,240,377,250,707,310,1187,190,1168,220,1440,1550,64483,1560,10944,0,0,0,0,630,708,30,1,50,29,100,97,160,34,400,513,30,10,320,773,30,111,30,112,220,50,2030,15475,530,1327,450,1103,350,493,120,102,0,0,1370,10235,1600,11263,0,0,0,0,310,1195,1750,5162
TX,75756,0,1620,580,840,180,900,3640,1280,0,0,0,84952,1620,85988,1350,62019,380,335,140,446,130,263,0,0,320,5500,150,2118,140,1747,350,7431,180,50,327,250,2533,60,3759,390,1036,50,13,0,0,50,260,0,0,90,78,0,0,0,0,340,7061,32528,0,0,280,538,250,900,310,1583,230,1353,240,1622,1220,53943,1220,9286,0,0,0,0,500,618,30,4,60,34,90,84,110,21,310,417,0,0,240,708,30,83,30,88,170,37,1540,12003,370,943,330,810,270,379,90,73,0,0,1060,8637,1240,9520,0,0,0,0,270,1350,1290,3927
TX,75757,0,4880,1780,2540,490,2680,10570,3520,30,0,30,397366,4880,403335,3880,233608,1590,2544,970,6486,890,4724,60,88,1010,20942,940,17636,650,16734,1160,30351,260,150,752,940,14865,380,37747,1310,5969,170,45,0,0,230,1280,80,505,280,271,50,94,0,0,1540,39102,223757,70,410,1300,2820,1370,7646,1520,11343,1140,9543,1250,9043,3860,293722,3820,61154,110,484,30,20,1540,2143,290,329,240,136,270,282,210,36,870,1162,50,16,790,2647,60,227,70,230,350,98,4630,66234,780,1924,660,1584,560,821,270,223,30,23,3500,58493,3860,62121,100,183,150,466,1080,9029,3540,11137
TX,75758,0,4080,1550,1940,510,2130,8290,2490,20,0,20,215082,4080,217720,3240,151847,1070,1044,520,2051,440,1410,20,16,760,7924,470,5706,460,6847,990,19736,180,150,711,700,8082,160,6766,990,2638,110,28,0,0,90,541,60,232,230,219,30,62,0,0,930,19535,90960,50,329,760,1323,750,2426,900,4188,600,3776,700,4371,3020,140058,3010,24132,40,114,30,27,1110,1271,100,10,170,85,190,202,240,48,650,826,50,17,590,1772,60,165,70,196,340,78,3860,31804,810,1976,700,1679,530,728,200,155,20,6,2750,22861,3080,25216,30,79,40,78,720,2881,3210,8753
TX,75760,0,1010,410,440,130,550,2080,660,0,0,0,46679,1010,47314,820,32704,250,181,120,227,110,138,0,0,180,3873,110,434,80,1132,240,5349,130,40,144,150,1382,0,0,240,635,40,12,0,0,40,206,0,0,50,49,0,0,0,0,140,2791,10947,0,0,110,162,90,158,130,370,60,330,80,549,750,29235,750,4556,0,0,0,0,290,300,20,0,0,0,50,45,60,10,180,228,0,0,150,475,0,0,0,0,90,17,960,6374,220,534,200,472,140,188,50,36,0,0,690,4195,770,4753,0,0,0,0,190,623,790,2250
TX,75762,0,5870,2150,3020,610,2950,12440,3910,50,0,50,423169,5870,428966,4810,295766,1800,3334,1090,7939,1000,6437,60,48,1240,19449,1020,13948,670,13988,1300,27774,160,170,843,980,13402,400,23962,1760,5797,220,57,30,585,270,1525,110,615,500,494,80,156,0,0,1900,43784,231265,50,323,1570,3180,1680,6857,1880,10729,1440,10083,1550,11085,4740,301130,4730,56446,100,399,40,30,1980,2670,300,261,370,210,400,421,280,50,1160,1564,70,25,960,3020,90,270,100,290,390,105,5610,67019,880,2053,750,1702,620,821,340,280,40,19,4360,53498,4760,57566,120,175,130,427,1240,5922,4360,13837
TX,75763,0,2390,970,1080,330,1410,4830,1470,0,0,0,131792,2390,133215,1880,86647,600,1033,350,2357,310,1648,0,0,460,5940,320,3126,300,4783,590,12119,160,90,393,440,5557,100,1941,550,1423,60,16,0,0,50,315,30,175,100,98,0,0,0,0,420,9347,51276,0,0,360,721,350,1360,420,2277,260,1778,330,1676,1780,89437,1760,16566,30,58,20,12,640,993,80,160,60,32,90,89,140,24,380,460,20,6,360,829,40,171,50,179,200,45,2260,18688,580,1432,500,1223,360,461,80,70,0,0,1590,15270,1800,16387,20,40,30,103,420,1783,1820,5586
TX,75765,0,3050,1110,1590,290,1490,5950,1430,30,0,30,166901,3050,169289,2100,92083,1140,1016,580,3347,530,2391,0,0,580,6786,560,5943,670,12063,1050,26451,100,100,524,940,12452,140,4815,710,2388,90,22,0,0,100,492,50,229,150,137,0,0,0,0,650,14336,61908,20,99,570,977,580,1745,650,2968,400,2368,570,3945,2300,111157,2280,18690,20,70,30,16,760,856,160,135,60,33,120,127,140,27,360,463,50,18,430,1206,50,157,60,182,210,57,2820,23211,530,1144,440,972,310,398,120,111,20,5,2110,17758,2340,19321,0,0,40,149,690,2211,2160,5730
TX,75766,0,10630,4380,4160,1970,6670,23770,9450,0,0,0,454578,10630,460486,9140,333943,1940,3123,1010,5518,930,4180,70,47,1750,23023,950,14837,790,11767,1760,33718,520,380,1682,1240,14513,300,10680,2100,5908,230,58,30,639,270,1451,120,504,400,376,40,72,0,0,1470,33887,146138,90,274,1170,2231,1050,3908,1370,6690,740,4632,1030,7587,7300,266534,7270,44319,90,337,80,53,3140,3610,250,397,270,150,440,424,670,96,2060,2300,90,32,1350,3524,160,534,170,583,1280,293,10200,67331,3030,8300,2760,7424,2620,3736,500,437,60,28,6070,40710,7280,45401,60,87,90,415,1430,6314,8850,27546
TX,75770,0,1090,390,520,180,640,2230,680,0,0,0,71399,1090,72278,880,39177,290,340,160,1232,150,947,0,0,200,2728,170,7696,120,2469,300,6420,150,50,262,200,2577,40,2223,250,879,20,5,0,0,0,0,0,0,40,36,0,0,0,0,260,5741,30073,0,0,200,374,190,703,230,1160,160,1171,180,1099,810,50775,810,9412,20,100,0,0,300,294,30,8,20,14,50,35,50,8,170,204,0,0,150,476,0,0,0,0,90,22,1030,12013,260,608,230,523,150,211,50,35,0,0,720,9099,810,9974,0,0,20,179,210,1111,820,2559
TX,75771,0,8530,3090,4400,910,4350,18080,5770,70,0,70,535534,8530,543610,6650,336983,2580,4520,1490,9485,1390,6638,60,84,1770,26587,1410,30352,1260,24760,2200,51461,380,220,1020,1730,24256,520,26125,2430,8076,320,87,30,708,350,2021,140,700,580,631,80,131,30,348,2180,50413,247964,90,452,1820,3525,1920,7718,2120,11990,1560,10653,1780,13247,6490,367244,6450,65634,110,388,60,37,2670,3631,400,366,340,188,550,543,400,67,1570,2060,120,38,1450,4583,110,325,130,358,600,171,8050,77803,1480,3648,1240,3058,1110,1525,510,429,50,24,5830,62002,6580,68244,100,134,150,758,1890,11482,6200,17931
TX,75773,0,5090,1930,2480,620,2770,10660,3310,40,0,40,243815,5090,246612,3880,157749,1530,2538,760,3966,680,3007,30,19,970,9283,670,6926,690,11864,1300,29615,250,140,549,1000,12249,220,8947,1180,2797,150,42,0,0,130,668,60,372,240,216,30,53,0,0,910,20871,83657,50,170,730,1266,710,2040,860,3635,550,3558,650,4269,3670,151753,3630,24414,40,129,50,19,1390,1589,190,110,120,66,250,264,310,55,810,978,50,12,730,1704,100,285,100,296,510,123,4780,32763,1120,2804,980,2394,830,1128,270,224,40,20,3210,22717,3720,25023,30,28,50,127,940,3580,3890,10988
TX,75778,0,1280,450,660,150,710,2650,770,0,0,0,60070,1280,60834,990,41598,300,228,180,546,150,336,0,0,250,2591,160,1289,150,3301,340,6856,110,40,220,260,3018,40,402,290,764,30,7,0,0,30,134,0,0,50,49,0,0,0,0,220,4523,19483,0,0,170,310,160,433,210,809,120,813,160,986,950,37049,950,5743,0,0,0,0,350,347,40,1,0,0,40,37,60,11,210,263,0,0,180,436,30,75,30,92,130,32,1180,8032,280,657,230,532,180,228,40,29,0,0,840,5396,980,5984,0,0,0,0,250,802,970,2743
TX,75783,0,3020,1130,1520,340,1770,6200,1790,20,0,20,156969,3020,159111,2220,94002,1060,1378,410,2118,380,1376,0,0,610,8735,430,3418,430,6713,840,20021,260,90,499,660,8016,140,3163,750,2142,90,26,0,0,90,460,50,322,140,154,0,0,0,0,530,11397,47427,0,0,450,725,450,1206,510,2076,320,2281,400,2583,2230,102506,2220,18111,0,0,0,0,800,852,110,10,80,46,150,155,170,33,450,554,40,11,500,1301,30,109,40,120,270,61,2840,23117,640,1472,530,1246,400,552,140,128,0,0,2000,17247,2300,18866,0,0,30,62,640,2022,2240,5972
TX,75784,0,280,120,120,40,190,580,200,0,0,0,12204,280,12245,240,9621,60,33,20,24,0,0,0,0,20,93,20,66,0,0,60,1281,40,0,0,40,503,0,0,40,41,0,0,0,0,0,0,0,0,0,0,0,0,0,0,40,708,2603,0,0,30,32,20,31,40,93,20,91,20,89,200,7325,200,1142,0,0,0,0,70,72,0,0,0,0,0,0,0,0,50,56,0,0,0,0,0,0,0,0,30,10,270,1713,80,179,70,166,50,73,0,0,0,0,180,1066,200,1134,0,0,0,0,30,38,240,712
TX,75785,0,3750,1450,1580,640,2170,7940,2830,0,0,0,168678,3750,170226,3080,125495,830,693,350,1278,330,897,30,24,570,6469,340,2420,280,3895,890,18786,320,140,630,610,6738,80,1751,740,1548,110,26,0,0,80,356,40,140,210,193,20,23,0,0,570,12941,50033,40,99,450,691,400,981,530,1907,310,1778,390,2811,2720,101960,2720,16141,30,75,0,0,1130,1296,80,84,110,66,180,155,280,34,730,890,50,13,410,1039,40,122,40,116,370,98,3580,23554,950,2503,850,2234,720,988,180,152,0,0,2340,14781,2680,16182,0,0,0,0,540,2332,3080,9577
TX,75789,0,3130,1180,1480,420,1670,6740,2300,30,0,30,171945,3130,174085,2580,125232,780,973,430,2069,380,1250,20,17,610,5761,410,4403,320,5631,700,14687,310,150,566,510,6521,150,4292,770,2140,100,28,0,0,100,560,50,232,160,158,20,30,0,0,690,15766,70234,30,109,540,1052,550,1695,650,2968,420,3082,530,3501,2380,111614,2380,18420,40,98,30,15,960,1148,100,8,120,67,180,175,160,31,600,804,30,8,440,1079,50,143,50,149,260,68,2980,24219,610,1525,530,1332,440,599,190,152,0,0,2140,17186,2360,18655,20,13,40,83,580,2371,2400,7571
TX,75790,0,2000,780,930,240,1120,4370,1610,0,0,0,98924,2000,100179,1640,74791,490,493,260,909,210,423,20,16,410,3814,250,1378,180,2200,390,8231,180,40,210,280,2822,90,2330,550,1255,80,23,0,0,60,266,30,148,150,137,0,0,0,0,420,10420,39510,30,102,330,569,350,1145,400,1921,250,1637,280,2135,1480,60185,1470,9460,0,0,0,0,630,835,50,3,70,36,120,105,90,18,450,645,0,0,320,738,30,102,40,110,190,47,1890,13302,410,996,350,840,300,422,120,98,0,0,1310,8588,1500,9536,0,0,0,0,330,1062,1560,4536
TX,75791,0,5820,2250,2760,710,2810,12370,4290,60,0,60,367609,5820,372971,4970,277244,1540,2118,880,5102,800,4072,40,40,1140,13783,790,10454,530,7930,1210,24619,180,190,804,760,9068,300,18032,1660,5362,230,60,30,648,200,1154,100,540,510,555,60,126,0,0,1530,36633,181174,60,206,1250,2462,1320,5282,1490,8196,1130,7696,1240,9065,4590,251018,4570,45507,90,408,40,26,2070,2672,220,56,340,200,450,512,310,52,1280,1689,90,39,870,2468,80,250,90,256,370,92,5580,56529,1020,2438,850,2076,730,963,420,373,40,25,4120,42934,4530,46273,90,160,110,239,1070,5214,4490,13449
TX,75792,0,1430,560,610,230,750,2930,970,0,0,0,62457,1430,63038,1210,48958,270,183,100,413,90,327,0,0,270,2643,110,664,100,1356,300,5436,90,60,332,180,1999,30,171,300,581,0,0,0,0,0,0,0,0,60,53,0,0,0,0,210,4142,17728,0,0,170,254,150,363,210,724,120,680,160,942,1040,38134,1040,5990,0,0,0,0,420,424,20,5,30,19,80,73,100,18,240,283,0,0,190,419,20,58,20,65,130,27,1380,8831,360,904,310,791,240,297,100,76,0,0,900,5519,1030,6110,0,0,0,0,230,764,1160,3311
TX,75801,0,6720,2760,2410,1490,3930,13990,5180,0,0,0,307022,6720,310706,5720,226911,1210,2181,840,4041,790,2897,30,31,1200,12574,800,11310,490,6297,1240,25496,310,190,823,860,9774,240,9065,1360,3684,190,49,0,0,110,873,70,342,320,299,40,72,0,0,1160,26270,110286,60,213,970,1540,760,2613,1120,4585,590,3387,840,5289,4760,188700,4740,31296,60,204,50,35,2050,2141,190,78,180,104,340,332,490,70,1290,1486,70,17,750,2207,90,221,100,259,730,178,6470,46885,1930,5174,1760,4644,1470,1942,370,317,40,17,4060,28943,4710,31818,40,60,70,269,880,3988,5580,18287
TX,75803,0,6060,2280,2550,1170,3500,12940,4610,0,0,0,301879,6060,305214,5070,220279,1180,907,740,2663,690,1925,30,18,1080,10473,710,9781,480,6712,1320,29289,500,180,815,880,9615,190,10178,1160,3335,150,40,0,0,110,743,60,309,260,247,0,0,0,0,1090,23938,103315,40,89,900,1508,720,2211,1050,3969,580,3394,760,4473,4470,190914,4460,31778,50,131,40,40,1880,2111,170,26,160,86,270,284,420,61,1240,1501,70,25,670,1784,80,206,90,264,580,136,5820,47079,1600,4147,1450,3722,1180,1605,290,230,30,6,3830,29949,4440,32407,40,42,40,224,820,3375,5050,17164
TX,75831,0,2100,760,1040,280,1350,4760,1720,0,0,0,124125,2100,125396,1730,82633,550,1197,330,1945,310,1347,0,0,410,5317,280,3323,200,3644,400,9013,310,60,316,350,4523,80,10121,460,1271,40,12,0,0,60,349,0,0,70,59,0,0,0,0,350,8011,37032,0,0,300,477,250,601,340,1163,190,1137,240,1717,1580,84229,1570,15831,0,0,0,0,610,759,70,9,40,17,70,70,70,12,430,595,0,0,300,839,20,63,30,73,240,67,1990,19701,410,924,340,795,360,533,70,61,0,0,1380,14938,1590,16184,0,0,30,256,390,2141,1630,4864
TX,75833,0,1480,550,730,180,880,2990,860,0,0,0,92087,1480,93192,1090,54611,480,1778,190,900,190,614,0,0,360,4686,230,2509,160,2383,380,8148,270,30,177,280,3541,60,499,390,1105,40,12,0,0,50,280,0,0,70,69,0,0,0,0,280,7157,30105,0,0,220,423,220,575,270,1135,170,1160,200,1602,1080,64939,1080,10466,30,101,0,0,350,645,40,208,30,17,60,57,40,7,230,296,0,0,270,741,0,0,20,54,100,20,1350,13144,280,626,240,524,170,212,60,45,0,0,1000,9643,1130,10657,0,0,40,140,300,1796,1070,3706
TX,75835,0,4500,1860,1570,1000,2780,9050,3160,0,0,0,200555,4500,202967,3630,124886,1020,1539,640,3660,590,2986,0,0,830,6624,590,9584,400,6712,930,20379,450,140,581,720,8666,210,10019,940,2412,110,30,0,0,110,549,50,284,150,156,20,27,0,0,580,13970,57639,20,73,480,754,410,1486,560,2428,280,1808,410,2951,3050,125911,3030,21519,40,165,30,24,1150,1081,140,27,100,54,170,145,310,53,670,753,40,12,650,1550,70,198,70,231,370,76,4230,29021,1390,3666,1250,3332,940,1217,160,139,30,6,2610,20436,3050,22542,20,33,60,259,790,5181,3490,10864
TX,75838,0,270,110,130,30,170,510,130,0,0,0,16708,270,16819,200,9969,100,92,50,263,40,187,0,0,40,333,40,160,20,137,80,1456,70,0,0,70,702,0,0,70,111,0,0,0,0,0,0,0,0,0,0,0,0,0,0,40,868,4687,0,0,40,63,30,77,40,164,0,0,20,124,220,11944,220,2044,0,0,0,0,80,84,0,0,0,0,0,0,0,0,40,63,0,0,40,98,0,0,0,0,20,5,240,2125,40,80,30,63,0,0,0,0,0,0,210,1958,230,2138,0,0,0,0,80,368,160,492
TX,75839,0,2060,740,940,350,1140,4460,1540,0,0,0,101649,2060,102360,1740,77605,420,493,270,920,260,667,0,0,320,2632,250,1559,170,2623,450,9016,230,60,249,280,2983,80,5016,380,711,60,16,0,0,40,120,0,0,80,93,0,0,0,0,350,7978,33204,0,0,280,450,230,725,350,1278,180,1117,220,1389,1540,63887,1530,10538,0,0,0,0,650,723,50,3,40,21,70,71,140,24,430,570,30,9,230,456,20,61,20,63,230,50,1970,14797,490,1269,430,1103,350,451,80,66,0,0,1360,9743,1530,10404,0,0,0,0,260,885,1710,5640
TX,75840,0,3220,1270,1420,480,2030,7010,2580,30,0,30,187127,3220,189083,2670,132314,740,1054,460,2688,430,2097,0,0,590,8075,440,4736,320,5684,690,15110,320,80,348,500,6305,150,5865,740,1956,100,26,0,0,70,382,40,234,160,173,20,40,0,0,640,14216,72440,0,0,550,994,490,1579,620,2690,370,2417,470,3439,2480,125976,2480,22012,30,121,20,10,1060,1270,120,13,110,58,170,190,160,21,690,902,40,14,450,1344,40,114,40,124,290,80,3040,27384,580,1413,510,1241,490,712,180,161,0,0,2220,20671,2470,22535,20,20,40,134,620,3593,2440,7607
TX,75844,0,2100,790,980,310,1220,4290,1300,0,0,0,108488,2100,109569,1610,72111,580,759,390,1743,340,1450,0,0,400,4225,330,4698,280,5319,520,12800,310,60,348,430,4956,70,2050,470,1081,60,19,0,0,50,274,20,125,80,72,0,0,0,0,360,8418,36655,0,0,330,568,270,715,360,1364,190,1053,260,2057,1540,70691,1520,11659,0,0,0,0,570,638,80,37,50,25,80,77,130,19,340,414,40,8,310,740,20,97,20,92,160,35,1930,15877,480,1131,410,973,300,374,80,70,0,0,1370,10922,1550,12025,0,0,30,97,380,1502,1610,5123
TX,75845,0,1080,430,450,180,650,2200,740,0,0,0,47857,1080,48353,870,35101,290,255,100,387,90,291,0,0,200,1489,100,617,80,1114,240,5318,180,40,148,180,1856,0,0,240,496,40,12,0,0,0,0,0,0,40,39,0,0,0,0,150,3209,12763,0,0,120,208,80,183,140,445,80,433,90,481,790,29316,790,4563,0,0,0,0,280,288,20,0,20,10,40,30,50,11,160,201,0,0,140,303,0,0,0,0,110,21,1000,6712,270,739,250,645,200,255,40,32,0,0,670,4274,800,4682,0,0,0,0,200,934,830,2686
TX,75846,0,1010,360,510,130,640,2310,830,0,0,0,54605,1010,55372,790,35731,280,462,170,606,150,513,0,0,220,4263,130,1186,90,1677,220,4620,140,30,140,180,2170,40,1200,260,767,0,0,0,0,30,137,0,0,30,19,0,0,0,0,150,3323,15815,0,0,140,218,110,316,150,558,80,402,120,920,740,35933,740,6010,0,0,0,0,260,357,0,0,0,0,30,27,30,6,200,255,0,0,180,691,0,0,0,0,130,30,940,7693,220,538,190,433,190,277,40,27,0,0,640,5641,770,6457,0,0,0,0,190,1473,770,2517
TX,75847,0,620,230,250,100,350,1220,390,0,0,0,26328,620,26563,490,19528,160,105,80,284,60,194,0,0,110,451,70,455,60,585,150,3053,90,0,0,100,1191,0,0,160,235,20,6,0,0,0,0,0,0,30,31,0,0,0,0,100,1743,6451,0,0,60,96,50,110,70,247,30,199,60,297,460,15912,450,2298,0,0,0,0,180,200,0,0,0,0,20,24,40,5,110,148,0,0,90,127,0,0,0,0,60,13,580,3442,150,349,130,309,80,98,0,0,0,0,420,2096,450,2277,0,0,0,0,110,274,480,1412
TX,75850,0,190,70,90,20,100,370,90,0,0,0,13025,190,13106,140,7245,60,36,30,67,30,43,0,0,30,89,30,291,30,358,60,1329,50,0,0,50,627,0,0,30,81,0,0,0,0,0,0,0,0,0,0,0,0,0,0,40,822,5318,0,0,30,71,30,85,30,169,0,0,30,208,140,9540,140,1938,0,0,0,0,40,23,0,0,0,0,0,0,0,0,0,0,0,0,0,0,0,0,0,0,0,0,180,2159,30,83,30,71,20,26,0,0,0,0,120,1887,140,2009,0,0,0,0,40,329,130,497
TX,75851,0,1020,420,460,140,610,2080,670,0,0,0,55623,1020,56139,770,35378,290,230,160,450,150,341,0,0,200,2373,150,1325,100,1275,310,7140,200,30,149,200,2205,50,879,240,516,30,10,0,0,20,78,0,0,40,38,0,0,0,0,190,4083,18358,0,0,160,277,150,369,180,686,90,569,140,875,810,36901,790,6124,0,0,0,0,320,390,30,2,40,26,50,55,60,9,200,267,0,0,150,372,0,0,0,0,50,13,950,7032,180,403,160,335,110,131,60,48,0,0,730,5723,790,6274,0,0,0,0,220,1396,760,2332
TX,75852,0,710,280,310,130,410,1440,470,0,0,0,42856,710,43186,570,23215,190,251,80,245,70,157,0,0,140,926,90,1086,40,391,170,3857,140,0,0,110,1310,20,877,170,330,0,0,0,0,0,0,0,0,30,30,0,0,0,0,140,3213,13279,0,0,120,189,100,309,140,521,70,510,100,792,500,30012,500,6654,0,0,0,0,200,186,0,0,0,0,30,26,50,8,120,128,0,0,100,187,0,0,0,0,50,9,660,6212,170,430,150,355,110,146,40,32,0,0,430,6483,500,7067,0,0,0,0,130,1429,550,1733
TX,75853,0,420,170,210,50,220,850,230,0,0,0,27224,420,27346,340,17054,140,90,80,220,60,120,0,0,80,116,70,811,40,344,110,3241,90,0,0,90,1181,0,0,80,122,0,0,0,0,0,0,0,0,0,0,0,0,0,0,100,2049,12226,0,0,70,141,60,156,100,346,40,317,60,403,340,18930,340,3340,0,0,0,0,130,149,0,0,0,0,0,0,0,0,70,94,0,0,40,39,0,0,0,0,20,6,410,4041,70,137,50,117,40,47,0,0,0,0,310,3147,340,3337,0,0,0,0,80,302,330,1050
TX,75855,0,990,380,440,160,580,1960,580,0,0,0,49872,990,50133,770,32899,230,151,120,235,100,156,0,0,160,615,130,442,90,1630,270,6495,200,30,155,190,2117,20,1052,180,261,0,0,0,0,0,0,0,0,20,23,0,0,0,0,160,3747,12182,0,0,130,207,110,235,160,487,70,454,100,743,710,32520,710,6073,0,0,0,0,240,223,0,0,0,0,30,26,50,8,150,173,0,0,120,150,0,0,0,0,70,15,930,7247,230,587,220,510,150,178,40,35,0,0,650,5849,730,6188,0,0,0,0,150,573,790,2554
TX,75856,0,110,40,50,0,80,230,60,0,0,0,5565,110,5599,80,4096,40,6,0,0,0,0,0,0,30,107,0,0,0,0,20,434,40,0,0,20,189,0,0,30,34,0,0,0,0,0,0,0,0,0,0,0,0,0,0,30,605,2244,0,0,30,42,0,0,30,95,0,0,0,0,80,3371,80,490,0,0,0,0,0,0,0,0,0,0,0,0,0,0,0,0,0,0,0,0,0,0,0,0,0,0,100,677,0,0,0,0,0,0,0,0,0,0,80,464,90,498,0,0,0,0,0,0,80,285
TX,75859,0,780,270,450,70,450,1590,390,0,0,0,57650,780,58320,560,36493,270,209,170,989,170,675,0,0,180,3049,160,2142,130,3080,250,6446,90,20,105,200,3070,40,1760,200,670,0,0,0,0,40,162,0,0,30,29,0,0,0,0,220,5778,33156,0,0,200,450,200,1155,210,1664,160,1412,170,983,600,41605,590,8258,0,0,0,0,190,283,40,72,0,0,0,0,30,5,100,134,0,0,140,479,0,0,0,0,50,10,740,9010,130,276,100,221,80,93,0,0,0,0,550,7728,620,8384,20,44,20,73,180,1197,550,1703
TX,75860,0,2320,910,980,410,1390,5040,1890,0,0,0,122790,2320,124044,1920,90341,590,681,280,1152,270,872,0,0,350,4496,250,2629,200,2415,520,10921,260,60,273,320,4010,50,549,490,1254,90,23,0,0,50,264,20,129,110,107,0,0,0,0,370,8730,35933,0,0,290,505,270,868,340,1483,190,1241,250,1351,1770,79797,1760,12933,30,52,0,0,720,885,70,17,80,45,130,129,90,12,480,634,20,5,280,776,20,48,20,55,200,48,2200,17436,510,1323,460,1197,390,533,140,104,0,0,1550,12006,1730,13001,0,0,20,31,420,1546,1810,5643
TX,75861,0,750,300,280,150,370,1470,470,0,0,0,34319,750,34549,640,26718,130,51,90,162,70,75,0,0,100,197,80,516,40,568,190,4474,90,0,0,120,1179,0,0,130,230,0,0,0,0,0,0,0,0,40,36,0,0,0,0,100,2534,8062,0,0,80,125,70,154,100,312,50,317,60,303,590,21055,580,3210,0,0,0,0,230,212,0,0,0,0,30,33,70,7,140,147,0,0,70,103,0,0,0,0,50,9,720,4664,170,374,150,328,100,141,40,25,0,0,510,2960,550,3144,0,0,0,0,100,298,630,1922
TX,75862,0,3860,1540,1580,700,2100,7810,2520,40,0,40,164847,3860,166054,2960,110925,790,1034,420,1859,390,1414,30,17,660,3425,370,3486,400,6992,1070,24374,180,110,594,770,8319,70,1856,690,1207,70,19,0,0,40,171,30,153,120,121,0,0,0,0,580,13352,48529,30,85,480,860,410,1325,560,2378,290,1634,390,2108,2670,98961,2670,16072,30,104,30,19,950,1196,110,326,80,51,110,110,250,39,510,581,80,22,430,850,50,136,60,181,220,43,3670,23861,1060,2814,970,2438,720,979,140,127,0,0,2360,14876,2710,16126,0,0,20,62,580,2163,3130,9512
TX,75901,0,11920,4860,4310,2610,6200,24930,9400,390,280,110,628535,11920,635833,10300,420452,2230,6289,1150,16697,1090,13868,60,62,1730,17741,1030,22645,900,12574,2080,40312,270,310,1320,1380,17246,440,46062,2300,7298,320,86,40,874,310,1938,130,638,490,526,90,135,20,227,1840,47085,258834,80,410,1470,2665,1370,6048,1770,9504,1040,6836,1350,10957,8390,417865,8370,83687,110,555,80,46,3700,3976,360,410,410,206,600,502,890,148,2190,2416,100,28,1380,3937,150,425,150,465,1070,229,11480,114728,3530,9482,3210,8601,2730,3752,610,463,60,20,7080,79950,8130,86398,120,264,190,1181,1610,8346,9870,31544
TX,75904,0,14190,5720,5130,3160,7050,29740,11320,510,340,170,698907,14190,707443,12260,509217,2770,7214,1460,13372,1340,10244,90,87,2070,24892,1320,24588,1100,16931,2670,51225,280,380,1620,1700,21098,510,26329,2830,8536,450,115,50,1117,330,2187,170,719,620,622,120,211,20,107,2290,55182,262231,120,541,1820,3482,1750,7327,2210,12242,1300,8507,1720,13829,10150,446985,10140,79129,150,564,90,47,4610,5561,450,765,600,321,800,684,1040,163,2810,3291,140,50,1590,4662,180,536,190,598,1210,259,13700,113539,4140,11319,3760,10322,3060,4019,890,678,70,30,8630,73570,9810,80282,140,242,180,905,1960,8081,11730,37611
TX,75925,0,1440,520,590,290,870,3160,1210,0,0,0,62845,1440,63436,1160,45478,310,465,120,532,120,277,0,0,220,1465,160,2044,110,1998,320,6869,190,40,213,200,2363,30,2099,270,591,30,8,0,0,40,139,0,0,50,46,0,0,0,0,190,4325,16875,0,0,150,246,130,404,190,719,100,623,140,1067,1000,37469,990,6132,0,0,0,0,430,401,40,2,30,12,50,54,90,11,290,306,0,0,170,340,0,0,0,0,140,32,1370,9403,420,1102,380,995,340,457,50,42,0,0,800,5732,960,6240,0,0,0,0,200,754,1170,3853
TX,75926,0,470,190,190,70,230,900,260,0,0,0,20984,470,21133,390,15530,90,35,40,54,40,32,0,0,80,483,40,100,30,425,130,2186,70,0,0,70,684,0,0,100,149,0,0,0,0,0,0,0,0,0,0,0,0,0,0,50,1051,3857,0,0,40,40,30,45,50,121,30,109,20,128,370,13102,370,1972,0,0,0,0,120,127,0,0,0,0,0,0,40,8,80,101,0,0,60,92,0,0,0,0,30,6,440,2871,100,229,80,186,60,66,0,0,0,0,320,1847,360,2081,0,0,0,0,70,112,380,1057
TX,75928,0,460,140,150,150,320,1040,460,0,0,0,16998,460,17056,410,15217,40,5,0,0,0,0,0,0,80,90,0,0,0,0,50,889,30,40,136,30,245,0,0,60,58,0,0,0,0,0,0,0,0,0,0,0,0,0,0,70,1550,5314,0,0,50,75,30,47,60,165,20,80,60,376,290,8867,300,1315,0,0,0,0,120,144,0,0,0,0,0,0,30,4,90,112,0,0,50,59,0,0,0,0,50,16,440,2515,180,519,160,458,110,156,20,19,0,0,240,1171,300,1299,0,0,0,0,40,91,400,1353
TX,75929,0,560,190,320,60,340,1140,300,0,0,0,26592,560,26746,370,15826,160,126,100,234,80,144,0,0,100,287,70,355,90,1924,190,4388,30,20,126,140,1767,0,0,100,154,0,0,0,0,0,0,0,0,0,0,0,0,0,0,110,2552,7515,0,0,80,133,70,112,100,295,40,183,70,502,370,16251,370,2628,0,0,0,0,120,121,20,1,0,0,0,0,0,0,70,90,0,0,60,99,0,0,0,0,50,12,520,3500,120,287,100,244,70,87,0,0,0,0,350,2358,410,2586,0,0,0,0,100,309,430,1258
TX,75930,0,640,220,310,100,360,1370,440,0,0,0,30111,640,30312,520,23272,150,81,60,138,50,76,0,0,90,634,50,78,50,849,150,2756,70,60,385,120,1195,0,0,130,201,0,0,0,0,0,0,0,0,0,0,0,0,0,0,110,2799,8602,0,0,80,105,70,86,100,252,40,176,50,206,470,17977,460,2831,0,0,0,0,160,195,0,0,0,0,0,0,30,6,110,155,0,0,80,126,0,0,0,0,80,22,600,4373,170,397,150,321,110,133,0,0,0,0,420,2583,490,2837,0,0,0,0,90,193,520,1733
TX,75931,0,900,270,500,110,490,1910,560,0,0,0,57522,900,58011,660,34420,320,328,160,857,140,539,0,0,170,1648,140,2257,130,3492,260,6231,30,50,179,220,3067,30,570,200,489,30,10,0,0,0,0,0,0,20,17,0,0,0,0,220,5393,23213,0,0,170,378,170,614,210,1129,110,758,140,794,670,39496,660,7301,20,99,0,0,230,284,40,21,0,0,30,42,30,5,130,171,0,0,120,319,0,0,0,0,80,23,840,8776,170,482,160,401,120,164,30,31,0,0,610,6896,680,7363,0,0,0,0,180,929,660,2250
TX,75932,0,540,160,290,80,320,1110,310,0,0,0,28379,540,28549,370,17861,170,80,80,335,70,209,0,0,100,1086,70,475,70,1238,160,3834,40,30,149,130,1274,0,0,90,170,0,0,0,0,0,0,0,0,0,0,0,0,0,0,110,2551,9135,0,0,90,139,70,154,110,399,50,205,70,375,390,18055,390,2976,0,0,0,0,130,138,0,0,0,0,0,0,0,0,80,111,0,0,80,135,0,0,0,0,60,19,500,3830,110,284,100,248,70,77,0,0,0,0,350,2535,410,2813,0,0,0,0,100,276,400,1297
TX,75933,0,590,190,290,110,360,1360,510,0,0,0,27896,590,27993,510,23596,110,45,30,30,30,15,0,0,100,187,30,33,40,795,120,2013,60,50,166,80,807,0,0,80,97,0,0,0,0,0,0,0,0,0,0,0,0,0,0,90,1904,7326,0,0,70,120,50,106,90,279,40,170,60,274,420,16937,420,2590,0,0,0,0,190,214,0,0,0,0,0,0,30,5,130,172,0,0,60,75,0,0,0,0,70,22,560,4131,150,396,140,341,110,143,0,0,0,0,360,2376,410,2521,0,0,0,0,60,135,500,1664
TX,75935,0,5650,2100,2160,1340,3760,12910,5310,0,0,0,268716,5650,272309,4780,178633,1070,2730,590,3523,550,2363,50,35,1010,15042,580,11624,360,4532,780,15591,450,180,685,620,6837,270,12598,1160,3593,130,36,0,0,180,1036,50,273,150,129,30,44,0,0,940,25112,98680,70,216,720,1148,530,1412,840,2999,450,2605,660,6041,3910,162639,3880,30424,50,161,30,25,1790,1934,160,210,80,42,250,235,380,69,1170,1272,30,16,810,2466,70,159,70,181,560,139,5320,45012,1640,4341,1480,3852,1470,2194,270,227,20,5,3150,28278,3810,32361,30,53,80,710,890,4856,4520,14684
TX,75936,0,340,120,170,50,200,710,220,0,0,0,17973,340,18064,280,12808,120,49,40,21,30,13,0,0,50,297,40,385,30,356,100,2172,60,0,0,70,722,0,0,80,91,0,0,0,0,0,0,0,0,0,0,0,0,0,0,50,1202,5492,0,0,40,85,30,67,50,176,20,99,30,170,270,11606,270,1820,0,0,0,0,100,108,0,0,0,0,0,0,0,0,70,86,0,0,40,50,0,0,0,0,20,3,330,2407,70,142,70,126,40,55,0,0,0,0,240,1712,260,1846,0,0,0,0,50,156,280,840
TX,75937,0,470,190,200,70,250,970,320,0,0,0,22274,470,22433,360,15049,120,45,50,140,40,93,0,0,80,583,40,87,20,205,100,1957,60,0,0,70,782,0,0,100,159,0,0,0,0,0,0,0,0,0,0,0,0,0,0,70,1131,3975,0,0,50,79,30,51,50,134,0,0,30,138,350,14288,350,2390,0,0,0,0,130,135,0,0,0,0,0,0,0,0,80,108,0,0,60,124,0,0,0,0,50,10,430,2917,100,278,80,251,60,93,0,0,0,0,320,1985,340,2198,0,0,0,0,80,327,350,1038
TX,75938,0,1010,360,500,140,590,2120,660,0,0,0,48536,1010,48959,780,34668,250,160,100,271,90,181,0,0,160,2493,90,907,100,1270,240,5631,100,40,196,200,1924,0,0,190,423,30,7,0,0,0,0,0,0,20,16,0,0,0,0,170,4020,15352,0,0,150,260,140,239,170,578,90,405,130,718,730,29996,740,4711,0,0,0,0,270,313,0,0,0,0,40,38,50,10,170,234,0,0,110,303,0,0,0,0,90,28,950,6661,210,530,180,465,140,179,40,28,0,0,660,4288,740,4754,0,0,0,0,150,537,800,2421
TX,75939,0,1580,630,610,340,1030,3450,1320,0,0,0,67589,1580,68100,1370,52214,290,216,80,493,80,292,0,0,250,2032,90,1331,80,779,350,5140,100,70,261,160,1834,40,1075,270,511,40,12,0,0,0,0,0,0,30,21,0,0,0,0,190,4270,15285,0,0,150,228,100,237,170,636,80,455,110,485,1080,38995,1090,6147,0,0,0,0,490,509,0,0,30,17,70,63,110,18,350,393,20,4,150,386,30,101,30,106,130,30,1530,10243,510,1300,450,1177,350,456,70,52,0,0,920,5590,1050,6134,0,0,0,0,200,775,1360,4587
TX,75941,0,3240,1180,1270,720,1540,7120,2820,110,110,0,140829,3240,141822,2870,111681,530,362,190,1044,170,870,0,0,400,3054,190,1836,200,2441,670,12028,80,110,388,300,3577,40,322,520,993,110,26,0,0,40,151,20,79,120,103,0,0,0,0,390,9061,40501,20,37,300,545,290,958,370,1647,210,1299,290,1935,2310,81945,2310,12753,0,0,0,0,1070,1178,40,5,100,57,150,137,260,45,730,878,40,9,310,640,40,99,40,120,250,47,3140,20808,970,2698,880,2474,750,993,170,132,0,0,1940,11546,2200,12615,0,0,0,0,380,909,2750,8853
TX,75943,0,540,190,260,80,280,1260,460,0,0,0,28339,540,28830,440,20142,140,70,60,70,60,41,0,0,120,1566,60,468,50,689,110,2071,80,0,0,70,757,0,0,160,491,0,0,0,0,30,118,0,0,0,0,0,0,0,0,100,2273,10117,0,0,80,142,80,189,100,393,60,331,70,393,400,17425,410,2726,0,0,0,0,180,230,0,0,0,0,30,25,40,7,120,181,0,0,110,345,0,0,0,0,50,16,520,3684,130,299,100,267,90,122,20,16,0,0,350,2495,390,2913,0,0,0,0,100,588,410,1292
TX,75944,0,540,220,250,50,250,1040,290,0,0,0,26114,540,26256,420,19428,110,59,40,88,40,88,0,0,80,306,50,248,60,889,140,2974,0,20,93,90,1127,0,0,90,142,0,0,0,0,0,0,0,0,0,0,0,0,0,0,70,1519,6988,0,0,50,94,40,103,70,212,30,140,40,194,390,17067,390,2781,0,0,0,0,130,129,0,0,0,0,0,0,30,6,70,100,0,0,50,59,0,0,0,0,40,9,500,3917,90,225,80,191,50,74,0,0,0,0,360,2652,410,2832,0,0,0,0,70,163,420,1141
TX,75946,0,1360,490,590,270,720,2880,1010,0,0,0,60547,1360,61465,1090,46115,300,215,170,469,150,332,0,0,230,2030,170,1151,130,1451,280,5222,170,40,140,200,2262,30,337,310,918,40,10,0,0,40,257,0,0,70,59,0,0,0,0,210,4621,17697,0,0,180,276,140,274,200,605,110,630,150,1071,970,36539,950,5554,0,0,0,0,400,464,40,1,50,29,60,60,70,15,260,340,0,0,200,521,0,0,0,0,120,31,1260,8307,370,891,310,778,250,311,50,43,0,0,850,4978,980,5598,0,0,0,0,240,685,1050,3328
TX,75948,0,2340,860,1170,280,1360,4630,1200,0,0,0,133355,2340,134622,1570,73304,780,889,420,2241,370,1656,50,54,430,3940,350,2946,400,9094,810,18363,100,100,559,650,7928,100,3729,470,1267,50,11,0,0,50,219,20,145,70,65,0,0,0,0,460,11333,45447,70,269,330,598,320,798,450,1713,240,1411,320,1516,1700,90037,1680,14431,30,105,20,15,540,1337,120,589,40,16,60,67,70,14,280,342,20,9,320,786,30,91,40,128,190,55,2150,19251,460,1124,390,950,290,361,70,50,0,0,1560,13292,1750,14488,0,0,30,138,500,2165,1710,5217
TX,75949,0,3160,1120,1510,480,1570,6910,2430,70,40,30,151791,3160,153335,2690,119684,610,596,250,874,230,545,40,24,520,6840,250,2454,250,3058,640,11295,190,120,646,400,4139,80,3137,640,1544,80,24,0,0,60,317,20,85,110,112,0,0,0,0,520,12241,49912,50,166,370,653,370,1056,500,2051,290,1665,300,2113,2320,92099,2320,14559,40,148,0,0,940,1127,50,66,110,62,150,124,190,33,630,805,30,9,400,1029,30,101,30,114,330,88,3020,21736,810,2060,720,1771,570,759,140,106,0,0,2050,13388,2340,14791,0,0,20,46,440,1627,2620,8298
TX,75951,0,6360,2470,2400,1440,3890,13320,4860,0,0,0,321916,6360,326257,5220,202062,1350,2478,680,4085,640,3144,50,63,1270,20215,610,10081,580,9062,1280,25622,280,300,1349,910,10744,220,9564,1400,4341,160,39,20,633,160,1092,90,465,220,230,40,68,0,0,1060,26729,126675,90,355,820,1453,770,2283,1040,4382,540,3182,780,6916,4420,207417,4410,40454,80,289,60,30,1760,2169,160,343,220,117,290,279,400,63,1070,1215,60,14,940,2821,140,400,140,428,520,137,6060,55993,1960,5411,1760,4731,1410,1832,390,336,50,22,3770,38574,4440,42561,40,63,80,1190,990,5510,5110,17400
TX,75954,0,1320,450,650,200,890,2950,1050,0,0,0,78903,1320,79704,1050,53725,280,224,160,528,140,301,40,34,250,4274,130,1295,100,1122,260,5458,170,40,189,170,1957,60,3748,260,801,40,11,0,0,30,160,0,0,30,26,0,0,0,0,260,6715,30541,50,166,180,324,140,305,250,892,130,756,170,1500,970,53130,950,9956,0,0,0,0,380,528,30,79,0,0,60,58,50,8,260,354,0,0,180,685,0,0,0,0,120,28,1230,12380,290,772,260,629,220,284,50,41,0,0,870,9355,990,10335,0,0,20,72,220,1171,1030,3416
TX,75956,0,2820,960,1370,480,1690,6280,2200,0,0,0,151820,2820,152955,2390,118951,640,492,250,1098,210,895,30,25,520,3773,220,1091,250,3673,600,12347,260,160,718,400,4462,50,977,550,1135,70,20,0,0,40,189,20,110,100,108,0,0,0,0,500,12215,49927,40,117,390,721,360,897,480,1865,260,1342,340,2691,2060,90623,2060,15481,30,69,30,9,810,954,40,2,40,17,130,143,140,26,570,712,40,12,340,810,50,158,50,169,300,92,2700,22305,710,1908,640,1675,500,713,170,130,0,0,1830,14526,2080,15620,0,0,0,0,380,1419,2360,7908
TX,75959,0,360,120,180,50,210,690,150,0,0,0,18625,360,18768,240,10619,110,95,60,219,50,127,0,0,80,570,50,258,60,1057,120,2808,20,20,159,90,1182,0,0,70,143,0,0,0,0,0,0,0,0,0,0,0,0,0,0,80,2029,8168,0,0,50,74,50,108,70,264,20,120,60,262,230,12014,240,2059,0,0,0,0,60,68,0,0,0,0,0,0,0,0,30,37,0,0,40,67,0,0,0,0,20,4,330,2582,80,183,70,148,50,46,0,0,0,0,220,1878,260,2085,0,0,0,0,60,211,260,746
TX,75960,0,390,150,170,70,260,800,280,0,0,0,16777,390,16927,330,13654,60,12,30,55,20,44,0,0,50,786,30,36,0,0,70,1240,40,0,0,40,355,0,0,70,150,0,0,0,0,0,0,0,0,0,0,0,0,0,0,40,1016,3833,0,0,40,52,40,89,40,172,30,178,20,86,300,10023,300,1487,0,0,0,0,120,103,0,0,0,0,0,0,30,5,70,74,0,0,40,132,0,0,0,0,30,6,360,2300,90,234,80,214,80,101,0,0,0,0,260,1380,280,1550,0,0,0,0,40,167,330,948
TX,75961,0,5700,2520,1840,1240,2770,11220,4050,80,20,60,233924,5700,238529,4940,166159,980,849,560,2551,530,1894,0,0,880,16095,510,4374,380,6044,920,17733,270,200,666,590,7222,170,8464,1260,4605,170,44,20,1068,160,910,70,383,330,365,70,171,0,0,680,15273,69349,40,122,550,953,480,1344,650,2561,360,2185,490,4337,3830,143014,3830,24413,30,76,40,26,1550,1743,160,92,130,78,320,267,350,66,870,975,30,8,700,2157,70,174,70,199,420,87,5460,36922,1660,4334,1530,3975,1190,1585,410,339,30,10,3260,22668,3760,25322,30,52,50,125,820,3392,4630,13338
TX,75964,0,7340,2730,2690,1830,3880,16630,6970,100,30,70,283267,7340,287007,6420,222415,1120,1012,580,1687,520,1215,30,23,1210,13850,540,4420,460,5835,930,17185,250,210,778,630,7279,160,4688,1550,3740,190,51,0,0,140,788,80,405,370,427,60,120,0,0,870,18994,72899,40,162,680,1211,610,1603,820,3111,490,2962,600,4090,4850,157654,4840,24859,40,77,30,14,2220,2288,150,11,250,149,340,293,500,91,1450,1607,50,15,960,2308,70,263,90,273,730,153,7060,41320,2340,6677,2130,5955,2100,3029,370,297,40,20,3920,22414,4820,25265,30,28,30,81,940,3466,6170,18976
TX,75965,0,6980,3290,2720,890,3370,13060,3890,50,0,50,448608,6980,460229,5680,259041,2060,3285,1470,9613,1370,6759,40,26,1230,35331,1350,21756,900,17765,1430,37279,240,160,580,1160,17065,470,34262,2000,11621,350,91,80,2906,320,2043,140,692,630,719,130,321,0,0,1600,38449,224938,70,438,1310,2611,1320,5333,1540,8571,1010,7122,1280,10832,5380,322149,5340,63736,110,351,40,25,2220,2333,530,143,280,159,580,543,290,53,960,1195,50,14,970,4293,80,255,90,264,410,86,6650,75726,1220,2743,1060,2486,800,1016,590,516,40,19,4800,61169,5200,66687,110,170,150,566,1410,8056,5140,14052
TX,75966,0,1690,610,690,390,1100,3620,1320,0,0,0,75987,1690,76770,1420,58441,370,259,140,462,130,225,30,14,320,2938,140,860,140,2155,350,6784,130,100,410,190,2137,40,257,350,783,40,10,0,0,0,0,0,0,40,40,0,0,0,0,270,6509,23610,30,90,220,330,160,358,270,849,120,633,180,1217,1160,45614,1160,7301,0,0,0,0,480,493,20,2,30,16,70,82,100,16,310,365,0,0,230,494,30,97,40,99,200,56,1620,11192,540,1423,500,1265,340,425,90,86,0,0,990,6799,1190,7511,0,0,0,0,230,780,1410,4505
TX,75968,0,740,280,290,160,420,1590,600,0,0,0,35185,740,35433,640,28499,110,44,30,59,30,14,0,0,120,1078,40,55,60,750,140,2119,30,60,307,80,845,0,0,140,248,30,7,0,0,0,0,0,0,20,14,0,0,0,0,130,3548,11772,0,0,100,186,70,95,130,370,40,156,70,364,510,21029,520,3418,0,0,0,0,210,241,0,0,0,0,0,0,30,5,140,174,0,0,80,159,0,0,0,0,80,23,690,5422,220,612,210,550,150,184,30,22,0,0,450,3178,510,3486,0,0,0,0,80,179,610,2281
TX,75969,0,1530,590,690,220,740,3120,990,20,20,0,73405,1530,74215,1310,55403,330,270,100,548,100,504,0,0,260,2774,100,2666,110,1443,310,5576,100,50,211,190,2201,40,2031,320,810,40,11,0,0,40,197,0,0,50,41,0,0,0,0,240,5677,21342,0,0,170,301,160,470,220,874,120,730,150,827,1140,46094,1140,7439,0,0,0,0,460,508,0,0,60,28,80,72,120,18,260,354,0,0,210,582,0,0,0,0,140,41,1470,11477,320,815,290,698,220,281,70,53,0,0,1030,6921,1150,7735,0,0,0,0,210,1067,1260,3826
TX,75972,0,2480,970,880,590,1590,5140,1840,0,0,0,103167,2480,104109,1970,69283,570,741,250,1280,230,997,0,0,460,2752,230,2583,220,2823,530,10639,250,120,465,350,3992,40,594,500,942,70,18,0,0,50,232,20,88,70,72,0,0,0,0,370,8969,31523,0,0,310,432,210,522,370,1070,140,702,270,1654,1660,59726,1650,9730,0,0,0,0,660,605,70,8,30,14,70,60,190,31,380,423,0,0,320,692,40,103,40,108,240,63,2320,14953,760,2124,680,1871,550,704,90,79,0,0,1440,9044,1710,10037,0,0,0,0,430,1450,1940,6245
TX,75973,0,960,330,460,160,670,2050,670,0,0,0,49033,960,49500,700,33343,250,201,120,486,110,363,0,0,180,2016,120,832,100,1530,230,4872,150,40,168,190,1933,50,1295,230,467,30,8,0,0,20,81,0,0,0,0,0,0,0,0,170,4415,16966,0,0,140,220,100,185,170,546,90,529,120,914,700,30721,700,5205,0,0,0,0,270,372,30,2,0,0,40,37,50,13,170,205,0,0,150,388,0,0,0,0,70,19,880,7411,240,647,200,540,170,225,50,39,0,0,610,4741,710,5254,0,0,0,0,180,601,710,2526
TX,75974,0,1180,400,480,290,780,2820,1210,0,0,0,58908,1180,59273,1040,43171,220,127,100,652,100,606,0,0,190,1124,110,2244,70,889,180,3861,100,60,276,120,1385,30,251,210,365,30,6,0,0,0,0,0,0,0,0,0,0,0,0,200,4791,19300,0,0,160,264,120,262,190,617,100,514,130,973,850,35597,830,5859,0,0,0,0,390,497,20,37,20,14,60,52,60,10,280,352,0,0,140,326,0,0,0,0,140,35,1130,8368,330,907,300,831,320,463,60,58,0,0,670,5196,800,5752,0,0,0,0,200,1140,960,3388
TX,75975,0,1380,500,580,280,890,2960,1070,0,0,0,62296,1380,62920,1120,47762,290,156,150,517,150,440,0,0,220,1765,150,1356,120,1454,300,5547,150,60,204,200,2110,30,658,290,624,40,12,0,0,20,66,0,0,50,31,0,0,0,0,210,4597,18809,0,0,180,254,120,227,210,689,120,605,140,923,1000,38048,1000,6187,0,0,0,0,400,412,20,0,0,0,50,47,80,13,280,333,0,0,180,380,20,55,20,71,120,25,1280,8917,390,1055,350,923,270,353,50,40,0,0,850,5773,980,6292,0,0,0,0,220,743,1100,3305
TX,75977,0,250,90,80,70,160,510,190,0,0,0,9319,250,9339,200,7889,20,3,0,0,0,0,0,0,40,89,0,0,0,0,40,519,30,0,0,30,356,0,0,30,20,0,0,0,0,0,0,0,0,0,0,0,0,0,0,40,937,2761,0,0,30,37,0,0,40,89,0,0,30,83,160,5036,170,701,0,0,0,0,80,74,0,0,0,0,0,0,0,0,50,49,0,0,20,20,0,0,0,0,0,0,230,1431,80,247,80,223,60,77,0,0,0,0,140,625,160,689,0,0,0,0,30,27,200,796
TX,75979,0,3240,1230,1440,530,1960,6670,2140,0,0,0,155469,3240,157343,2540,100692,700,1142,350,2290,330,1792,0,0,590,8457,340,4470,310,5015,760,15335,170,140,680,620,6971,110,1096,700,1874,90,24,0,0,80,438,30,160,140,120,0,0,0,0,500,11557,50238,30,93,390,648,350,913,470,1803,250,1546,350,2785,2260,98631,2260,17403,20,84,0,0,880,990,70,64,110,62,120,110,230,34,550,695,30,8,450,1329,40,106,40,128,310,73,3080,24920,810,1972,700,1738,560,710,120,100,0,0,2010,16299,2310,18124,0,0,30,182,540,1940,2550,7858
TX,75980,0,900,290,480,150,430,1940,600,0,0,0,44975,900,45386,690,30682,200,154,90,337,80,188,0,0,160,1599,70,415,110,1845,260,4978,40,60,291,190,2031,20,776,190,411,30,7,0,0,0,0,0,0,20,13,0,0,0,0,150,4387,13917,0,0,110,203,110,301,150,627,70,372,90,406,670,27337,660,4391,0,0,0,0,240,269,0,0,0,0,40,34,50,11,150,201,0,0,100,260,0,0,0,0,90,27,850,6197,200,507,180,441,120,157,40,24,0,0,600,4120,670,4540,0,0,0,0,150,518,730,2301
TX,76001,0,14700,6190,5840,2440,6640,31050,11860,230,100,130,944377,14700,956380,13130,739010,3070,2819,2100,10017,1950,7764,80,87,3050,27536,1860,15469,1040,17245,2430,51866,60,620,3038,1270,18247,680,52330,4090,12003,640,169,70,1389,280,1845,260,1303,1290,1320,240,491,20,1268,4850,100128,517978,130,492,3950,7466,4210,19912,4750,28742,3940,25287,4010,24287,11540,655612,11510,122273,180,424,180,156,5300,6582,510,124,910,513,1500,1566,790,140,2960,3796,310,136,2020,5642,340,1142,370,1269,880,233,14230,144846,2800,7281,2420,6153,2170,3034,1540,1374,170,87,10110,115690,11310,123533,220,218,250,762,2760,14949,11550,33858
TX,76002,0,15000,6190,5500,2980,7160,32940,13590,240,130,110,796412,15000,803699,13690,718398,1950,824,1060,1417,960,884,80,79,3570,12097,970,5342,620,8179,2120,33738,0,770,3738,690,7841,360,9286,4420,7287,640,167,0,0,160,526,170,584,1670,1797,250,556,0,0,5260,102807,417124,130,389,4050,6869,4460,17582,5110,25827,4480,28968,4220,21143,11840,498804,11840,78981,100,255,230,163,6190,8223,160,33,1220,749,1810,1813,920,149,3950,5163,300,156,2060,4463,510,1872,540,1968,970,255,14570,107642,3210,8230,2770,6616,2470,3384,1870,1592,250,108,10110,70679,11540,76653,50,33,40,41,2430,7901,12370,38816
TX,76006,0,13620,7700,2880,2760,6280,23120,7190,250,150,100,730203,13620,739310,12490,581702,2230,5888,1580,13120,1420,9058,100,102,2500,13528,1450,25145,680,14768,1620,29290,40,630,2876,780,12433,510,29381,3160,9107,300,69,50,1088,210,1272,180,796,1260,1347,160,420,0,0,2620,58379,314680,160,720,2040,3895,1580,9995,2420,15090,1350,9510,2060,14240,10770,511280,10730,99905,170,681,140,112,4380,5151,540,1428,580,333,1560,1475,980,146,1680,1575,110,55,1310,3625,260,749,300,844,1160,257,13170,124958,3280,7981,2950,7219,2310,2901,1650,1496,120,56,9100,94755,10120,100948,220,430,270,1190,2290,10737,10940,31169
TX,76008,0,6880,2360,3950,490,3580,15870,5760,40,0,40,995151,6880,1008570,5780,602376,2670,5975,2190,39100,2070,32117,100,124,1680,30425,2110,86330,830,17891,1470,44707,240,150,793,950,15999,940,90525,2280,13419,280,71,100,2112,410,3122,140,814,520,606,90,191,70,2099,3410,102386,732508,120,1027,2950,7604,3150,22192,3380,31261,2780,26956,2920,25930,5790,811595,5720,186983,390,2065,40,27,2550,4246,730,1427,450,256,490,539,150,24,1150,1616,140,63,1310,6071,80,308,90,334,240,78,6520,199092,520,1097,420,910,370,485,460,398,30,26,5460,185434,5760,195434,530,1083,590,2995,1970,23573,4450,17037
TX,76009,0,8740,3390,3900,1360,4460,19540,7320,100,30,70,436475,8740,440182,7540,324568,1200,1551,650,1773,580,1170,20,24,1680,15011,610,8037,460,6848,1420,26362,310,280,1254,920,10656,240,13135,1990,3707,170,42,0,0,140,645,70,391,520,508,70,106,0,0,1430,28798,132768,50,152,1170,2070,1170,3783,1380,6410,980,6141,980,5605,6450,276221,6440,49664,30,84,100,68,2740,3081,140,8,250,140,460,438,540,91,1870,2317,120,39,1250,2827,170,644,200,695,1040,239,8430,61120,2080,5461,1800,4589,1750,2521,500,418,70,29,5530,46648,6540,50502,20,33,60,274,1370,6369,7160,21948
TX,76010,0,22100,9690,5880,6350,14110,51710,24760,770,530,240,619253,22100,625110,19440,527491,1410,1079,710,2228,640,1471,40,12,5130,33986,570,3710,630,6841,1670,23600,30,590,2358,790,8031,170,3450,4680,5857,170,42,0,0,100,305,110,386,730,704,140,331,0,0,2000,36307,98924,70,197,1610,1997,860,2041,1850,4531,780,3692,1240,6284,13150,255762,13170,35620,20,36,270,147,7180,6414,150,97,620,382,1740,1400,1560,282,4390,4093,150,70,3570,6600,600,1979,620,2087,3110,598,21380,96426,8160,24488,7450,20868,8680,13269,2610,2320,260,102,8920,29168,13270,36912,0,0,0,0,2270,4952,19500,62895
TX,76011,0,10860,5740,2220,2760,5830,20970,8240,300,190,110,406464,10860,411134,9730,329621,1100,1116,740,4751,670,3551,30,16,2010,14093,670,8126,480,7933,1030,17802,20,430,1902,580,8199,220,8110,2270,4670,130,31,30,633,130,619,110,370,650,627,90,239,0,0,1390,29002,132188,70,354,1060,1662,710,3294,1250,6117,590,3684,1000,6033,7320,239551,7300,43633,50,191,130,74,3180,2783,220,116,350,194,990,854,680,102,1500,1347,60,29,1280,2865,270,803,280,852,1130,201,10520,69152,3490,9554,3180,8519,3070,4328,1270,1145,100,41,5720,40965,7060,44600,60,86,70,154,1370,4393,9260,27466
TX,76012,0,12740,5920,4750,1910,6200,24760,8000,260,120,150,895593,12740,907009,10230,577568,3710,6738,2770,23658,2560,17516,80,113,2730,34023,2500,31177,1710,32715,2730,73161,90,470,2333,2110,34626,770,42425,3370,11416,340,87,80,1409,370,2169,260,1198,880,941,140,345,40,335,3550,76697,470562,80,434,2980,5879,3040,14927,3450,22161,2390,15544,2930,19365,9800,660839,9730,130162,200,689,140,84,3920,3717,870,260,500,278,880,850,540,94,1710,2001,270,91,1950,5788,260,859,280,912,840,187,12150,156818,2450,6256,2170,5385,1850,2615,990,884,110,53,8710,127878,9830,135805,260,423,340,1182,2790,13021,9310,28793
TX,76013,0,14850,7610,5010,2010,6560,26930,8070,380,200,180,878705,14850,889463,12140,575018,3730,8917,2830,30062,2610,16717,80,94,2690,31999,2570,43630,1940,33263,3060,75698,90,460,2244,2350,36011,790,22154,3850,10758,600,154,70,1011,410,2069,230,1160,1230,1325,240,645,30,114,3430,73939,388452,100,825,2820,5109,2830,12177,3330,18574,2230,13455,2850,19572,11480,621366,11420,116546,180,1032,210,161,4640,4872,890,346,610,328,1290,1211,690,110,2030,2451,250,80,1880,5315,380,1266,420,1383,880,181,14210,140941,2680,6100,2340,5324,1810,2380,1350,1182,160,83,10150,111874,11210,119731,160,316,250,1781,3030,14008,11120,29785
TX,76014,0,15950,7300,4280,4210,8900,34050,14770,470,290,180,517865,15950,522829,13970,446756,1380,947,710,1305,650,806,20,14,3680,20206,620,2858,610,6954,1700,24319,0,660,2902,880,9085,140,3082,3590,4964,180,46,0,0,100,303,130,491,830,783,140,309,0,0,1860,32477,98990,80,176,1390,1708,970,2233,1700,4490,910,4051,1290,6710,10800,259875,10810,36818,20,34,320,178,5390,5289,120,7,570,330,1480,1282,1330,236,3110,3264,140,66,2410,4677,670,2517,690,2744,1840,355,15410,75332,5700,16204,5060,13730,4780,6825,1970,1739,280,138,8170,31529,10710,37161,0,0,0,0,2090,4646,13650,42829
TX,76015,0,8450,4220,2540,1580,3930,15860,5350,210,100,110,413727,8450,419128,7230,304379,1530,1621,980,4983,880,3916,30,36,1590,12548,850,6742,690,10883,1530,34544,40,330,1705,1000,13633,220,17538,2070,5401,240,59,0,0,160,717,130,522,680,707,110,271,0,0,1490,29808,148180,60,183,1150,1852,1050,3683,1400,5964,850,4543,1210,7645,6440,273592,6440,48642,40,68,110,70,2630,2606,250,25,340,198,740,685,530,93,1330,1476,120,51,1050,2603,210,649,230,720,660,134,8140,63140,1950,4948,1720,4248,1470,2015,770,670,110,33,5530,46067,6350,49603,40,100,60,300,1520,5072,6690,18170
TX,76016,0,15150,6410,6990,1540,6720,29890,8920,220,70,150,1245125,15150,1261529,12510,835563,4870,10077,3680,23080,3370,16414,80,86,3060,43918,3260,66008,1900,34753,3570,94724,130,510,2481,2580,41893,1140,87642,4560,16404,810,208,110,2423,490,3075,370,1958,1280,1394,190,457,60,1269,5130,118557,681262,130,691,4310,8746,4590,24345,5020,34301,3800,25971,4320,31084,12580,937338,12500,187275,330,1745,200,203,5040,6962,1090,1383,760,414,1160,1258,620,104,2330,3155,410,158,2300,7399,330,1059,370,1257,680,204,14430,203410,1790,3865,1470,3128,1150,1504,1060,939,130,74,11680,180474,12530,191403,430,651,540,2004,3800,24290,10620,32016
TX,76017,0,22080,10100,8090,3500,9890,42920,14430,370,170,200,1377615,22080,1393306,19270,1034182,4830,8536,3310,19689,3050,13058,90,91,4320,39828,2990,50905,1940,33280,4010,91072,90,900,4295,2440,36682,940,53255,5990,15691,930,242,90,1569,470,2599,420,2068,1930,2019,300,613,40,467,6200,127316,670833,170,971,5010,9358,5190,22915,6000,34287,4610,27279,5080,32122,17740,970279,17690,178969,250,857,280,194,7630,8893,930,635,1120,624,2080,2132,1280,209,3930,4840,410,167,2850,7790,570,2025,590,2133,1270,316,21260,213298,3990,9494,3410,8070,2730,3635,2060,1762,260,140,15830,170392,17390,181655,280,422,360,1982,4400,20632,17020,48381
TX,76018,0,13070,5930,4230,2700,6470,26900,10630,250,160,100,580379,13070,586133,11740,507753,1590,702,830,1277,740,800,0,0,3010,15367,750,2989,540,6808,1660,28795,0,570,2793,730,8203,240,7133,3500,5754,420,104,0,0,130,401,170,709,1090,1119,130,318,0,0,2860,52571,200843,80,235,2270,3580,2220,6621,2740,11148,2170,11487,2220,11902,9980,350296,10000,53577,60,62,220,130,4840,5634,160,6,680,390,1490,1499,1050,182,2740,3345,250,119,1900,4093,470,1625,480,1733,1040,240,12670,79394,3250,8432,2770,6928,2440,3364,1620,1417,210,79,8370,47942,9840,52975,20,13,30,9,2090,5719,10800,31851
TX,76020,0,11940,4840,5520,1490,5770,24450,7640,220,0,220,743574,11940,752088,9900,543856,2700,4686,1610,7295,1460,4830,70,54,2240,28004,1410,30769,1090,17324,2610,60838,330,410,2150,1740,23066,500,23491,2870,8514,310,82,30,973,270,1632,160,772,710,699,90,176,40,720,2900,66262,341292,90,404,2390,4908,2510,11357,2820,17260,2210,15932,2250,13562,9250,517017,9230,95326,160,679,130,113,3470,4180,400,60,430,249,620,612,620,105,2010,2613,210,69,1650,4652,230,800,250,888,1010,258,11390,116089,2320,5628,1970,4747,1530,2002,610,483,100,53,8470,91408,9420,98051,160,317,180,917,2280,11615,9240,28002
TX,76021,0,18200,9070,6770,2110,7550,32680,8840,300,30,260,1182103,18200,1194644,15490,894343,5310,5890,3810,16223,3510,10787,100,102,2960,32324,3450,26897,2160,41393,3910,91505,70,700,3762,2830,43229,870,24515,4740,12541,630,161,70,1218,420,2312,360,1651,1720,1808,210,479,40,180,5700,116130,603851,170,813,4690,8769,4890,22750,5560,33010,4190,25802,4810,26141,15270,847708,15200,149096,170,554,210,168,5590,6716,980,692,950,521,1330,1365,900,145,2510,3058,410,166,2120,5796,410,1336,450,1470,980,221,17440,171307,2390,5148,2030,4487,1500,1804,1290,1110,180,97,14090,142380,14980,150331,230,225,280,560,4080,15402,13430,34462
TX,76022,0,7250,3820,2210,1120,3060,13040,3960,160,0,160,351123,7250,354923,6260,272971,1480,1294,940,2847,860,1946,30,20,1170,9905,870,6243,690,10665,1350,27229,0,270,1410,880,11617,200,4140,1690,3800,180,45,0,0,120,601,100,433,660,706,70,132,0,0,1530,28145,122201,40,119,1200,1928,1180,4019,1450,6257,1000,5242,1190,5858,5870,230496,5850,37089,30,59,80,51,2290,2313,210,19,340,185,580,525,490,81,1190,1402,120,49,790,2003,160,468,180,527,500,106,6980,48598,1380,3193,1210,2822,940,1227,570,481,70,26,5220,34776,5650,37396,30,41,50,80,1260,4282,5770,14671
TX,76023,0,2680,1070,1280,300,1480,5580,1740,30,0,30,149608,2680,151437,2180,106223,600,549,250,456,240,307,0,0,580,6868,270,1534,230,3532,510,9856,320,90,412,360,4381,110,9513,680,1829,50,14,0,0,70,403,30,130,130,137,0,0,0,0,540,12742,52659,0,0,460,861,430,1466,530,2471,380,2731,390,2061,2020,99795,2020,18525,20,51,30,11,720,893,40,4,60,33,130,142,110,25,470,592,40,12,450,1152,60,189,60,203,260,63,2510,20131,550,1242,470,1052,360,497,130,117,20,5,1840,17612,2070,19024,0,0,30,34,510,3961,2070,6234
TX,76028,0,29330,11550,13850,3530,13240,62020,20960,530,30,500,2050423,29330,2072219,25070,1499971,7150,8200,4250,16638,3870,11965,200,252,5280,60563,3860,71557,2890,46592,5940,128127,520,940,4725,3930,52601,1430,90247,7950,21796,1290,336,100,1484,670,3840,470,2210,2630,2720,400,801,100,2004,8970,197470,1053616,290,1279,7330,15251,8050,36920,8820,54818,7250,49886,7200,46130,23920,1457242,23840,265812,400,1117,270,339,10210,13262,1090,441,1920,1041,2120,2223,1490,237,6320,8644,530,202,3830,10683,470,1609,550,1875,1780,468,28030,297419,4240,9942,3590,8482,3080,4079,1970,1636,240,138,21840,251618,23560,266623,360,486,460,1195,5830,39082,22440,65705
TX,76031,0,6840,2560,2930,1260,3560,15290,5880,50,0,50,306907,6840,309808,5930,244908,1040,1186,560,2142,470,1467,0,0,1230,9270,520,4946,360,4545,1010,19684,310,200,844,680,7533,200,9006,1410,2901,140,36,0,0,110,606,60,312,320,300,60,115,0,0,1140,25189,104803,20,68,910,1592,910,3162,1070,5033,720,4785,870,6088,4840,182731,4830,29014,40,98,60,25,2060,2354,90,7,140,74,330,348,440,75,1380,1682,70,22,880,1909,120,481,120,502,690,148,6520,43674,1770,4656,1580,4094,1520,2208,370,307,50,16,4080,26660,4770,29127,20,23,40,108,950,3402,5690,17434
TX,76033,0,11230,4630,4740,1700,5580,23600,8290,120,0,120,620839,11230,628120,9430,427245,2260,4602,1420,8539,1300,5927,40,32,1860,21211,1400,19171,1030,15126,2280,48687,290,340,1528,1600,19937,520,39609,2590,7281,410,106,40,891,290,1678,150,755,710,715,110,215,30,211,2260,52541,247199,80,450,1850,3332,1850,7269,2160,11416,1440,8992,1750,13022,8470,412130,8430,75167,110,416,100,61,3590,4076,420,160,380,186,650,658,670,110,2220,2765,140,53,1370,3777,180,599,190,646,960,220,10720,95415,2420,5993,2130,5269,1910,2645,640,534,80,44,7390,71157,8300,76840,90,98,180,1073,1900,11561,8850,26010
TX,76034,0,11790,4320,6850,530,6420,24990,7810,50,0,50,2672252,11790,2711064,9580,1556323,6450,25586,5650,72008,5350,52845,240,998,2790,85908,5580,369707,1840,59097,2640,89402,130,250,1444,2020,39974,2510,353763,3740,38812,300,72,320,9818,800,7168,360,2721,460,553,130,322,180,6613,6810,254030,2193539,340,8017,5900,17953,6430,69888,6750,96874,5280,62311,6190,74297,10160,2309618,9990,607883,1480,6124,70,108,4170,8276,2240,4531,540,296,590,701,200,36,750,988,310,124,2320,13407,120,534,140,611,250,141,11040,630391,430,740,320,546,240,298,560,515,60,52,9720,605158,10090,633660,2090,5706,2120,13488,4100,67855,6580,38883
TX,76035,0,750,270,390,70,360,1530,460,0,0,0,67366,750,68021,620,44989,220,238,150,980,130,821,0,0,160,1744,140,1774,80,1902,150,4482,40,0,0,110,1768,50,1977,190,655,20,5,0,0,20,182,0,0,40,29,0,0,0,0,280,8118,44611,0,0,240,566,260,1535,270,2188,210,2020,240,1622,590,50522,590,10452,30,103,0,0,200,225,40,8,0,0,40,43,20,3,100,139,0,0,120,349,0,0,0,0,40,8,720,12030,110,213,80,184,70,84,50,37,0,0,540,10208,590,10869,30,37,50,163,180,1383,530,1833
TX,76036,0,11410,4740,4670,1800,4950,23580,8220,300,50,240,645850,11410,652246,9820,508644,2190,2890,1300,4451,1170,3061,60,69,2060,19995,1160,10840,930,14347,2250,48730,110,490,2405,1290,16840,380,14042,2870,6396,420,108,0,0,200,1084,150,677,1020,1089,110,257,0,0,3180,65327,302539,90,343,2470,4641,2700,11045,3090,16583,2540,16496,2510,13860,9080,428266,9060,72447,90,248,110,102,3910,4710,290,64,690,380,930,934,670,104,2330,2962,230,84,1380,3571,210,692,240,758,780,192,11000,92321,2210,5496,1890,4678,1650,2250,890,747,100,48,8010,67705,8860,72775,90,103,120,306,2030,8172,9070,26314
TX,76039,0,18600,9590,5840,2850,7750,33920,10500,370,40,330,1062925,18600,1073805,16870,894885,3930,3234,2460,6744,2260,4692,140,104,3130,25228,2410,19402,1190,18354,2710,49065,50,730,3781,1460,19747,700,26300,4810,10880,470,119,50,954,340,1459,310,1262,2000,2199,230,469,0,0,4250,83916,418133,180,877,3310,6104,3150,13801,4060,21588,2920,18816,3420,17148,15560,742879,15560,129703,150,396,270,210,6070,6724,620,384,1040,592,1590,1652,1160,187,3080,3576,270,148,2020,4946,530,2076,590,2208,1340,333,18030,155852,3090,7134,2630,6154,2110,2698,1530,1322,240,140,14020,122667,15180,129703,200,287,200,348,3580,13417,14610,38227
TX,76040,0,14160,6760,4380,2800,6920,28310,10440,310,50,260,641054,14160,646916,12860,549125,2300,1339,1350,3196,1210,2216,60,44,2570,12266,1300,9635,730,11583,1740,28923,30,560,2602,950,11996,350,9121,3140,5862,250,64,0,0,110,498,180,765,1100,1179,150,337,0,0,2970,55652,240672,90,294,2320,3906,2170,8734,2830,13436,2020,12012,2320,11316,10720,398529,10720,63880,50,123,240,144,4860,5134,280,18,750,406,1430,1386,1050,178,2560,2921,200,100,1530,3067,450,1394,480,1522,1280,254,13820,92442,3740,9818,3340,8650,2880,3955,1700,1499,180,80,8930,58661,10340,62843,50,45,70,194,1980,6079,11910,35331
TX,76041,0,180,70,80,20,90,390,140,0,0,0,8593,180,8618,170,6196,30,5,0,0,0,0,0,0,30,31,0,0,0,0,40,844,0,0,0,30,419,0,0,20,25,0,0,0,0,0,0,0,0,0,0,0,0,0,0,20,420,2425,0,0,20,35,0,0,20,74,0,0,0,0,140,5411,140,827,0,0,0,0,60,64,0,0,0,0,0,0,0,0,30,38,0,0,0,0,0,0,0,0,0,0,180,1164,40,73,30,68,20,32,0,0,0,0,130,758,130,812,0,0,0,0,0,0,170,430
TX,76043,0,2970,1100,1500,350,1590,6390,2160,50,0,50,195479,2970,198139,2450,132400,740,1169,460,1922,430,1162,0,0,620,8279,490,7144,280,5157,670,16217,200,110,578,450,5932,190,3939,800,2660,110,30,0,0,100,693,30,130,190,182,30,45,0,0,680,21045,92423,20,107,580,1228,540,2070,660,3671,460,3926,520,4965,2280,132244,2260,24056,40,151,40,21,980,1157,140,17,90,46,220,231,150,28,560,733,40,10,460,1424,70,186,70,191,240,58,2820,30713,520,1275,440,1096,400,527,210,182,30,16,2050,22820,2310,24760,40,40,40,276,580,2788,2260,7183
TX,76044,0,1700,640,800,240,850,3770,1410,20,0,20,99690,1700,100879,1460,75241,360,541,210,764,180,483,0,0,360,3883,180,2522,130,1758,280,6168,190,60,258,190,2533,90,2097,430,1189,40,10,0,0,60,346,0,0,130,123,0,0,0,0,380,8280,38717,0,0,300,581,310,1015,350,1716,270,1959,290,1593,1300,67262,1280,11595,0,0,0,0,550,661,40,3,40,19,110,133,100,18,360,475,0,0,250,734,20,85,20,81,110,30,1620,14336,310,768,280,656,270,399,120,101,0,0,1150,10933,1280,11866,0,0,30,69,340,1504,1280,4026
TX,76048,0,10160,4320,4460,1250,5110,20050,5880,250,0,250,638401,10160,647077,7800,378475,2460,5440,1720,11722,1580,7987,80,98,2080,24516,1660,55884,1360,25157,2420,59044,310,300,1526,1970,26284,580,36063,2560,8676,230,58,30,477,340,1780,150,760,540,537,80,176,50,1626,2250,54544,300367,120,939,1880,3814,1860,8320,2180,13371,1420,11380,1770,11519,7650,450479,7600,86811,150,754,130,100,2750,2854,500,225,280,153,420,413,540,93,1430,1740,130,45,1560,4106,230,762,270,837,950,220,9550,100106,2070,5039,1740,4175,1430,1999,400,340,110,62,6900,83670,7890,89495,130,184,190,850,2080,13389,7560,21830
TX,76049,0,12370,4380,6790,1070,6520,25150,6720,230,0,230,987438,12370,1000282,9010,551731,4290,9536,3080,23107,2840,15661,140,208,2580,37458,3020,66748,2460,55068,3970,119911,390,290,1417,3420,54307,1030,38856,3340,12844,370,95,90,1478,550,3094,230,1273,710,754,140,219,90,1242,4210,107697,558953,180,1131,3580,8411,3750,15726,4130,25821,2990,24268,3460,26055,9960,721341,9880,136362,290,1093,130,103,3610,4429,980,769,420,231,600,669,400,70,1730,2234,210,125,1930,6250,240,738,260,873,750,206,11620,152055,1600,3720,1340,3086,1110,1475,570,501,100,49,9270,132342,10060,141539,230,300,370,2161,3230,19172,8350,25509
TX,76050,0,2640,980,1320,310,1360,5640,1890,0,0,0,189255,2640,191805,2180,121056,690,1871,400,1374,360,870,0,0,560,6329,370,4228,250,3340,570,12670,380,80,337,370,4490,150,16703,690,2550,90,27,0,0,80,447,40,232,190,188,30,48,0,0,640,14480,100445,20,67,540,1040,540,1982,640,3224,460,3574,490,3293,2040,137896,2050,30156,30,66,40,42,830,1032,90,14,70,43,200,197,110,24,520,682,30,12,400,1116,50,189,60,248,190,59,2480,31648,450,1050,390,928,310,415,190,157,0,0,1850,29179,2030,30857,30,41,50,104,550,2915,1960,8503
TX,76051,0,23980,11220,9820,2580,10400,47410,15620,290,80,200,2107777,23980,2133366,21290,1621953,7360,9238,5820,28134,5480,19564,330,468,4230,63273,5430,72114,2250,48507,3760,87403,110,840,4763,2350,36502,1630,91191,6780,25589,740,183,200,3879,710,4234,530,2752,2170,2476,300,722,70,731,8370,194353,1282914,400,3403,6820,15220,7260,43166,8170,62773,6460,49370,7220,48815,20030,1624487,19920,334258,710,1927,250,248,7680,8736,1770,1413,1210,648,1670,1817,830,137,3360,3916,510,196,3160,10335,430,1282,480,1494,1130,287,23060,356790,2220,4780,1820,4013,2240,3380,1540,1372,210,91,18460,325541,19630,341890,1060,1459,990,2264,5910,38182,17190,47368
TX,76052,0,8080,2800,4360,800,3290,18960,7240,30,0,30,685968,8080,693184,7370,559996,2070,1410,1340,3433,1230,2117,110,103,1570,20217,1230,12497,590,10970,1440,33765,100,330,1607,670,9577,410,31121,2490,7216,390,102,30,695,180,1170,160,716,960,1051,120,248,20,121,3790,86058,460165,120,525,3020,6756,3510,20173,3730,28157,3370,26973,3000,14974,6920,494302,6920,93314,180,448,70,54,3360,4749,310,35,720,420,730,747,330,51,2170,3125,200,91,1080,3731,120,411,140,461,320,102,7830,104876,830,1933,700,1606,730,1034,650,514,50,28,6380,88564,6760,93832,210,242,200,325,1670,9848,6230,20012
TX,76053,0,14260,6800,4750,2550,6540,28460,10140,300,60,240,657704,14260,665201,12260,521782,2660,2262,1620,4427,1470,2597,50,25,2360,15851,1440,6145,1240,16841,2390,46126,40,520,2684,1530,18478,320,8810,3200,7497,340,86,30,435,170,804,190,735,1180,1233,120,257,0,0,2760,49477,213171,80,195,2190,3468,2190,7451,2640,11524,1930,10545,2160,10690,10850,416277,10830,68819,30,51,180,118,4630,4724,350,23,690,354,1060,970,990,173,2630,3011,240,105,1570,3155,350,1069,390,1186,1250,254,13700,93381,3010,7602,2630,6648,2620,3756,1140,1012,150,64,9310,64006,10610,68194,50,49,50,60,2290,6299,11570,31145
TX,76054,0,6190,2530,3100,460,2850,12080,3270,70,0,70,518303,6190,525307,4950,357368,2440,2835,1810,7857,1670,5379,30,41,1210,19400,1690,16738,1110,21145,1700,44824,50,200,1050,1340,21881,440,24414,1770,7004,310,79,60,1148,240,1294,150,812,520,563,80,157,20,261,2630,56756,323270,50,294,2240,4606,2430,12551,2590,17697,2020,13419,2290,13991,5210,388242,5140,73352,110,292,50,37,1960,2076,500,57,310,188,430,444,190,37,850,1130,200,78,870,3200,110,432,120,446,190,44,5900,78151,510,962,410,783,310,421,390,325,60,40,4880,71145,5140,75308,150,139,190,393,1710,9562,4160,11233
TX,76055,0,1150,460,460,210,570,2490,940,0,0,0,53210,1150,53606,990,39170,220,297,100,222,90,125,0,0,190,1213,90,890,90,1152,210,3424,100,40,170,130,1618,20,447,230,396,20,6,0,0,20,54,0,0,60,44,0,0,0,0,170,3164,13725,0,0,130,176,120,314,150,533,100,525,120,582,820,33095,820,5339,0,0,0,0,360,418,0,0,0,0,80,80,100,17,230,281,0,0,140,250,0,0,0,0,80,17,1080,6794,300,805,280,728,240,340,90,74,0,0,690,4855,800,5269,0,0,0,0,200,932,920,2737
TX,76058,0,7530,2890,3340,1170,3640,16780,6360,60,0,60,379232,7530,382781,6490,298179,1140,1184,680,2095,610,1337,30,21,1390,13993,640,5556,500,7496,1270,24712,260,270,1241,820,9942,220,8787,1660,3549,170,44,0,0,120,671,70,371,430,429,60,127,0,0,1440,31301,141544,40,168,1160,2190,1170,4224,1410,6895,1030,6507,1030,5634,5560,239431,5560,39759,50,101,90,50,2370,2803,160,15,270,143,410,404,470,78,1610,2050,90,31,1010,2422,140,413,140,460,700,174,7220,54756,1800,4552,1570,3918,1420,2025,430,360,50,18,4840,36817,5570,40049,40,41,50,106,1140,4541,6160,18845
TX,76059,0,1970,850,780,310,960,4200,1580,0,0,0,77032,1970,78137,1680,60248,270,264,120,237,110,166,0,0,380,3450,120,637,110,957,280,4292,20,40,160,230,2662,40,1886,490,1105,60,18,0,0,40,140,0,0,130,137,0,0,0,0,350,8595,29939,0,0,290,480,280,957,340,1521,190,1011,320,4039,1320,41891,1320,6386,0,0,0,0,600,644,20,1,0,0,150,156,140,21,360,428,20,6,310,740,40,115,40,122,200,44,1860,10797,610,1578,520,1360,420,586,200,185,0,0,1090,5721,1310,6582,0,0,0,0,290,800,1630,4828
TX,76060,0,3550,1460,1580,470,1680,7320,2490,40,0,40,240603,3550,243626,3020,184468,920,1375,580,2764,510,2039,0,0,750,9011,530,6684,300,5368,620,13825,40,140,733,420,6303,210,8826,980,3023,130,39,0,0,80,545,70,420,260,269,40,85,0,0,1140,26832,141824,0,0,950,2062,1020,6637,1110,8973,930,7032,920,6098,2780,169313,2770,31583,70,209,40,19,1110,1246,160,18,150,84,230,235,170,31,610,783,40,12,520,1599,80,339,90,359,220,55,3380,38356,620,1499,510,1247,430,545,240,195,40,22,2480,30338,2770,32451,90,108,110,163,690,3167,2700,8230
TX,76061,0,280,100,140,20,160,530,130,0,0,0,13938,280,14030,210,10076,70,55,40,32,30,16,0,0,50,143,40,76,0,0,60,987,30,0,0,60,647,0,0,60,92,0,0,0,0,0,0,0,0,0,0,0,0,0,0,60,1161,4742,0,0,60,83,60,155,60,245,40,225,40,185,210,9150,210,1453,0,0,0,0,60,53,0,0,0,0,0,0,0,0,30,36,0,0,40,54,0,0,0,0,0,0,260,1954,40,93,40,79,20,21,0,0,0,0,180,1394,200,1499,0,0,0,0,40,89,200,546
TX,76063,0,30010,11830,13690,3970,13520,65860,24900,400,110,290,2413381,30010,2442045,26410,1847928,7380,9370,5030,23770,4680,16626,300,337,6000,73750,4730,80061,2480,46943,5380,126503,260,1070,5599,3020,44245,1850,143405,8880,28664,1570,410,170,2757,760,5399,560,2730,2960,3203,440,936,100,2005,11460,272519,1526773,420,2632,9290,19957,10180,63533,11240,88067,9480,73061,9620,59848,24450,1758501,24380,350094,720,1961,280,288,11300,15307,1430,902,2010,1160,2810,3091,1300,203,6420,8491,590,275,4130,13245,520,1849,580,2077,1500,418,28950,389458,4080,9974,3500,8357,3300,4499,2700,2386,250,146,22140,335463,24010,354621,850,1358,840,2445,6450,42890,22580,69891
TX,76064,0,850,310,460,80,450,1910,670,0,0,0,55851,850,56478,720,42211,240,223,110,311,100,181,0,0,200,1940,110,1248,70,996,180,4166,110,0,0,120,1325,60,2444,250,627,30,8,0,0,20,106,0,0,60,56,0,0,0,0,220,5152,27485,0,0,180,415,210,727,220,1239,180,1497,170,1132,690,38194,700,6398,0,0,0,0,320,416,30,0,40,24,60,65,60,10,210,292,0,0,140,359,0,0,0,0,50,11,810,8143,110,254,90,214,100,124,50,46,0,0,620,5983,690,6524,0,0,0,0,190,764,630,2070
TX,76065,0,14830,5380,7620,1620,6640,33310,12170,60,0,60,1131243,14830,1145169,13040,874775,4300,4626,2280,7390,2080,5081,110,132,2940,43169,2140,38079,1340,22552,2860,72139,250,450,2181,1690,23956,820,45634,4520,13926,780,199,70,1283,470,2966,280,1356,1510,1599,220,489,40,643,5440,119977,665353,160,792,4430,9474,5010,23999,5350,34899,4660,37419,4370,24984,12290,811613,12240,149916,240,650,130,135,5640,7921,590,187,1160,675,1340,1500,640,102,3440,4823,320,178,2200,7054,230,744,260,840,760,210,14300,169743,1830,4097,1530,3349,1420,1970,1270,1106,110,60,11240,141996,12160,151564,290,432,310,448,3180,16749,11230,33091
TX,76066,0,1320,560,620,140,790,2670,820,30,0,30,83397,1320,84571,1070,58498,320,520,180,770,180,516,0,0,320,2060,210,3595,120,1703,300,6335,210,30,163,200,2375,100,6502,340,1174,20,8,0,0,50,285,0,0,60,65,0,0,0,0,280,6619,31453,0,0,230,431,220,998,270,1762,180,1396,190,1345,1000,59143,990,11645,0,0,0,0,360,407,40,6,30,17,70,62,60,11,210,281,0,0,220,504,20,74,20,80,100,21,1250,13825,250,564,200,475,150,208,70,50,0,0,920,11226,1050,12074,0,0,30,189,260,1747,1000,3146
TX,76067,0,7930,3270,3160,1420,4150,16750,6120,170,0,170,351074,7930,354841,6820,261346,1230,1771,690,2992,620,2020,30,18,1300,12870,660,13031,510,6828,1280,24872,320,250,1004,880,9743,240,8821,1570,3767,200,53,0,0,180,972,70,301,310,324,50,95,0,0,920,19941,92955,30,70,740,1421,730,2365,880,3988,540,3143,630,3798,5570,217248,5560,36964,60,286,70,37,2280,2476,150,25,210,118,320,308,580,102,1470,1818,60,17,990,2215,150,516,160,535,900,197,7590,53106,2260,5753,2020,5143,1570,2118,320,258,70,41,4840,34438,5610,37517,30,24,50,249,1000,4264,6640,20293
TX,76070,0,200,70,110,0,120,410,120,0,0,0,21235,200,21303,140,11099,70,63,60,146,50,86,0,0,40,22,50,598,0,0,50,1072,30,0,0,40,562,20,2964,40,68,0,0,0,0,0,0,0,0,0,0,0,0,0,0,70,1510,11390,0,0,50,109,50,188,60,344,50,420,50,296,170,16832,170,2889,0,0,0,0,70,51,0,0,0,0,0,0,0,0,20,29,0,0,0,0,0,0,0,0,0,0,190,3239,0,0,0,0,0,0,0,0,0,0,170,2835,180,2927,0,0,0,0,50,575,130,375
TX,76071,0,1630,590,780,230,760,3620,1320,0,0,0,100746,1630,101855,1420,79752,320,166,140,216,130,113,0,0,300,3326,160,1206,100,1512,280,5722,30,80,294,200,2377,40,2643,380,1109,30,10,0,0,30,181,20,74,130,120,0,0,0,0,400,9542,51417,0,0,320,742,360,1633,400,2454,330,2584,330,1724,1290,68037,1280,12451,0,0,0,0,540,708,30,1,70,34,90,120,100,14,360,478,0,0,220,684,20,83,30,115,170,44,1570,14403,360,853,300,718,260,364,100,90,0,0,1140,11742,1280,12790,0,0,0,0,280,950,1300,3972
TX,76073,0,2330,870,1210,230,1350,5050,1700,0,0,0,150527,2330,152482,1940,112112,620,573,290,723,280,511,0,0,510,5856,300,1815,200,2714,490,10622,330,70,356,340,3940,130,6538,620,1955,80,21,0,0,60,468,30,103,160,145,20,44,0,0,640,16337,71883,0,0,560,1097,550,1857,640,3183,480,3599,500,2893,1870,102218,1870,17918,20,63,0,0,710,973,50,8,80,50,140,127,110,21,460,665,40,19,380,1230,40,160,40,173,190,45,2210,23636,350,777,290,636,240,319,120,93,0,0,1710,16904,1900,18537,20,28,30,68,440,2304,1790,5735
TX,76077,0,260,90,130,0,120,520,140,0,0,0,16592,260,16697,210,11949,70,47,50,57,40,20,0,0,50,124,50,221,20,190,40,940,30,0,0,40,503,0,0,60,105,0,0,0,0,0,0,0,0,0,0,0,0,0,0,60,1261,6706,0,0,50,80,50,150,60,290,40,319,40,148,210,11730,210,1810,0,0,0,0,90,76,0,0,0,0,0,0,0,0,40,40,0,0,30,40,0,0,0,0,0,0,250,2155,30,64,20,52,0,0,0,0,0,0,190,1757,210,1860,0,0,0,0,60,169,190,490
TX,76078,0,3880,1460,1940,430,1880,8890,3340,0,0,0,238264,3880,240824,3430,184778,750,372,440,1372,400,993,20,10,720,7806,420,3505,260,3907,600,11972,190,170,889,380,5076,140,6423,1000,2560,120,29,0,0,60,433,50,226,320,311,40,63,0,0,1060,23127,110149,30,100,830,1688,920,3466,1050,5408,860,6429,740,3456,3090,159794,3090,27619,50,113,30,41,1350,1787,80,6,190,106,250,260,220,37,920,1286,60,21,530,1613,70,247,80,294,350,97,3740,34289,690,1626,590,1390,560,835,240,197,40,12,2750,25831,3070,28182,30,16,40,181,690,3990,3090,9503
TX,76082,0,7800,2920,3860,940,4070,16970,5710,90,0,90,426383,7800,430986,6580,332041,1360,1724,680,1696,620,1094,30,23,1620,14324,700,7695,540,7549,1570,33150,560,290,1277,1010,11764,250,15633,1880,4603,200,55,0,0,160,838,100,488,420,430,70,140,0,0,1850,40060,171305,70,294,1490,2861,1550,5179,1810,8693,1340,8917,1290,6016,5930,277114,5920,46096,60,172,70,47,2320,2937,120,11,280,147,390,393,400,72,1550,2151,130,52,1140,2903,120,381,130,420,760,204,7470,61246,1640,3880,1390,3168,1150,1534,400,329,50,26,5340,43140,6080,47004,40,45,60,166,1260,5371,6320,19169
TX,76084,0,3340,1310,1460,530,1600,7530,2910,20,0,20,154958,3340,156322,2980,132207,410,185,180,342,150,213,0,0,610,4950,180,540,160,1740,490,8236,100,160,689,260,2843,70,1357,800,1364,110,30,0,0,30,135,30,74,260,256,30,61,0,0,610,12672,50324,0,0,490,856,510,1370,590,2340,490,3222,410,2102,2570,93179,2580,14213,0,0,50,33,1180,1464,20,1,140,85,220,218,260,41,800,1056,50,16,420,947,80,259,90,292,340,77,3240,20542,790,1898,690,1591,670,918,230,190,20,11,2180,12741,2550,14048,0,0,0,0,460,1268,2820,8095
TX,76085,0,4790,1760,2480,510,2450,10260,3280,60,0,60,313855,4790,317696,4000,236720,1230,1382,670,2009,610,1248,30,28,980,12262,670,6731,450,7891,1050,24281,300,150,734,720,9448,250,10363,1250,3841,150,40,20,253,140,921,70,328,300,280,40,55,20,249,1420,30416,154867,50,212,1160,2473,1260,5168,1390,8181,1140,8325,1090,5478,3790,218281,3790,38210,80,176,40,27,1500,1993,160,176,220,118,250,258,220,38,910,1235,100,29,740,2118,90,297,100,319,340,88,4560,46040,770,1845,660,1544,580,797,260,211,40,21,3460,36075,3820,38916,70,66,90,140,930,4851,3690,11244
TX,76086,0,9410,4310,3500,1440,4630,18320,5940,200,0,200,556961,9410,564145,7780,348432,1870,4419,1050,5905,980,3617,60,50,1870,19056,1050,30545,820,10067,1780,38958,270,240,1112,1240,14832,420,33344,2420,7184,260,66,20,386,310,1594,130,634,670,683,90,170,20,524,1880,47021,250490,90,602,1500,2667,1510,5715,1830,9112,1160,7015,1360,9923,7150,387378,7100,81330,90,435,120,77,2710,3021,250,37,400,224,560,495,480,69,1600,2009,110,36,1460,3765,220,665,230,719,900,214,8940,92287,1950,4812,1690,4105,1400,1888,550,412,90,34,6350,78166,7190,83256,60,76,100,575,1660,7780,7320,20925
TX,76087,0,12300,4630,6480,1030,6290,26040,8230,150,0,150,1133535,12300,1150098,9990,701711,3960,7152,2640,23734,2450,14072,150,208,2680,48130,2460,70588,1520,28771,3000,81153,660,340,1660,2090,33111,1010,91742,3630,16563,460,121,100,1740,570,3600,260,1324,900,883,150,297,60,1193,4590,120814,733105,170,1634,3880,8465,4170,21860,4530,33911,3560,28393,3710,22564,9960,857836,9890,174135,280,1002,120,98,3820,5620,750,1379,630,369,800,834,380,61,2000,2784,220,86,2020,7143,190,653,220,730,730,244,11640,190339,1390,3118,1150,2565,1040,1394,750,629,80,43,9330,170090,10080,179996,330,405,400,4041,3010,22462,8600,28117
TX,76088,0,5140,1920,2670,490,2820,10950,3510,60,0,60,367994,5140,373405,4250,253950,1260,3039,740,5611,680,4406,50,70,1260,16362,740,16058,490,8793,1100,25154,540,140,581,730,9621,320,18804,1490,5411,150,38,0,0,220,1305,70,371,300,304,60,94,30,807,1490,34524,195139,60,365,1240,2555,1310,5803,1460,9069,1130,8866,1130,7225,4070,264206,4060,51260,60,250,50,43,1610,2037,200,53,180,102,340,327,240,42,980,1329,70,25,960,2949,80,270,90,306,400,112,4860,61819,780,1776,630,1445,580,781,300,240,30,12,3730,49550,4150,53606,80,145,100,751,1110,7280,3790,12861
TX,76092,0,12570,4350,7580,540,7010,29990,11660,30,0,30,3532174,12570,3579604,10550,2297571,6910,27020,6380,122246,6090,65370,410,2630,2790,116291,6320,396104,1520,53402,2040,64307,160,320,1920,1410,28207,2810,402109,3880,47430,260,65,460,14901,960,10030,350,2518,370,437,110,312,180,4945,7710,333488,2983279,590,14021,6440,22024,7210,102669,7620,139940,6230,88429,6930,89443,10700,3091030,10490,864430,2510,10991,70,101,4640,12868,2600,7915,660,356,600,740,160,30,730,868,350,152,2460,17182,100,351,130,428,180,141,11770,885077,390,677,300,523,270,368,570,528,50,30,10200,856011,10590,897215,3300,10039,3130,15921,4460,88927,6810,49206
TX,76093,0,960,370,460,120,510,2100,730,0,0,0,65643,960,66171,830,39157,180,166,70,94,70,118,0,0,180,1672,90,1587,50,789,160,3105,80,40,157,110,1195,40,1343,250,528,30,7,0,0,0,0,0,0,60,52,0,0,0,0,190,4384,22462,0,0,140,234,130,441,160,721,110,805,120,696,760,46760,760,8176,0,0,0,0,300,370,0,0,20,13,40,46,40,6,220,286,0,0,150,307,20,73,20,78,80,21,930,12399,200,508,180,444,150,193,40,40,0,0,680,7781,760,10588,0,0,0,0,170,907,770,2403
TX,76102,0,4300,2790,870,560,2260,6730,1730,50,30,30,1500087,4300,1513093,3510,293154,1330,127808,1130,167386,1080,110346,110,961,890,33664,1080,909370,370,10111,580,18783,50,100,398,450,8871,480,-174776,1480,13006,90,23,60,2117,150,1228,60,258,460,540,100,235,80,2967,1200,290149,1309457,160,14935,910,1987,770,14211,1150,42735,580,9005,950,76721,3300,1179815,3260,297232,170,14565,0,0,1060,7179,490,6024,50,29,270,249,120,20,200,181,0,0,700,4744,40,124,40,124,230,44,4100,403246,870,2436,790,2091,560,816,270,242,0,0,3060,316452,3440,328063,240,864,350,30527,900,23977,3040,56599
TX,76103,0,6290,2820,1860,1540,3640,13860,6000,200,90,110,229265,6290,231448,5340,177261,830,875,470,2224,420,1509,0,0,1330,9054,440,3911,350,5974,760,16188,0,220,953,510,6078,110,3407,1360,2183,100,24,0,0,70,248,50,194,270,273,50,96,0,0,820,15353,61169,0,0,650,897,590,1621,770,2676,480,2263,620,3577,4160,125376,4160,19548,0,0,90,68,1890,1759,130,17,160,91,380,323,400,72,1140,1160,90,39,930,1789,180,550,190,629,700,138,6040,34215,2000,5761,1800,4935,1840,2817,520,457,70,28,3280,17773,4210,20047,0,0,20,50,830,2296,5250,16215
TX,76104,0,7010,3270,1300,2390,4280,15350,7270,240,130,100,238122,7010,241531,6230,178833,430,485,230,1728,220,1202,0,0,1570,10298,210,5023,120,1332,530,7193,0,240,1033,180,1605,110,12399,1580,3409,80,18,0,0,40,184,30,75,340,359,50,110,0,0,600,12282,81062,30,133,460,748,340,1621,560,2769,260,1861,440,2777,3940,113956,3950,20880,0,0,50,20,1860,1522,50,20,170,94,450,361,410,68,1040,906,60,28,1150,2204,130,353,140,375,930,152,6820,40828,3070,9685,2880,8491,2660,3987,820,765,60,16,2920,19069,4260,21847,20,42,30,237,660,2641,6280,21287
TX,76105,0,8940,3700,1950,3270,6070,21550,11020,300,170,140,212131,8940,213810,7920,187902,300,118,80,60,70,35,0,0,2090,11660,70,113,150,1188,600,7477,0,330,1280,220,1529,0,0,1800,1679,40,10,0,0,0,0,0,0,170,139,40,97,0,0,590,11126,24141,0,0,420,559,190,325,490,1044,140,522,350,1671,4700,72159,4710,9279,0,0,60,23,2620,2252,0,0,240,141,470,364,610,105,1760,1595,70,35,1530,2412,190,661,180,665,1140,216,8700,37090,4140,13044,3890,11226,3970,5824,870,782,60,15,3070,6999,5000,9739,0,0,0,0,640,1074,8200,28211
TX,76106,0,13970,5820,4200,3900,9820,34770,17290,370,180,190,408642,13970,411322,12540,357060,890,6332,170,142,140,50,0,0,2420,16851,170,332,230,2116,1000,12211,0,440,1807,400,3091,50,4248,2400,2680,60,14,0,0,0,0,40,162,340,277,60,71,0,0,860,21191,52646,30,44,640,855,330,839,740,1936,270,1322,440,1864,8770,167494,8790,23668,0,0,150,81,4910,4680,0,0,370,219,790,637,1240,208,3490,3558,90,43,1900,3272,310,1197,330,1289,2170,440,13610,60570,5240,15757,4800,13616,5460,8205,1100,883,130,44,6090,18989,8600,23090,0,0,0,0,1140,2543,12690,41891
TX,76107,0,14330,8140,4080,1870,7670,24720,7040,320,170,150,2069394,14330,2099024,11820,921487,4320,60240,3780,114354,3610,87304,200,1393,3180,86122,3570,349387,1300,32490,1910,46599,100,320,1584,1560,26930,1740,180205,4580,29630,370,89,220,5590,750,5356,270,1381,1270,1484,220,599,180,4304,4390,176862,1569722,250,4954,3590,9018,3530,41708,4250,56310,2780,28286,3620,52098,11540,1716640,11440,458395,740,7531,140,98,4300,7737,1630,3855,370,199,800,785,560,95,1290,1294,180,81,2610,12786,280,799,300,864,970,236,13600,521927,2370,5791,2070,5030,1680,2323,750,643,130,71,10440,457872,11520,485261,810,2585,1160,17420,3270,46197,9940,55333
TX,76108,0,18560,8270,7180,2870,8080,37790,13160,450,90,350,1106762,18560,1117884,16140,854222,3730,3707,2210,9178,2040,6735,100,161,3120,33837,1970,32998,1350,22178,3430,76743,140,630,2979,1980,25937,600,44894,4560,11122,550,144,50,812,300,1684,280,1065,1560,1634,210,416,40,600,4460,94083,503881,160,827,3520,7084,3840,18473,4330,26986,3490,23319,3410,18856,14680,763745,14650,139346,210,599,230,146,6160,7787,550,496,940,535,1340,1324,1130,183,3650,4664,310,152,2240,5677,390,1183,440,1363,1360,340,17930,170605,3730,9207,3260,7868,2710,3775,1290,1072,170,70,13020,131568,14450,139884,240,360,260,936,3090,15460,14980,43362
TX,76109,0,9700,4980,3830,760,5110,17750,4970,120,30,90,1740474,9700,1767299,7700,812640,4150,22895,3810,78493,3630,62513,130,298,2180,88444,3630,220500,1320,35179,1780,53892,130,200,1128,1630,30750,1660,318120,3330,26825,320,76,280,8323,690,5601,210,1204,780,945,140,380,160,1752,4020,149675,1341673,170,2401,3530,9777,3580,39854,3960,52721,2610,27774,3590,49770,8280,1497299,8140,402229,830,4688,70,48,3450,5772,1680,2816,460,263,590,651,320,52,810,923,160,51,1950,11762,150,383,150,404,390,112,9110,444521,830,1691,700,1455,490,626,500,443,80,60,7740,397661,8180,420519,960,2487,1250,8843,2670,37891,5980,42020
TX,76110,0,13010,5800,4280,2830,7710,28870,12330,350,210,140,681217,13010,691151,11520,498410,1910,3064,1290,9822,1210,6881,40,30,2590,32014,1200,26742,550,9786,1270,23783,40,380,1546,700,9100,470,31026,3220,9934,270,69,80,1794,280,1681,130,637,850,899,110,268,20,341,2070,50656,320565,90,390,1670,3190,1550,10871,1980,14852,1320,10265,1590,10381,9000,448909,9000,89896,180,745,170,102,4330,4197,460,266,430,243,780,656,910,153,2540,2654,170,66,2070,5849,380,1224,390,1313,1840,380,12600,123536,3840,10600,3430,9046,3560,5203,870,704,160,75,7190,85717,9120,93865,210,443,250,957,1760,8949,10910,34883
TX,76111,0,9330,4060,3080,2110,6110,21680,9720,200,100,100,326200,9330,329451,8110,270410,1020,1045,470,1584,440,1029,0,0,1850,17469,450,4550,330,4293,920,15488,20,290,1296,530,5099,150,2946,1900,3251,100,26,0,0,100,477,50,166,370,366,30,53,0,0,1090,20295,76045,30,67,870,1307,660,2220,1020,3754,560,2783,680,3169,6410,165704,6400,24992,20,49,120,59,3210,3102,100,7,200,115,570,491,780,144,2140,2261,120,54,1390,2992,240,979,260,1024,1450,302,9000,46865,2850,8042,2520,6835,2910,4408,690,582,110,53,4820,21886,6350,25531,20,14,40,71,1150,3448,8000,24650
TX,76112,0,18850,9100,4200,5280,10390,37080,14750,510,200,310,706759,18850,713595,16310,556920,2330,3356,1420,7000,1260,4999,60,38,4160,16033,1270,11001,1150,16679,2810,57269,40,790,3701,1620,19880,360,9725,4010,6836,360,92,20,423,170,753,170,790,1010,1021,120,262,0,0,3280,64708,247783,100,272,2530,3999,2260,7458,3070,12416,2000,10491,2650,16988,12650,402341,12640,66008,80,226,240,128,5550,4911,350,39,680,379,1400,1224,1280,220,2860,2776,290,136,2490,4906,430,1304,460,1408,1750,326,18250,110645,6600,18740,6040,16465,5050,6971,2090,1929,170,72,10090,61069,12630,67169,80,102,110,247,2420,7750,16000,50221
TX,76114,0,11150,5210,3660,2180,6320,23490,9190,240,100,140,464128,11150,468616,9420,345170,1680,3539,870,6212,790,4649,30,18,1900,15166,790,11350,730,10300,1710,33940,40,350,1605,1090,12548,220,7308,2350,4488,170,41,0,0,150,601,120,489,550,584,80,169,0,0,1270,28038,121367,40,188,1010,1766,920,3620,1200,5982,700,3905,900,6055,8050,276366,8040,48611,60,332,160,85,3530,3402,230,66,310,169,630,541,910,144,2120,2377,130,43,1460,2987,330,1164,340,1225,1320,275,10700,72082,3020,8090,2660,6945,2630,3826,680,542,150,67,6600,45209,8020,49925,40,126,80,617,1590,5514,9260,26566
TX,76115,0,8530,3300,2760,2410,5630,21430,10580,330,230,100,242162,8530,244105,7620,210898,550,480,170,280,140,111,0,0,1650,10478,120,634,190,1603,570,6919,0,260,1000,250,2188,60,4116,1710,1943,50,11,0,0,30,48,30,69,280,236,70,185,0,0,570,10918,31522,20,35,450,527,250,600,520,1344,190,846,350,1726,5060,98533,5080,14104,0,0,100,50,2840,2718,20,0,210,117,600,470,680,114,1910,1953,100,45,1290,2210,220,854,230,903,1500,290,8300,37407,3250,9565,2960,8203,3430,5236,780,675,90,30,3510,11182,5210,13919,0,0,0,0,740,1502,7680,24969
TX,76116,0,22350,11210,6740,4060,11450,42910,14750,650,250,390,1473150,22350,1493264,18650,872967,5020,18809,3770,51758,3510,42766,130,163,3890,60862,3490,119105,2080,38572,3790,88294,120,570,2815,2830,41961,1230,103416,5470,20114,500,123,150,3506,580,3608,360,1620,1590,1754,250,604,100,1301,4430,112082,736832,170,1224,3670,8173,3490,22378,4260,32371,2720,19788,3580,27286,16650,1080025,16570,228565,360,1851,240,167,6700,7548,1330,1295,760,426,1370,1241,1190,195,3090,3219,270,135,2980,10259,450,1421,500,1555,1850,381,21350,276109,5070,13152,4560,11681,4260,5992,1590,1386,210,102,14390,221977,16290,238578,420,753,640,5054,4080,30511,17240,50207
TX,76117,0,14180,6550,4480,3000,7910,29980,12030,340,120,220,512268,14180,516579,12350,410853,1790,2017,770,2197,680,1423,30,10,2410,20528,710,3655,770,8378,1870,32706,40,520,2301,1150,12064,170,8212,2690,4311,140,35,0,0,120,528,80,278,600,565,60,104,0,0,1590,30407,114818,40,81,1250,2044,1000,2982,1480,5654,810,3914,1080,5311,10010,278157,10020,43315,30,55,200,129,4460,4371,150,8,440,264,840,693,1150,195,2830,3081,150,85,1860,3802,410,1325,420,1468,1860,375,13680,73017,4140,10790,3640,9212,3580,5175,980,824,160,66,8050,39037,9960,43949,0,0,30,173,1830,5410,12050,34674
TX,76118,0,7170,3260,2750,1090,3300,14550,5100,160,20,140,384062,7170,387821,6260,316793,1540,1071,850,2452,780,1751,30,33,1360,8971,750,7865,540,6700,1200,21627,30,290,1289,690,8376,190,5277,1900,3759,210,56,0,0,100,449,130,516,710,763,80,194,0,0,1910,35984,162371,70,350,1430,2410,1600,6240,1840,9561,1480,8692,1480,7013,5620,252939,5620,41825,40,127,110,81,2360,2811,160,13,420,224,570,585,410,69,1380,1733,130,51,910,1962,180,613,200,691,550,119,6890,53093,1300,3298,1130,2790,1040,1466,570,499,60,33,4960,39011,5560,41793,30,36,50,272,1230,4764,5720,15817
TX,76119,0,18310,7870,4400,5890,11590,41930,20020,600,310,300,496263,18310,499791,15980,419647,1020,470,420,735,350,358,30,9,3890,15201,280,2190,540,5805,2040,34401,30,670,2964,1020,8730,70,2496,3310,3528,150,39,0,0,40,99,70,188,510,520,70,140,0,0,1650,30811,88570,50,118,1250,1643,830,1732,1480,3922,710,3110,1240,7358,10640,204635,10650,28659,0,0,200,106,5370,4719,50,0,470,263,1140,922,1280,225,3330,3189,210,88,2510,4104,410,1234,430,1363,2350,414,17790,81278,7900,24454,7350,21496,7040,10389,1920,1773,140,56,7560,23936,10890,28945,0,0,0,0,1680,2991,16370,55784
TX,76120,0,8310,4110,1910,2160,4120,15950,6070,170,70,110,373367,8310,376982,7590,308639,940,1396,550,2224,490,1457,30,18,1700,3251,510,6010,310,4499,980,15840,0,370,1637,440,5277,180,10537,2000,3615,240,61,0,0,70,231,80,344,750,788,90,197,0,0,1800,35742,160252,70,249,1320,2094,1240,5301,1680,8098,1210,7572,1410,7926,6100,233885,6100,41405,40,152,90,40,2770,3153,130,50,500,291,860,793,610,94,1400,1469,100,62,930,1785,200,575,210,615,670,128,8130,61941,2610,7241,2400,6448,2020,2664,1030,946,80,28,4920,38387,5810,40895,40,56,50,190,1110,3648,7070,22217
TX,76123,0,14140,5720,5210,2980,6510,30780,12550,260,90,160,793337,14140,801067,12750,669527,2290,1670,1430,4617,1320,3200,100,85,2940,11604,1290,11014,750,11620,2320,54689,30,620,3062,1060,13962,350,14693,3800,7730,690,184,30,538,160,804,220,897,1370,1462,220,458,0,0,4530,90580,415557,120,421,3500,6418,3830,15952,4370,23663,3720,23161,3750,21084,11010,516400,11000,87635,140,405,190,133,5460,6769,360,171,970,546,1550,1617,870,156,3110,3905,380,192,1700,4245,340,1061,360,1195,910,211,13740,113795,3320,9026,2970,7800,2600,3621,1640,1427,140,61,9290,80866,10600,86555,140,119,130,203,2330,9630,11550,36397
TX,76126,0,10620,4430,5090,920,4910,21250,6160,210,30,180,1206171,10620,1221251,8550,724031,3660,8042,2690,21984,2530,16397,100,125,2130,38353,2480,95933,1350,22801,2630,67964,170,260,1529,1870,28678,870,108646,3150,15080,420,106,100,2197,400,2688,190,1069,910,997,120,252,70,1837,3870,104170,787010,130,1485,3230,7354,3530,22111,3810,31466,2980,24750,3240,34367,9040,970797,8970,226408,260,1092,120,128,3570,4511,900,366,610,341,630,664,450,83,1660,2201,220,91,1670,6229,190,583,220,697,510,156,10070,248042,1080,2316,870,1891,750,963,560,468,80,54,8440,222384,8970,234294,370,1332,460,3433,2680,21965,7400,31265
TX,76127,0,240,170,60,0,70,430,140,0,0,0,7969,240,8028,240,7834,0,0,0,0,0,0,0,0,0,0,0,0,0,0,0,0,0,0,0,0,0,0,0,40,59,0,0,0,0,0,0,0,0,20,17,0,0,0,0,0,0,0,0,0,0,0,0,0,0,0,0,0,0,0,230,4304,230,567,0,0,0,0,130,99,0,0,0,0,30,25,80,10,40,44,0,0,0,0,0,0,0,0,0,0,240,981,20,65,20,64,30,66,20,16,0,0,200,467,200,469,0,0,0,0,0,0,230,521
TX,76131,0,15330,6180,6500,2380,6550,34230,13560,130,40,90,881474,15330,890032,14120,776693,2470,1202,1310,2236,1190,1612,130,102,2630,22168,1240,7985,760,11005,2230,38974,60,610,3055,930,11047,350,11214,4240,8558,630,165,0,0,180,931,170,648,1860,1998,220,453,0,0,4860,91855,424726,190,688,3630,6802,4240,18066,4740,26231,4110,25814,3710,15603,12660,576664,12660,92576,90,190,150,120,6280,8732,250,167,1190,707,1460,1489,980,151,4290,5844,250,98,1750,4571,300,997,330,1054,1070,281,14970,119780,2780,7048,2380,5955,2310,3202,1400,1180,150,103,11040,83747,12140,89948,80,64,60,109,2400,8852,12700,38343
TX,76132,0,13000,6990,4030,1790,6260,22600,6270,300,90,210,1295043,13000,1313170,10810,735506,3710,14217,3110,43217,2930,33173,130,234,2240,51933,2910,187971,1480,33014,2360,65405,80,360,1656,1840,31132,1070,106235,3540,18127,440,106,160,3992,430,3506,210,1164,1130,1260,160,380,70,1550,3450,111101,837454,150,1346,2890,7050,2710,26922,3330,37352,2020,18084,3000,35963,10570,1039233,10480,243722,510,2589,150,72,4170,5621,1260,2249,430,230,1070,1056,700,102,1340,1389,110,43,1650,7433,240,641,270,714,810,169,12430,265010,2260,5384,1980,4806,1440,1828,1030,884,100,44,9490,240210,10240,253954,640,1626,800,5979,2770,31655,9460,32024
TX,76133,0,22960,10360,7540,4780,11430,46660,17340,710,240,470,1043799,22960,1053769,19310,778650,4380,4841,2870,14184,2620,9986,80,68,4290,28054,2440,18409,2150,33121,4320,105249,90,830,3768,2910,39531,530,12250,5370,9970,680,177,50,554,330,1437,300,1212,1680,1794,230,450,30,28,4430,85834,351283,120,427,3490,5563,3600,10842,4260,17577,2970,14015,3630,20925,17070,646297,17030,102673,110,295,300,191,7550,7657,870,414,930,492,1730,1595,1530,261,4000,4593,450,180,2880,6201,540,1703,590,1901,2040,445,22100,147354,5960,16335,5300,14268,4810,6749,1960,1690,200,75,14270,95012,16630,103031,60,59,120,344,3840,11018,18380,54196
TX,76134,0,11300,4920,3280,2930,6000,24020,9990,350,150,200,433504,11300,437047,9830,352539,1390,1180,750,2123,680,1391,0,0,2300,7774,630,3993,710,8899,1870,37230,30,510,2219,1070,12519,120,2347,2350,3543,260,65,0,0,90,365,80,223,670,659,110,266,0,0,2000,36657,133021,60,129,1550,2168,1530,4272,1910,7006,1360,6885,1590,8953,7950,240815,7950,36365,30,129,120,80,3750,3879,160,45,490,273,870,787,870,152,2210,2455,190,94,1330,2670,250,767,260,830,1120,245,10980,62736,3630,10494,3330,9167,3000,4228,1100,966,100,47,6310,32321,7740,35772,0,0,30,69,1400,4217,9690,30858
TX,76135,0,9160,4070,3450,1510,4180,18310,6200,140,40,100,498589,9160,503486,7850,373768,1840,2016,1110,3787,1020,2633,40,40,1580,16184,990,7987,690,10657,1700,37859,70,380,1927,1000,13136,340,14565,2130,4897,260,68,0,0,150,737,120,565,610,624,80,139,0,0,2050,44252,220607,50,247,1670,3235,1710,7627,1970,11526,1530,9788,1580,8556,7120,333091,7110,59520,60,209,100,66,2900,3080,280,43,360,202,580,540,590,98,1680,2025,140,54,1110,3126,200,650,210,712,840,188,8810,75963,2030,5070,1760,4389,1500,1954,600,465,80,28,6190,56306,6950,60445,70,98,100,170,1560,5740,7320,20836
TX,76137,0,27010,12480,10020,4160,10960,54750,19790,260,80,180,1485117,27010,1499508,24750,1282150,4650,3112,2820,6095,2610,4204,160,138,4640,34605,2650,16728,1390,20510,3860,76884,70,1050,5256,1880,23801,700,18362,7330,14391,900,231,40,450,370,1704,420,1703,2940,3078,350,771,0,0,7060,133189,634095,260,904,5500,10154,5900,25487,6860,37554,5530,30957,5650,26502,21970,993146,21950,164577,190,479,360,254,9890,12366,650,433,1480,853,2710,2777,1730,296,5730,7293,600,304,3180,7483,670,2241,730,2411,1890,442,26290,209203,4840,11904,4160,10101,3730,5082,2640,2245,310,158,19400,152245,21360,162336,180,215,170,306,4520,14833,22030,61090
TX,76140,0,12580,5290,3900,3250,6940,28130,12280,300,160,140,505563,12580,510413,11070,420632,1230,853,640,1311,580,938,20,11,2660,11119,560,4922,610,8661,1800,31919,100,570,2467,930,10335,180,10522,2740,4850,260,67,0,0,100,499,110,372,760,775,110,197,0,0,2320,44222,167142,70,208,1720,2792,1730,5728,2200,9245,1600,9128,1760,10025,8870,283096,8870,45156,60,127,140,91,4250,4634,110,11,590,342,930,863,910,148,2690,3097,200,95,1620,3281,270,841,300,945,1280,278,12180,73644,3960,11284,3590,9771,3440,5018,1210,1047,120,50,7030,40504,8710,44952,40,43,50,196,1570,6345,10790,34818
TX,76148,0,11370,5170,4360,1660,4750,22770,7730,230,70,150,529299,11370,533636,10110,443683,1880,1118,1040,1453,950,865,40,25,1850,15203,900,3241,760,8814,1910,35975,30,480,2396,1100,11852,190,3472,2590,4337,240,64,0,0,120,462,150,583,940,956,80,160,0,0,2210,38403,150625,60,182,1700,2633,1810,5402,2110,8535,1600,7406,1670,7272,9060,331836,9070,49929,30,34,170,120,3790,4400,150,10,530,320,800,751,850,138,2330,2948,260,133,1320,2759,280,940,310,1054,910,205,11010,69324,2290,5466,1950,4664,1640,2246,800,644,110,54,8000,45451,8890,49121,0,0,0,0,1760,4818,9390,24771
TX,76155,0,2670,1740,500,380,1190,4100,980,0,0,0,126851,2670,128129,2560,118578,410,169,230,200,200,123,30,13,390,-297,260,959,40,290,250,2438,0,110,520,70,697,30,357,690,1278,40,10,0,0,0,0,30,81,350,374,40,90,0,0,400,7004,31042,40,165,260,473,110,456,340,1170,100,634,290,1367,2300,87953,2310,15411,0,0,30,9,840,764,40,3,90,49,330,343,260,37,310,311,0,0,180,311,50,122,50,129,180,32,2620,19622,470,950,390,842,280,334,320,291,20,5,2060,14520,2200,15073,0,0,0,0,420,1065,2220,5483
TX,76164,0,6780,3000,2040,1690,4730,16280,7780,200,120,90,217123,6780,218722,6010,173475,550,440,150,452,120,288,0,0,1150,9465,140,2970,160,1399,500,7269,0,190,640,270,2547,50,6418,1180,1599,50,13,0,0,30,65,0,0,150,134,0,0,0,0,370,7727,29350,0,0,290,432,160,643,310,1235,140,782,210,978,4300,105114,4310,18517,0,0,100,77,2180,1954,40,2,130,79,320,256,550,103,1510,1460,40,14,940,1820,170,616,190,692,1020,189,6590,32583,2370,6958,2140,5908,2440,3609,430,336,60,31,3140,16557,4260,19118,0,0,20,199,640,1973,6060,18810
TX,76177,0,5250,2120,2420,640,2070,11550,4200,0,0,0,373691,5250,377652,4900,327321,980,483,570,979,540,640,100,101,860,6899,610,6872,280,4358,750,14047,0,220,1080,300,4182,160,4983,1820,3961,270,72,0,0,70,270,110,381,940,1064,100,198,0,0,2140,42729,217094,120,450,1550,3192,1880,9000,2090,13107,1870,13466,1640,6797,4590,262365,4580,44358,70,166,50,28,2210,3215,110,6,520,334,610,634,250,37,1440,2044,70,25,580,1447,80,227,90,261,250,68,5140,52809,600,1405,510,1158,490,654,510,425,40,17,4210,41082,4460,43292,30,35,40,62,940,3424,4250,13253
TX,76179,0,24400,9670,10880,3510,10530,53290,19560,230,60,170,1725859,24400,1745473,21760,1341482,5350,9156,3090,19151,2850,15238,200,251,4410,49851,2970,66264,1700,31048,4480,99935,140,930,4858,2290,32449,1030,62952,6840,19614,1000,260,80,1634,490,3000,380,1629,2520,2620,290,582,70,1882,8460,183613,965543,300,1368,6590,13542,7490,38476,8250,54705,6950,48666,6530,37909,20220,1216541,20190,226740,380,1646,220,200,9550,14039,770,1522,1820,1102,2100,2053,1410,225,6050,8261,520,235,3110,9563,410,1318,460,1444,1490,407,23660,267777,4020,9562,3450,8042,3130,4304,1960,1588,200,107,18080,213165,19730,227763,390,591,440,2338,4350,25507,19450,60573
TX,76180,0,16790,8180,5750,2580,7640,31640,9970,350,100,250,879978,16790,889178,14260,653738,3640,6705,2220,8041,2020,5153,70,49,2700,31141,2050,19938,1630,27301,3220,72702,70,620,3165,2210,29735,580,20162,3950,9200,520,127,50,815,320,1506,220,993,1350,1358,150,333,30,278,3600,74852,355585,100,388,2940,5280,2850,12329,3450,18424,2380,14933,2960,18662,13280,588139,13240,100874,130,443,240,182,5040,5504,560,73,750,409,1200,1121,1020,165,2600,3053,230,137,1920,4782,380,1188,420,1309,1320,276,16100,125094,3200,7647,2780,6688,2370,3199,1310,1098,160,81,11740,95370,12940,102016,120,166,170,603,3190,12671,13050,33969
TX,76182,0,14570,6060,7010,1330,6270,29310,9020,180,30,150,1143025,14570,1156882,12480,878324,4540,4621,3270,11498,3080,7968,120,116,2920,42886,3060,28038,1590,29416,3090,75981,90,540,3121,2010,30712,950,40323,4190,13857,620,155,100,1720,480,2966,310,1553,1310,1443,180,411,60,479,5620,127212,717115,140,701,4690,9919,5140,30073,5530,41408,4580,33692,4840,29172,12210,836885,12170,156334,360,868,160,136,4840,5509,870,296,790,466,1110,1190,640,108,2340,3086,390,176,2160,6719,290,941,320,1056,620,169,13910,173625,1550,3289,1250,2672,1030,1383,1030,869,120,60,11400,150558,12130,159596,420,447,450,711,3600,17690,10420,28462
TX,76201,0,9720,7100,1820,730,3290,13330,2880,170,100,70,318267,9720,323277,8610,239416,1580,1750,950,4368,870,3037,0,0,1420,11886,830,7811,570,8734,1030,23862,40,190,777,750,9858,240,6498,2540,5010,240,55,0,0,180,680,100,445,1100,1190,300,939,0,0,870,16786,78427,30,81,720,1092,650,2324,840,3608,510,2721,700,4413,6920,196605,6890,30880,40,116,120,53,2640,2106,250,32,180,90,1360,1045,420,56,730,799,70,19,1100,1982,280,586,290,603,710,113,9350,41743,1610,2316,1310,1972,780,1116,1410,1233,150,65,5870,28773,6560,31306,30,27,40,200,1410,3977,7990,13746
TX,76205,0,8500,4860,2500,1050,3680,14700,4410,130,80,60,434920,8500,441257,7420,294696,1860,3363,1210,10527,1130,8241,30,42,1350,16409,1140,18596,710,16079,1210,30675,50,220,965,950,16426,420,23601,2120,6337,210,53,40,727,240,1268,120,584,740,809,150,428,0,0,1480,35245,196149,60,210,1250,2478,1250,7055,1440,10084,960,7355,1230,9120,6430,297885,6390,55327,90,282,90,37,2650,2445,390,132,240,128,900,773,490,73,1000,1107,80,32,1000,2707,170,456,180,482,630,117,8190,64835,1510,3333,1320,2953,1100,1552,910,794,80,28,5490,52882,6100,56858,100,144,160,682,1480,9000,6720,15337
TX,76207,0,6120,2720,2640,700,2950,11850,3360,90,50,40,405146,6120,409782,4690,217632,2080,3976,1390,9274,1270,6068,60,72,1000,10878,1340,34239,1160,29553,1720,52525,80,160,772,1560,28097,390,13677,1530,4636,180,48,20,437,160,904,70,375,510,557,70,162,20,110,1960,43627,217556,80,503,1660,3236,1780,9290,1940,13233,1370,9229,1700,9128,4980,285822,4950,50971,80,262,60,84,1970,1839,480,71,210,117,430,423,280,38,880,1049,110,38,730,1933,100,276,120,364,350,79,5840,58460,950,2215,820,1960,800,1151,390,332,40,13,4410,49132,4800,52356,60,71,120,854,1360,7619,4460,11933
TX,76208,0,9930,4220,4220,1370,4770,22010,8540,120,50,70,659279,9930,666765,8700,494065,2360,2728,1470,6381,1350,4680,80,85,1860,26608,1350,20496,740,15665,1590,36429,100,310,1494,960,13689,490,20664,2730,7486,400,106,30,456,230,1378,160,763,860,893,140,321,20,225,2960,66731,376344,100,715,2400,5036,2630,13985,2890,20587,2410,18778,2430,12654,7770,460355,7740,88876,150,426,90,65,3520,4277,390,207,630,366,790,803,510,79,2010,2489,130,77,1330,3725,160,602,170,648,630,138,9550,109661,1720,4433,1490,3836,1740,2701,730,631,70,43,6710,84431,7540,89471,150,211,180,347,1950,9236,7670,21867
TX,76209,0,11780,6080,3720,1790,5100,22790,7980,250,140,120,482388,11780,487767,10420,385497,2260,1539,1130,4294,1040,3123,40,32,1890,16016,990,6781,780,12828,1660,34547,40,300,1190,1090,13925,290,4674,2940,5379,390,104,0,0,180,764,160,530,1200,1280,160,408,0,0,1750,30775,137806,40,126,1400,2234,1470,4718,1690,7367,1230,6477,1350,7055,8960,292189,8930,44106,30,56,150,81,3860,3952,300,25,460,259,1090,957,740,115,2100,2420,190,52,1370,2769,260,685,290,776,960,191,11360,62711,2570,5816,2240,5128,2060,2968,1000,857,120,56,7530,40126,8550,43620,0,0,30,72,1830,4846,9680,23557
TX,76210,0,18180,7520,8500,1910,7720,39090,14010,160,70,80,1341522,18180,1356789,16040,1026493,4830,4586,3050,12423,2830,8807,160,168,3520,45212,2750,31751,1580,30347,3170,73702,120,630,3002,2020,29946,980,56924,5520,15267,950,245,80,1238,510,2729,330,1566,2050,2225,280,573,40,413,6890,146159,824736,240,1125,5550,11448,6290,31142,6800,44580,5880,41937,5720,30565,15160,962377,15080,177809,280,739,190,193,7020,9230,790,331,1370,797,1810,1894,880,134,4060,5589,460,176,2510,7221,320,1096,380,1260,840,239,17560,199048,2200,4927,1830,4055,1740,2424,1650,1433,160,80,13730,168350,14800,178436,320,409,340,798,3920,19739,13710,38145
TX,76225,0,1410,530,710,140,830,3010,990,0,0,0,94908,1410,96237,1150,66516,430,316,170,374,150,169,0,0,320,5036,190,2252,110,1847,300,6762,250,30,151,210,2761,70,2587,390,1329,50,14,0,0,50,254,0,0,90,87,0,0,0,0,340,8827,46137,0,0,300,598,280,1024,340,1738,220,1603,260,1406,1140,64037,1130,11920,20,59,0,0,450,565,30,0,50,25,80,85,60,12,290,428,0,0,240,803,0,0,0,0,110,33,1320,13972,190,463,160,369,150,196,70,57,0,0,1030,11048,1140,12108,20,49,30,35,290,2019,1060,3418
TX,76226,0,9600,3120,5760,570,4880,22740,8410,20,0,20,1382525,9600,1400844,8100,983619,4070,10983,3160,27131,2950,20902,240,691,2280,53309,3170,71433,1140,33359,1850,51623,270,240,1368,1290,22418,1350,126273,3190,18319,390,102,120,2726,510,4064,210,1394,710,721,130,273,80,908,5410,168324,1127155,300,4256,4500,12101,5120,44477,5370,61520,4610,51824,4680,36177,8250,1105500,8180,260874,850,2748,60,57,3500,4726,990,831,720,426,680,782,220,37,1470,2035,200,89,1760,7478,90,291,110,329,260,118,9080,267417,500,1027,390,791,430,589,590,527,50,30,7830,256554,8220,270305,1010,1923,950,3354,2880,34776,6130,24836
TX,76227,0,12200,4590,5820,1540,4990,27410,10200,80,30,50,861102,12200,871580,10780,664851,2570,2740,1510,6401,1390,4489,160,139,2620,24614,1500,21504,880,17843,2090,41498,290,480,2535,1170,15465,580,42887,4080,10478,560,150,40,625,340,1746,210,862,1740,1940,190,370,30,290,4590,96528,504917,260,888,3430,6700,4150,18362,4500,26714,3950,29438,3550,16529,10140,601792,10090,108417,160,594,120,111,4870,7452,360,215,1070,629,1040,1076,580,85,3330,4909,230,84,1820,4978,220,640,250,717,640,180,11700,119265,1700,4072,1430,3387,1420,1974,880,747,110,78,9150,100984,9970,107960,160,202,160,494,2420,13002,9430,28799
TX,76228,0,430,140,220,40,270,870,250,0,0,0,24738,430,25219,330,15442,140,62,70,169,60,113,0,0,110,1717,90,708,40,395,80,1562,130,0,0,80,1004,20,208,150,481,0,0,0,0,30,116,0,0,0,0,0,0,0,0,70,1622,7571,0,0,70,99,50,115,70,243,30,209,50,283,330,16882,330,2910,0,0,0,0,110,111,0,0,0,0,0,0,0,0,80,82,0,0,120,392,0,0,0,0,30,6,380,3037,70,168,50,133,50,59,0,0,0,0,310,2798,350,3234,0,0,0,0,120,1129,280,833
TX,76230,0,4040,1560,1950,480,2580,8490,2700,0,0,0,265973,4040,269990,3170,155646,1200,2021,600,3156,560,2277,20,23,910,18800,640,15561,400,5577,800,17185,520,90,411,710,9103,270,13269,1040,4017,100,28,0,0,220,1347,60,365,180,179,0,0,0,0,900,22551,102127,30,86,800,1594,680,1992,880,3796,470,3120,690,4848,3100,182753,3070,35748,70,281,30,15,1180,1463,130,48,150,74,190,192,190,32,740,990,80,26,680,2394,70,238,80,253,320,82,3750,41899,780,1831,670,1579,540,744,180,138,30,8,2810,34234,3130,37590,40,69,80,602,830,7661,2990,10326
TX,76233,0,1400,560,650,190,800,2940,960,0,0,0,83516,1400,84526,1160,60089,370,246,150,707,150,526,0,0,320,3313,170,4225,130,2771,290,5371,190,40,195,200,2264,60,1834,400,1010,40,13,0,0,60,251,20,115,90,84,0,0,0,0,330,7943,37056,0,0,280,519,270,948,330,1590,230,1901,240,1297,1090,56337,1090,9632,20,66,0,0,440,497,40,4,40,18,80,77,80,15,260,353,0,0,240,648,0,0,0,0,100,29,1320,11760,270,578,220,483,180,252,70,61,0,0,970,9114,1090,10125,0,0,20,185,280,1375,1070,3204
TX,76234,0,7130,2870,3430,740,4130,15120,5040,0,0,0,540859,7130,547762,5890,344074,2090,4418,1100,7631,1000,5419,40,45,1460,25027,1130,31603,670,12536,1370,29683,860,160,682,1000,14021,570,39910,1920,6903,250,65,30,585,280,1725,110,595,460,453,80,194,30,554,2050,53417,288954,60,294,1790,3639,1720,7231,2020,11367,1450,11629,1600,14044,5710,391826,5690,79215,120,525,50,35,2200,2642,270,59,280,160,470,485,330,63,1310,1749,100,36,1140,4153,100,358,110,381,500,147,6730,94149,1020,2506,880,2110,860,1220,430,372,50,19,5160,76739,5650,83209,130,224,190,1558,1550,10770,5210,17642
TX,76238,0,230,80,150,0,180,520,160,0,0,0,17812,230,17896,190,11155,70,28,30,219,30,105,0,0,30,128,30,120,20,308,60,1318,60,0,0,50,680,0,0,50,84,0,0,0,0,0,0,0,0,0,0,0,0,0,0,60,1119,7092,0,0,50,92,40,105,50,229,30,211,40,235,190,11597,190,1976,0,0,0,0,80,124,0,0,0,0,0,0,0,0,60,87,0,0,20,48,0,0,0,0,0,0,230,2182,20,45,0,0,0,0,0,0,0,0,180,1852,190,2020,0,0,0,0,60,500,170,503
TX,76239,0,450,160,250,30,310,900,240,0,0,0,35872,450,36262,300,14451,190,180,90,603,80,418,0,0,120,903,90,721,40,637,130,2888,160,0,0,120,1706,30,-200,140,390,0,0,0,0,0,0,0,0,0,0,0,0,0,0,100,3357,14133,0,0,90,181,90,301,90,522,40,293,90,943,370,26189,370,5170,0,0,0,0,110,146,20,4,0,0,0,0,0,0,70,106,0,0,90,233,0,0,0,0,0,0,420,4705,60,119,40,92,30,37,0,0,0,0,360,5023,390,5448,0,0,30,143,140,2031,270,923
TX,76240,0,11300,4700,4540,1950,6440,23680,8460,50,0,50,630524,11300,637652,9470,414383,2630,6036,1580,10255,1450,7372,120,87,1910,24033,1560,34750,1050,19882,2170,46213,720,240,1152,1640,22325,670,41884,2420,7128,250,70,40,604,350,1826,140,709,510,483,70,125,40,450,2030,52987,243257,180,803,1650,3081,1600,6992,1970,11875,1180,8094,1530,9537,8580,418404,8520,75875,150,550,80,65,3640,3983,500,206,400,225,480,448,860,152,2160,2703,120,49,1500,3861,140,403,150,445,860,196,10740,97926,2400,5999,2100,5312,2040,2971,440,347,60,24,7430,71789,8390,77401,90,118,170,1019,1960,9930,8870,28049
TX,76244,0,29320,10640,14590,3580,11440,69900,28560,220,50,170,2270041,29320,2294372,26940,1942360,6700,4343,4520,9065,4220,6298,450,492,5530,57000,4390,23371,1810,30908,4400,85823,80,1080,5500,1810,23815,1310,66930,9340,24331,1460,377,90,1598,620,3479,550,2268,3960,4280,480,1022,60,546,13150,280014,1507655,540,2379,10190,21223,12040,67976,12920,93219,11670,84990,10740,55399,24830,1600395,24770,286597,510,1205,300,263,12840,19512,1080,792,3030,1808,2700,2921,1320,226,8630,12532,530,220,3790,10916,540,1973,590,2137,1240,355,28460,325512,3340,8012,2790,6551,2970,4195,2470,2080,240,150,22600,267095,24180,282193,500,604,380,415,5860,28950,22850,70292
TX,76245,0,770,340,360,80,400,1400,320,0,0,0,43195,770,43459,550,23683,210,304,110,659,110,375,0,0,130,833,110,1136,120,2081,200,4288,40,20,95,190,2012,40,1716,130,264,0,0,0,0,0,0,0,0,0,0,0,0,0,0,150,3464,18469,0,0,120,227,130,463,150,768,90,677,120,507,570,29839,570,5642,0,0,0,0,150,127,0,0,0,0,0,0,30,5,80,91,0,0,90,225,0,0,0,0,50,11,700,6418,140,319,110,277,70,107,0,0,0,0,530,5516,590,5995,0,0,0,0,170,997,530,1356
TX,76247,0,6270,2350,3070,760,2630,14250,5380,30,0,30,413653,6270,417738,5600,334467,1290,1470,750,1746,680,1102,40,33,1210,10532,740,5370,400,7257,1100,20530,170,280,1426,570,7439,290,10933,1790,4085,240,64,0,0,120,743,100,400,670,684,70,129,0,0,1990,41496,211100,70,284,1540,3185,1790,6895,1970,10797,1710,12191,1490,7179,5150,283675,5130,48615,60,188,50,29,2370,3428,150,11,410,253,470,522,360,63,1620,2394,120,51,850,2002,110,349,110,360,400,114,6060,58908,930,2209,770,1801,780,1092,460,389,60,32,4640,45157,5100,48033,70,53,60,162,1170,4715,4940,14979
TX,76248,0,17030,6350,9360,1150,7610,37920,13640,100,0,100,2345977,17030,2372165,14700,1582084,6800,8900,5570,27137,5240,18856,320,685,3370,73952,5300,77720,2040,47797,3390,100978,130,470,2574,2150,36143,1640,119775,5070,26188,710,180,210,4535,700,5166,430,2366,1200,1242,250,513,100,2478,8870,243407,1915863,400,3507,7430,18938,8310,67502,8790,90982,7570,70645,7910,55953,14410,1909818,14260,423447,1300,3691,120,116,6030,8057,1760,1875,1010,583,1260,1482,420,75,2300,3089,470,180,2600,10584,210,768,240,855,440,173,16220,443982,1050,2049,830,1621,660,861,1170,1029,100,68,13710,415820,14330,437087,1470,2432,1310,2637,4890,40737,11260,39888
TX,76249,0,3840,1470,1810,510,1810,8530,3130,20,20,0,238118,3840,240606,3410,185930,950,1214,450,1375,410,987,20,13,790,6606,420,3466,290,4681,660,12796,230,120,501,420,5338,180,7319,1080,2488,120,34,0,0,100,508,60,254,370,337,50,83,0,0,1110,22227,108423,30,102,910,1645,1020,3718,1100,5627,940,6645,830,3860,3150,161295,3130,27751,20,74,20,12,1440,2012,100,4,310,181,280,289,210,34,1000,1357,80,32,530,1323,60,182,60,190,210,54,3720,34280,590,1436,510,1195,520,756,270,222,30,13,2790,25732,3060,27665,0,0,40,150,700,3409,3040,8773
TX,76250,0,590,240,280,40,430,1230,430,0,0,0,45917,590,46714,490,31891,270,164,140,718,130,355,0,0,110,1612,130,1119,70,621,120,2124,60,0,0,90,1116,70,4495,190,797,0,0,0,0,30,177,0,0,30,29,0,0,0,0,190,3698,24147,0,0,170,365,160,655,190,1156,110,775,150,875,500,34267,500,6145,0,0,0,0,210,295,30,1,40,26,40,47,20,4,110,177,0,0,100,335,0,0,0,0,0,0,550,6761,40,75,30,62,0,0,30,27,0,0,470,5847,490,6273,0,0,0,0,150,808,410,1123
TX,76251,0,320,120,170,20,220,650,190,0,0,0,19700,320,19913,240,11850,120,137,40,191,40,84,0,0,80,729,50,315,40,322,70,1749,80,0,0,60,960,0,0,80,213,0,0,0,0,0,0,0,0,0,0,0,0,0,0,90,1928,8127,0,0,80,133,70,132,90,285,50,264,70,391,250,13412,250,2429,0,0,0,0,90,102,0,0,0,0,0,0,0,0,60,80,0,0,50,118,0,0,0,0,30,6,290,2490,50,105,40,77,30,35,0,0,0,0,230,2328,250,2562,0,0,0,0,80,553,220,666
TX,76252,0,1440,640,670,110,1020,2900,990,0,0,0,122046,1440,125087,1190,64358,630,1434,380,2173,350,1585,0,0,400,12285,380,7743,170,2036,270,5234,220,0,0,230,3154,300,17611,510,3041,60,15,0,0,120,708,20,113,100,93,0,0,30,662,370,9040,56073,0,0,350,717,320,1521,370,2381,200,1273,310,2860,1190,93778,1170,20286,30,115,0,0,520,669,110,14,100,65,120,147,70,16,260,400,0,0,330,1139,0,0,0,0,40,9,1340,24146,130,262,100,191,100,134,110,91,0,0,1090,19504,1180,21161,30,70,70,396,360,3214,980,3073
TX,76255,0,2150,880,1000,260,1410,4500,1490,0,0,0,122961,2150,125265,1730,76272,550,862,260,1479,240,925,0,0,470,7074,300,4925,200,2430,470,10197,280,40,186,360,4424,130,11419,570,2304,80,21,0,0,110,669,0,0,110,113,0,0,0,0,470,12812,53059,30,112,410,752,330,943,470,1978,230,1240,360,1984,1570,80850,1560,15276,40,182,0,0,610,651,80,8,60,31,110,98,100,19,360,468,20,4,380,1145,30,64,30,65,210,49,2030,19494,460,1049,390,899,320,462,100,85,0,0,1390,14624,1600,16062,30,26,40,132,380,3094,1670,5359
TX,76258,0,3050,1200,1430,390,1920,6840,2640,0,0,0,224031,3050,227488,2550,142025,830,1917,450,4767,420,3390,20,48,680,7632,450,14797,270,4977,510,12261,240,60,323,360,5027,240,13576,880,3457,110,29,0,0,140,879,50,247,170,182,40,69,0,0,830,24237,130634,70,682,680,1435,700,3447,810,5695,600,5480,670,4281,2330,158111,2330,33140,60,327,40,23,990,1273,110,75,100,66,200,197,130,21,610,770,40,11,530,1647,70,191,70,217,270,67,2870,36974,480,1198,390,990,520,788,200,168,0,0,2020,31722,2330,34403,60,129,80,672,660,6078,2240,6901
TX,76259,0,2060,800,1000,230,1010,4590,1660,0,0,0,149368,2060,151153,1810,106745,510,570,270,958,260,682,0,0,430,4357,280,6210,160,2562,370,7789,120,80,374,250,3093,120,6079,570,1785,80,21,0,0,70,450,30,119,160,173,20,62,0,0,610,13841,76058,0,0,510,1101,540,2070,590,3292,490,4005,480,2818,1680,107008,1670,19911,30,62,0,0,700,915,60,5,120,62,150,158,90,13,450,613,50,12,310,912,20,77,30,92,130,34,1970,21965,330,790,290,691,250,341,160,120,0,0,1520,18986,1660,20458,40,41,50,163,440,3514,1550,4594
TX,76262,0,15420,5870,8090,1240,6780,34490,12360,100,0,100,2353856,15420,2383728,13620,1577545,5370,16317,4130,48393,3900,35156,370,1946,3000,62223,4030,282877,1530,40872,2650,65089,190,470,2631,1640,27088,1510,212071,4810,29872,650,166,160,4486,560,4219,360,1890,1510,1630,210,483,120,4207,7330,230548,1818825,460,10859,5860,15620,6740,59364,7220,87163,6200,62790,6270,59605,13190,1942759,13110,490204,910,5038,80,88,5790,12284,1360,4487,1100,664,1040,1147,540,90,2830,3898,300,167,2200,9400,150,558,190,614,560,189,14770,522956,1170,2558,960,2160,950,1294,910,811,90,52,12360,481049,12970,502450,1190,4179,1100,7548,3840,42493,10830,48840
TX,76264,0,630,240,310,70,320,1250,340,0,0,0,34099,630,34340,510,25442,150,69,90,161,70,80,0,0,120,670,80,302,80,1214,140,3272,90,0,0,110,1298,30,925,140,241,0,0,0,0,0,0,0,0,20,12,0,0,0,0,120,3147,12993,0,0,90,161,90,357,120,642,80,593,80,411,500,22082,490,3578,0,0,0,0,190,176,0,0,0,0,30,26,50,10,100,112,0,0,80,145,0,0,0,0,40,9,610,4876,120,248,100,210,70,84,20,14,0,0,440,3402,500,3649,0,0,0,0,120,314,500,1404
TX,76265,0,720,280,360,70,460,1440,410,0,0,0,46121,720,46942,570,25589,200,198,100,347,80,238,0,0,150,2566,100,923,80,911,180,3825,140,0,0,130,1645,50,1661,190,821,0,0,0,0,30,154,0,0,40,23,0,0,0,0,150,3442,18450,0,0,130,269,120,418,150,766,80,575,110,693,550,32664,550,6543,0,0,0,0,190,227,0,0,20,8,30,31,40,6,110,160,0,0,110,407,0,0,0,0,50,10,680,8045,120,278,100,230,80,92,30,24,0,0,520,6290,570,7004,0,0,0,0,130,1498,540,1549
TX,76266,0,6580,2660,2960,810,3330,13720,4630,80,50,30,403607,6580,408537,5720,308842,1640,2185,830,2760,770,1999,40,38,1270,13854,790,12515,490,9576,1220,26080,350,210,920,730,9461,320,13725,1690,4930,230,57,20,346,180,1120,90,435,490,496,60,114,0,0,1610,35366,178504,70,261,1320,2659,1400,5066,1580,8212,1270,9722,1250,6225,5240,277786,5230,48786,70,267,50,26,2140,2670,160,19,310,181,440,458,380,64,1350,1809,90,31,890,2383,100,333,120,352,430,109,6310,59712,1090,2500,940,2147,820,1136,410,341,50,28,4750,46062,5210,49625,80,94,80,431,1210,6782,5150,14808
TX,76270,0,810,290,430,60,490,1710,520,0,0,0,54049,810,54763,630,35049,280,231,120,412,110,259,0,0,160,2081,120,467,90,1750,220,5296,190,20,110,160,2087,60,2440,190,714,0,0,0,0,30,138,0,0,50,52,0,0,0,0,210,4890,24302,0,0,180,395,190,727,200,1210,150,1167,160,1004,660,37823,640,6974,0,0,0,0,210,261,30,0,0,0,30,32,30,6,140,202,0,0,120,350,0,0,0,0,50,8,750,8540,110,258,90,224,90,131,30,22,0,0,580,6711,650,7262,0,0,0,0,150,956,600,1999
TX,76271,0,690,270,320,80,400,1470,500,0,0,0,42834,690,43292,540,31056,170,154,80,171,70,120,0,0,180,1504,70,808,60,1074,130,2955,80,20,121,90,994,40,704,200,458,0,0,0,0,30,102,0,0,40,39,0,0,0,0,190,4400,21136,0,0,160,310,170,710,190,1069,140,1166,150,628,550,29145,550,5451,0,0,0,0,210,246,0,0,0,0,40,40,40,7,130,166,0,0,130,318,0,0,0,0,60,16,660,6772,120,267,90,206,90,137,40,28,0,0,490,5191,570,5680,0,0,0,0,150,601,510,1597
TX,76272,0,2060,800,1010,240,1240,4420,1460,0,0,0,132860,2060,134207,1720,95238,570,575,330,1596,300,1076,0,0,420,3152,310,4332,200,3879,430,9380,290,60,189,290,3943,130,7955,500,1347,40,10,0,0,50,334,30,175,100,98,0,0,0,0,520,11980,65478,0,0,440,862,460,2058,510,3319,370,3173,420,2405,1610,92527,1600,16373,20,115,0,0,630,694,70,12,60,34,100,83,110,19,380,509,30,8,320,770,30,85,40,106,120,30,1950,18416,350,826,310,685,280,397,90,63,0,0,1450,15772,1650,16806,20,27,30,41,400,2332,1600,4836
TX,76273,0,4000,1630,1880,470,2340,8170,2510,30,0,30,236540,4000,239448,3320,156716,980,3350,510,2883,450,2023,30,24,810,9265,550,19899,390,6221,830,16313,500,110,450,620,7994,220,11787,1010,2908,160,45,0,0,130,794,50,245,220,220,20,38,0,0,880,22596,95027,70,398,740,1302,720,2520,860,4308,560,4027,630,3525,3050,159489,3040,28261,50,178,20,14,1200,1371,140,24,120,70,240,219,260,49,690,917,50,18,590,1578,60,250,60,261,300,60,3790,35590,720,1727,600,1470,520,689,220,174,30,16,2760,26994,3090,29335,30,44,60,539,730,3220,3100,9218
TX,76301,0,6460,3070,1620,1660,2370,12700,4890,600,530,80,242686,6460,245257,5740,158114,750,1983,380,4844,350,3861,20,82,810,8687,330,16296,310,3330,960,15077,30,230,905,590,5989,150,12534,1040,2571,60,14,0,0,100,476,50,154,250,234,30,56,0,0,420,11969,73325,40,487,280,521,310,1445,400,2515,190,1168,300,2767,4240,143872,4230,27335,30,203,40,20,1680,1430,90,27,130,64,260,217,490,70,1000,991,50,11,660,1713,90,315,100,337,840,147,6300,49132,2410,6420,2170,5865,1720,2266,310,253,30,9,3510,25930,4220,28773,20,106,50,756,740,2835,5600,18069
TX,76302,0,5290,2410,1940,890,2080,10270,3370,280,230,50,275992,5290,280390,4490,183626,1320,1838,680,4258,650,4288,40,34,790,10720,600,7322,500,7678,1120,24398,50,190,817,770,9574,220,10520,1200,4398,120,31,0,0,140,769,80,380,370,389,40,112,0,0,810,20586,101601,60,197,630,1137,680,2519,790,4035,490,2615,610,5261,3960,178851,3940,32073,50,169,50,33,1650,2029,210,79,240,136,380,372,380,53,880,1120,50,11,650,1792,70,177,80,223,450,95,5080,41780,1210,3104,1080,2826,890,1132,390,332,30,9,3470,29888,3840,32413,40,74,70,390,890,4168,4180,11973
TX,76305,0,2250,890,1090,240,1000,4490,1260,130,100,30,117139,2250,118513,1880,82471,610,525,290,938,250,571,0,0,380,3151,280,3013,230,2187,540,11582,170,70,407,380,4329,110,4822,530,1374,30,8,0,0,70,333,40,203,130,117,0,0,0,0,340,7965,34477,0,0,280,456,290,897,330,1459,220,1321,250,1286,1780,76578,1780,12357,0,0,0,0,690,755,70,3,70,44,150,151,170,31,370,464,0,0,290,674,20,59,20,66,180,40,2160,16255,410,970,360,865,270,348,130,104,0,0,1600,11601,1740,12536,0,0,0,0,400,1320,1760,4790
TX,76306,0,6440,2780,2150,1380,2090,12980,4700,710,650,70,237561,6440,239332,5670,184865,1070,838,400,630,370,384,20,14,610,4317,310,1023,370,2773,1430,30301,20,250,886,720,7570,50,613,1040,1771,110,30,0,0,30,139,60,173,380,370,40,74,0,0,490,9840,35394,30,85,340,511,380,908,450,1647,310,1365,320,1896,4630,134810,4640,19220,0,0,50,30,1950,1960,80,4,240,137,350,326,610,95,1200,1338,70,33,460,780,90,256,100,304,560,102,6300,32720,2010,5255,1810,4844,1410,1908,370,302,40,12,3930,17258,4410,18456,0,0,0,0,730,1507,5600,15781
TX,76308,0,9250,4640,3550,920,3890,16590,4420,430,330,90,704126,9250,717919,7610,373292,2980,7512,1910,22054,1800,16528,80,132,1600,48449,1740,70274,1030,15995,2080,49687,130,220,1007,1540,21713,830,55754,2540,13793,310,80,80,2463,430,3128,180,1076,760,794,110,277,80,1516,2120,63464,386797,130,925,1740,4049,1780,9974,2060,15219,1290,8864,1750,20238,7440,526336,7390,113255,180,2246,80,62,3050,3819,680,374,410,235,780,726,540,82,1270,1607,100,32,1270,6259,130,356,150,433,590,148,8810,130546,1380,2802,1180,2454,840,1044,860,733,50,25,6700,109804,7120,119727,210,469,340,2843,1880,17257,6770,21671
TX,76309,0,5810,2620,2120,970,2370,11460,3910,430,350,80,331800,5810,337216,4840,196747,1510,2578,950,6713,870,4712,30,31,810,15139,860,12431,600,8435,1320,31788,40,160,685,910,11905,330,28146,1210,5416,130,36,50,1392,170,1186,110,586,280,298,50,103,0,0,960,25734,142133,60,181,780,1467,820,3953,940,5879,570,3701,780,9169,4300,223635,4280,44375,60,218,50,24,1760,1769,310,40,160,86,330,324,390,64,900,1072,70,17,650,2484,90,283,90,314,560,109,5600,54699,1400,3672,1260,3343,1060,1429,320,258,30,12,3760,42616,4210,46101,80,168,120,444,1050,5957,4550,13131
TX,76310,0,8410,3460,3860,950,3160,17040,5330,400,330,70,535416,8410,542900,7160,370886,2580,2445,1260,5186,1160,3450,70,87,1420,21639,1150,12650,850,10626,2030,47477,180,200,790,1230,14799,450,28238,2270,7484,350,89,40,772,270,1744,190,816,670,664,90,187,30,165,1910,44090,228499,100,340,1470,2880,1640,6641,1850,10037,1410,8706,1510,9903,6890,374416,6870,68412,60,162,60,68,2860,3695,340,61,570,334,650,705,540,84,1690,2248,140,55,1110,3466,120,406,140,519,500,140,8070,80770,1270,2863,1070,2523,870,1117,570,504,60,27,6250,64676,6640,69262,90,145,110,361,1670,9057,6450,17910
TX,76311,0,1270,660,520,70,180,2630,980,230,230,0,45215,1270,45589,1250,43102,170,24,140,88,110,55,0,0,60,122,100,235,0,0,90,1638,0,0,0,0,0,0,0,280,374,0,0,0,0,0,0,0,0,190,174,0,0,0,0,50,925,4238,0,0,20,39,30,91,50,207,30,237,40,203,1020,24099,1030,3202,0,0,0,0,550,689,40,0,110,65,150,124,180,32,350,459,0,0,40,22,0,0,0,0,30,3,1270,5922,260,586,250,565,250,407,100,71,0,0,820,2512,860,2570,0,0,0,0,60,73,1210,3440
TX,76351,0,810,320,400,90,440,1720,560,30,30,0,48319,810,49002,680,32753,220,165,100,277,90,201,0,0,170,2310,100,977,60,813,160,3187,70,30,124,120,1335,40,1888,220,683,20,7,0,0,50,235,0,0,40,28,0,0,0,0,140,4774,18143,0,0,110,206,100,321,140,608,70,376,100,805,620,31915,630,5617,0,0,0,0,270,319,20,1,20,13,50,55,50,7,180,223,0,0,140,403,0,0,0,0,90,20,780,7028,140,298,120,268,100,141,40,32,0,0,560,5269,620,5868,0,0,0,0,180,933,600,1709
TX,76354,0,5030,2020,2200,730,1850,10290,3370,360,260,100,256685,5030,259141,4250,177712,1280,1427,590,1647,540,1224,30,15,600,7514,530,4364,420,4455,1410,32682,90,180,731,790,8939,160,5529,1000,2456,150,43,0,0,100,524,70,298,310,277,30,70,0,0,750,16231,69378,70,184,550,1018,640,2256,700,3538,470,2644,580,3575,3890,163170,3870,25789,20,30,20,12,1550,1853,120,8,230,125,290,297,340,56,970,1231,70,31,460,1206,50,153,50,165,410,83,4850,34797,1100,2684,980,2480,750,1003,280,230,0,0,3460,23847,3770,25500,0,0,20,31,760,3041,4120,11294
TX,76357,0,270,90,150,20,120,590,170,0,0,0,14948,270,15072,220,9510,70,18,30,38,30,33,0,0,40,216,30,102,20,223,60,1392,40,0,0,60,645,0,0,70,124,0,0,0,0,0,0,0,0,0,0,0,0,0,0,40,834,3026,0,0,30,35,0,0,40,80,0,0,20,102,210,9812,220,1579,0,0,0,0,80,75,0,0,0,0,0,0,0,0,40,64,0,0,40,81,0,0,0,0,0,0,260,1908,60,126,50,100,30,41,0,0,0,0,200,1485,220,1635,0,0,0,0,40,120,210,547
TX,76360,0,1210,520,520,170,570,2420,730,20,20,0,59578,1210,60348,1040,41772,290,179,120,528,90,385,0,0,160,1090,120,877,140,1229,260,4532,60,50,271,190,1975,60,2625,240,770,30,7,0,0,40,202,0,0,60,58,0,0,0,0,110,2774,12178,0,0,90,161,80,201,110,384,40,203,80,497,900,38548,890,6167,0,0,0,0,300,333,0,0,40,26,40,47,60,9,190,243,0,0,130,482,0,0,0,0,110,25,1160,8243,280,661,260,596,180,220,40,30,0,0,820,5832,890,6482,0,0,0,0,220,1294,960,2701
TX,76363,0,130,60,50,20,90,260,110,0,0,0,3645,130,3673,110,2838,0,0,0,0,0,0,0,0,0,0,0,0,0,0,0,0,0,0,0,0,0,0,0,20,28,0,0,0,0,0,0,0,0,0,0,0,0,0,0,0,0,0,0,0,0,0,0,0,0,0,0,0,0,0,80,1749,80,239,0,0,0,0,30,26,0,0,0,0,0,0,0,0,0,0,0,0,0,0,0,0,0,0,0,0,120,517,50,138,40,126,30,49,0,0,0,0,70,208,80,240,0,0,0,0,0,0,100,295
TX,76365,0,2010,760,1000,190,980,4100,1220,80,80,0,109707,2010,111290,1630,76788,550,515,300,1126,300,697,0,0,400,4155,320,3471,220,2351,500,10158,260,60,264,360,4100,120,2078,560,1583,70,20,0,0,100,447,40,136,120,105,0,0,0,0,350,7975,35434,20,77,280,467,280,919,350,1559,210,1149,260,1792,1570,71533,1560,11445,20,63,0,0,590,729,90,8,90,41,140,129,100,18,340,485,30,6,360,843,0,0,20,63,160,40,1910,14202,320,741,280,661,210,283,100,92,0,0,1430,10717,1560,11816,0,0,0,0,420,1887,1500,4149
TX,76366,0,960,380,450,140,490,1960,640,20,20,0,60556,960,61853,820,38399,240,296,110,286,100,175,0,0,190,5738,110,1773,70,818,180,3517,70,30,137,140,1610,60,5604,240,1297,20,7,0,0,50,329,0,0,40,29,0,0,0,0,150,3975,24784,0,0,130,271,140,541,150,840,110,672,120,736,770,42634,770,8097,0,0,0,0,290,358,20,1,40,23,60,70,60,10,180,240,0,0,160,727,0,0,0,0,80,19,920,9388,170,374,140,337,110,142,60,50,0,0,700,7714,760,8566,0,0,0,0,200,1451,730,1903
TX,76367,0,4180,1650,2000,500,1750,8470,2570,190,190,0,235673,4180,238508,3560,165879,1130,813,500,1308,460,855,20,16,660,7399,410,4325,410,4373,1030,21580,200,110,464,670,7267,220,9426,1000,2835,120,35,0,0,130,714,80,383,280,252,40,87,0,0,680,15422,66150,20,56,540,949,570,1723,660,2824,450,2487,500,3111,3360,158311,3350,27373,0,0,30,15,1340,1700,100,6,240,130,300,313,260,41,830,1113,60,14,530,1340,40,117,40,145,300,80,4030,33602,720,1643,630,1470,480,616,260,228,0,0,3040,25760,3280,27637,0,0,30,72,690,2953,3340,9095
TX,76371,0,700,260,300,120,510,1520,560,0,0,0,32086,700,33179,580,21011,160,73,60,134,60,108,0,0,120,375,100,289,40,350,110,2493,70,0,0,90,1087,50,1086,200,1093,0,0,0,0,50,352,0,0,20,15,0,0,30,249,70,1621,7022,0,0,60,87,50,86,70,181,20,61,60,408,520,19728,520,3155,0,0,0,0,220,250,0,0,0,0,30,31,30,5,150,178,0,0,130,468,0,0,0,0,70,16,630,3609,190,478,160,436,140,187,30,18,0,0,440,2876,520,3415,0,0,0,0,140,1417,510,1574
TX,76372,0,340,130,170,30,220,770,270,0,0,0,16742,340,17050,280,11273,70,42,50,63,50,53,0,0,90,897,30,76,0,0,60,803,70,0,0,60,646,0,0,100,308,0,0,0,0,0,0,0,0,0,0,0,0,0,0,40,714,3971,0,0,30,44,20,22,30,83,0,0,20,92,250,10575,250,1630,0,0,0,0,100,109,0,0,0,0,0,0,20,4,70,88,0,0,90,237,0,0,0,0,40,10,330,2098,90,224,70,186,60,88,0,0,0,0,220,1518,270,1798,0,0,0,0,70,238,270,767
TX,76374,0,1580,620,740,220,850,3400,1170,0,0,0,89387,1580,91319,1340,57623,400,565,260,1182,250,716,0,0,330,7646,230,2355,160,1868,270,4830,170,30,92,240,2988,80,3604,420,1932,60,17,0,0,70,429,30,119,80,75,0,0,0,0,230,6731,31373,0,0,190,332,150,398,220,769,70,364,160,2129,1180,59320,1180,11054,0,0,0,0,480,558,50,8,30,10,80,79,100,15,330,386,0,0,270,985,0,0,20,55,160,39,1500,13450,340,811,310,723,280,415,70,60,0,0,1020,10423,1160,11786,0,0,30,121,290,2358,1200,3675
TX,76377,0,330,140,130,40,140,640,210,0,0,0,17151,330,17265,270,10685,70,18,0,0,0,0,0,0,40,313,0,0,0,0,70,1244,20,0,0,50,454,0,0,60,114,0,0,0,0,0,0,0,0,0,0,0,0,0,0,30,1902,5839,0,0,30,44,30,44,40,121,0,0,20,91,250,9338,250,1473,0,0,0,0,90,96,0,0,0,0,0,0,20,4,60,71,0,0,30,74,0,0,0,0,20,5,310,2129,60,154,50,136,40,64,0,0,0,0,220,1375,240,1530,0,0,0,0,50,118,250,761
TX,76379,0,210,90,110,0,140,450,140,0,0,0,12776,210,13082,190,7947,90,76,30,85,30,68,0,0,50,691,40,656,0,0,30,696,50,0,0,30,518,0,0,70,306,0,0,0,0,0,0,0,0,0,0,0,0,0,0,40,859,4171,0,0,30,62,30,67,40,145,0,0,30,135,180,8209,180,1128,0,0,0,0,70,91,0,0,0,0,0,0,0,0,40,56,0,0,50,159,0,0,0,0,0,0,190,1502,0,0,0,0,0,0,0,0,0,0,170,1036,180,1286,0,0,0,0,60,238,150,445
TX,76380,0,1460,570,690,180,920,2940,870,0,0,0,74922,1460,77386,1120,43650,470,515,240,866,210,529,0,0,270,4860,270,2065,150,1558,340,6595,200,30,126,280,3086,120,4433,420,2464,30,8,0,0,120,749,30,117,70,67,0,0,0,0,180,4621,20062,0,0,160,275,140,285,180,666,80,329,140,1007,1070,48714,1050,8491,0,0,0,0,380,443,50,2,60,31,60,71,80,12,220,291,0,0,280,1248,0,0,0,0,170,33,1340,8879,320,798,280,720,220,289,60,47,0,0,960,8003,1100,9399,0,0,20,31,370,3557,1010,2849
TX,76384,0,5180,2260,1840,990,2450,10310,3590,40,40,0,228277,5180,231034,4490,162739,1030,882,510,2504,490,2101,30,28,650,7547,510,6630,350,3626,1120,21588,280,160,416,650,7367,180,6724,980,2757,120,32,0,0,150,746,60,233,280,267,30,56,30,113,510,12446,54533,50,174,410,651,390,1118,480,2116,240,1188,390,2874,3890,141599,3870,22355,30,90,0,0,1710,1606,150,20,200,88,240,245,540,64,980,1147,60,17,550,1515,50,125,50,129,330,72,5000,31048,1410,3619,1270,3356,980,1291,240,189,20,3,3310,20689,3670,22783,0,0,50,183,810,4127,4220,11867
TX,76389,0,580,230,300,50,380,1320,500,0,0,0,37977,580,39471,480,22238,290,225,110,237,110,128,0,0,150,3022,140,5632,50,478,80,1240,150,0,0,70,935,70,3128,230,1494,30,7,0,0,70,577,0,0,20,13,0,0,40,238,120,2698,12322,0,0,110,198,90,346,110,563,50,326,100,376,470,26148,460,4375,0,0,0,0,190,281,0,0,0,0,40,45,20,3,120,173,0,0,150,652,0,0,0,0,60,17,530,4841,80,176,60,152,80,102,40,32,0,0,420,4092,470,4758,0,0,0,0,160,1114,400,1117
TX,76401,0,10560,4970,4340,1130,5390,20610,6550,100,0,100,571605,10560,580975,8960,393455,2250,3960,1380,6960,1280,5048,40,50,2010,22327,1470,31723,870,12429,1830,42048,970,190,848,1250,15057,640,37900,3030,9370,330,86,30,479,440,2757,160,724,990,1114,170,341,60,558,1810,41355,217560,70,399,1490,2677,1490,5647,1760,8857,1200,8805,1320,9555,8000,387782,7930,70458,110,426,100,68,3360,3949,410,42,360,216,880,850,630,103,1800,2383,100,45,1590,4135,160,454,180,511,1010,242,10050,85310,1950,4314,1660,3682,1380,1932,880,769,60,24,7010,66552,7910,72254,70,139,160,725,1920,11881,8200,22085
TX,76424,0,3380,1400,1490,460,1810,6980,2300,0,0,0,183025,3380,186532,2760,111418,810,1765,490,3277,440,2485,0,0,770,12288,470,6009,340,3679,630,12812,250,90,436,510,6207,230,13146,920,3507,70,20,0,0,190,1001,50,273,200,180,0,0,30,619,470,12224,66465,20,158,380,751,370,1409,440,2421,210,1208,360,3247,2480,122844,2460,23273,50,161,0,0,980,1013,110,45,80,41,140,130,250,44,620,731,0,0,630,1681,40,112,40,113,500,107,3210,31955,860,2119,740,1812,580,794,160,121,0,0,2160,22450,2560,24769,30,27,60,277,640,2878,2570,7861
TX,76426,0,4630,1810,2270,510,2950,10270,3700,0,0,0,291795,4630,294623,3920,214675,1070,2286,490,3938,460,2838,30,16,880,11006,510,10055,390,5925,830,18327,340,130,575,640,8243,230,16423,1060,2828,110,32,20,313,110,581,40,198,240,242,30,48,0,0,960,24497,128931,40,174,820,1637,760,3159,940,5189,640,4642,670,4970,3600,198964,3600,37450,60,244,40,23,1450,1905,140,43,120,61,240,253,220,36,950,1362,70,41,670,1884,80,285,80,296,450,118,4390,47426,780,1818,660,1562,650,896,230,203,30,15,3210,35675,3600,38380,60,70,80,269,870,5470,3580,12183
TX,76427,0,300,130,150,30,210,670,230,0,0,0,18586,300,18814,250,11494,60,33,30,10,20,4,0,0,70,1156,30,133,30,172,50,710,50,0,0,40,563,20,808,70,228,0,0,0,0,0,0,0,0,0,0,0,0,0,0,40,1384,4810,0,0,30,72,20,65,40,162,0,0,20,148,230,12274,230,2208,0,0,0,0,80,105,0,0,0,0,0,0,0,0,50,69,0,0,50,221,0,0,0,0,30,9,290,2527,60,135,50,121,40,50,0,0,0,0,200,2042,230,2326,0,0,0,0,60,673,230,766
TX,76430,0,1100,440,520,120,730,2180,660,0,0,0,118103,1100,119521,910,45890,350,1237,180,2574,170,1957,0,0,290,3611,190,21260,90,783,170,2544,100,20,103,140,1788,120,8471,350,1418,40,12,0,0,40,248,0,0,70,70,0,0,0,0,200,8550,72024,0,0,170,338,160,783,200,1303,100,805,170,4026,830,94761,820,20796,0,0,0,0,360,419,60,54,30,12,60,78,60,10,200,244,0,0,250,755,0,0,0,0,100,20,1030,29503,200,434,160,360,120,151,60,56,0,0,750,20980,850,22853,0,0,50,971,230,2653,790,7594
TX,76431,0,1370,510,720,160,910,3050,1040,0,0,0,83551,1370,84300,1160,62353,350,267,120,315,120,234,0,0,290,3684,150,764,120,2213,250,4775,190,50,221,190,2408,60,2977,330,749,30,9,0,0,40,170,0,0,60,63,0,0,0,0,240,5805,28213,0,0,210,397,210,632,240,1108,160,1174,180,1098,1060,56654,1060,10692,20,58,0,0,410,480,30,3,0,0,60,54,70,11,270,361,0,0,220,532,0,0,0,0,130,34,1330,12365,260,686,230,565,230,280,50,41,0,0,940,10129,1080,10886,0,0,0,0,260,2065,1080,3462
TX,76432,0,530,200,280,50,330,1130,350,0,0,0,27594,530,27926,410,17804,150,82,70,183,70,91,0,0,110,1088,90,629,40,440,130,3301,130,0,0,100,1112,20,139,150,332,0,0,0,0,0,0,0,0,30,21,0,0,0,0,60,1309,6395,0,0,50,72,60,145,60,248,30,158,50,289,420,18030,410,2593,0,0,0,0,150,155,0,0,0,0,0,0,40,7,90,115,0,0,80,214,0,0,0,0,40,8,490,3661,100,253,100,209,80,110,0,0,0,0,370,2438,400,2726,0,0,0,0,100,370,400,1164
TX,76433,0,600,230,320,50,330,1220,340,0,0,0,40521,600,41108,440,25167,210,155,140,478,130,344,0,0,150,2061,140,1255,80,1537,190,4864,120,0,0,140,1996,50,1642,190,587,0,0,0,0,30,90,0,0,30,33,0,0,0,0,170,3914,20366,0,0,150,284,150,611,170,963,120,999,130,827,490,28783,480,5063,0,0,0,0,190,186,30,0,0,0,30,26,40,6,80,123,0,0,110,364,0,0,0,0,40,9,550,6013,90,164,70,129,60,64,20,19,0,0,440,4877,510,5340,0,0,0,0,150,685,400,1128
TX,76435,0,250,110,130,0,150,540,170,0,0,0,10262,250,10373,170,7224,60,26,30,54,30,39,0,0,60,415,40,117,30,246,50,1100,70,0,0,40,404,0,0,60,111,0,0,0,0,0,0,0,0,0,0,0,0,0,0,30,694,2571,0,0,30,34,20,52,30,109,0,0,20,171,170,5920,160,846,0,0,0,0,80,81,0,0,0,0,0,0,0,0,40,48,0,0,50,110,0,0,0,0,30,6,220,1313,50,122,30,84,40,59,0,0,0,0,140,765,180,932,0,0,0,0,50,114,180,518
TX,76436,0,90,40,50,0,60,180,50,0,0,0,4434,90,4434,70,3220,20,11,0,0,0,0,0,0,0,0,0,0,0,0,0,0,30,0,0,0,0,0,0,0,0,0,0,0,0,0,0,0,0,0,0,0,0,0,0,0,0,0,0,0,0,0,0,0,0,0,0,0,0,0,70,2828,70,401,0,0,0,0,0,0,0,0,0,0,0,0,0,0,0,0,0,0,0,0,0,0,0,0,0,0,90,570,0,0,0,0,0,0,0,0,0,0,60,382,70,413,0,0,0,0,0,0,70,210
TX,76437,0,2130,840,1030,220,1120,4470,1460,0,0,0,105462,2130,106733,1750,73637,510,1083,260,2015,240,1588,0,0,430,3824,260,6127,200,2215,420,8596,270,50,230,310,3126,100,2545,560,1271,70,19,0,0,80,299,0,0,130,137,0,0,0,0,310,7912,35041,0,0,250,411,210,543,280,1047,140,806,220,2250,1540,70457,1500,11053,30,153,0,0,610,829,60,16,50,24,120,117,110,16,380,513,30,8,360,737,30,76,30,81,240,54,1990,16436,470,1178,410,1008,310,398,110,86,0,0,1330,10222,1560,11230,0,0,30,153,370,1541,1640,4940
TX,76442,0,2960,1090,1390,420,1840,6300,2140,0,0,0,141724,2960,143738,2380,90355,770,1189,440,2213,390,1793,0,0,530,7735,460,12007,330,3757,610,13116,500,70,276,470,5303,130,6645,750,2014,90,24,0,0,120,612,40,183,150,144,0,0,0,0,340,7732,38279,0,0,290,449,270,952,340,1580,160,1029,260,1857,2120,87280,2110,13964,0,0,30,9,840,955,100,27,50,32,170,183,170,36,490,610,40,8,490,1362,50,149,50,154,400,84,2750,17519,730,1916,650,1712,560,754,170,144,20,6,1850,12964,2150,14650,0,0,30,74,550,4198,2290,6913
TX,76443,0,760,270,410,60,470,1590,450,0,0,0,36676,760,37261,560,23822,290,124,120,699,110,496,0,0,210,1795,120,776,90,1150,200,4943,180,30,136,140,1569,40,425,250,585,0,0,0,0,30,136,0,0,40,43,0,0,0,0,120,2842,11224,0,0,90,146,80,135,120,337,40,267,80,729,540,22904,540,3586,0,0,0,0,200,215,0,0,0,0,30,31,40,6,110,145,0,0,170,318,0,0,0,0,80,20,700,5130,170,422,140,324,110,143,0,0,0,0,480,3361,600,3867,0,0,0,0,170,604,520,1563
TX,76444,0,1430,560,670,180,840,2920,910,0,0,0,66226,1430,67165,1170,45677,340,584,180,719,160,521,0,0,300,2763,210,2782,140,1513,270,5332,230,30,128,230,2612,70,2138,340,939,40,11,0,0,70,331,0,0,70,72,0,0,0,0,150,3326,16854,0,0,130,218,130,386,150,646,80,429,110,661,1050,41928,1040,6642,0,0,0,0,400,472,40,3,50,22,70,63,80,20,250,337,0,0,230,535,30,99,20,98,180,39,1320,8403,320,758,270,656,210,276,60,48,0,0,930,5546,1060,6821,0,0,0,0,260,1149,1080,3028
TX,76445,0,140,60,70,0,110,270,60,0,0,0,5228,140,5262,100,4079,40,22,0,0,0,0,0,0,20,-42,30,94,0,0,30,589,40,0,0,30,225,0,0,30,34,0,0,0,0,0,0,0,0,0,0,0,0,0,0,0,0,0,0,0,0,0,0,0,0,0,0,0,0,0,110,2919,110,389,0,0,0,0,30,29,0,0,0,0,0,0,0,0,0,0,0,0,0,0,0,0,0,0,0,0,130,633,20,57,0,0,0,0,0,0,0,0,90,353,100,403,0,0,0,0,0,0,100,284
TX,76446,0,3310,1270,1460,550,1940,7330,2720,30,0,30,145448,3310,148618,2760,103671,600,1134,350,1204,300,872,0,0,640,7578,380,8804,220,2907,560,10753,440,80,327,380,3787,140,4906,820,3170,70,15,0,0,140,703,30,148,220,202,30,47,30,840,390,8173,34260,0,0,320,493,290,917,390,1554,200,1382,250,1946,2410,87922,2380,13736,20,55,40,23,1000,1084,70,5,80,46,160,146,180,31,690,791,30,11,530,1458,80,284,80,342,430,93,3090,18966,840,2106,720,1804,710,1041,160,135,40,16,2030,12586,2440,14447,0,0,30,101,580,3228,2600,7405
TX,76448,0,2410,1030,1070,260,1440,4790,1490,0,0,0,135981,2410,137541,1990,84662,510,757,380,7174,360,6328,0,0,480,5511,370,8223,240,2632,490,10345,190,50,242,370,4625,130,5356,570,1560,60,16,0,0,90,377,40,137,140,137,0,0,0,0,330,11566,58022,0,0,300,503,260,989,320,1576,160,1090,260,5787,1750,90880,1730,15832,20,110,0,0,660,741,110,19,80,32,120,124,140,24,360,452,30,11,380,922,30,83,30,84,290,68,2270,20555,530,1319,470,1145,360,492,120,94,0,0,1550,15068,1760,16887,0,0,30,654,460,2455,1840,5183
TX,76449,0,930,370,480,80,560,1850,500,0,0,0,66389,930,67467,680,37521,310,473,170,780,150,514,0,0,240,2992,140,2145,120,2970,270,7744,80,20,91,200,2845,90,3395,290,1078,0,0,0,0,50,243,0,0,40,33,0,0,0,0,230,6676,32410,0,0,190,402,190,1185,220,1723,160,1541,190,1340,700,47431,680,9730,0,0,0,0,230,278,30,4,0,0,30,24,30,4,140,187,0,0,200,585,30,80,30,89,70,13,860,10635,170,347,130,272,100,132,30,21,0,0,640,9444,740,10365,0,0,30,73,240,1984,640,1996
TX,76450,0,5700,2200,2750,670,3670,12030,3980,0,0,0,399103,5700,407402,4610,217477,1610,3639,960,8943,910,7291,30,53,1380,30775,890,27414,560,8145,1080,21335,430,110,559,890,11671,480,33003,1640,8299,150,43,40,1087,300,2173,120,779,290,303,50,76,50,1042,1090,35955,181068,60,357,940,2137,890,4026,1070,6568,580,4204,850,9500,4290,282985,4240,59425,120,627,30,17,1750,2231,280,88,200,112,250,274,300,59,1030,1352,60,13,1080,4031,50,123,60,136,610,153,5360,73462,1110,2589,930,2196,810,1133,250,212,20,12,3770,57251,4330,62978,90,98,170,1140,1180,9345,4180,16080
TX,76453,0,490,180,270,30,300,940,190,0,0,0,51942,490,52357,350,18946,200,346,120,1338,100,1061,0,0,90,1047,120,2049,80,1285,160,5210,90,20,74,140,2201,50,4809,140,415,0,0,0,0,30,149,0,0,20,30,0,0,0,0,140,3922,18253,0,0,130,317,120,646,140,997,100,907,110,690,400,41668,390,7677,0,0,0,0,130,124,40,7,0,0,0,0,0,0,50,82,0,0,70,175,0,0,0,0,30,5,450,8436,60,123,50,110,20,38,0,0,0,0,380,7536,410,7879,0,0,0,0,140,1323,320,939
TX,76454,0,620,240,300,70,380,1330,450,0,0,0,25633,620,25926,470,17345,150,81,70,128,60,77,0,0,120,736,80,515,60,612,130,2713,120,0,0,90,1184,20,162,160,293,0,0,0,0,0,0,0,0,30,27,0,0,0,0,60,1316,5025,0,0,50,87,40,60,60,177,20,109,40,249,440,14968,430,2215,0,0,0,0,190,172,0,0,0,0,20,18,50,11,110,129,0,0,100,190,0,0,0,0,70,15,550,3174,160,385,140,332,120,163,20,16,0,0,380,2041,450,2344,0,0,0,0,120,510,450,1329
TX,76455,0,380,130,200,40,250,840,270,0,0,0,16168,380,16365,290,11121,100,73,60,194,50,133,0,0,60,485,70,386,40,419,70,1618,90,0,0,60,606,0,0,100,197,0,0,0,0,0,0,0,0,0,0,0,0,0,0,40,1032,4101,0,0,40,59,20,42,50,147,20,101,20,106,270,9325,260,1432,0,0,0,0,110,84,0,0,0,0,0,0,0,0,50,57,0,0,60,105,0,0,0,0,50,11,340,2123,90,213,90,191,70,121,0,0,0,0,220,1344,260,1504,0,0,0,0,70,179,290,813
TX,76457,0,1460,530,730,160,840,3070,970,0,0,0,76154,1460,77501,1100,46176,450,758,220,1046,180,692,0,0,350,4596,240,3197,140,2290,310,7147,310,40,209,250,2738,90,1781,430,1347,40,13,0,0,80,373,0,0,90,89,0,0,0,0,240,5214,25797,0,0,190,337,190,704,230,1114,140,990,170,1074,1000,50218,980,8769,0,0,0,0,370,429,60,5,30,16,80,86,50,10,210,276,0,0,290,946,30,94,30,101,130,32,1310,11265,300,749,260,653,240,353,80,64,0,0,870,8343,1060,9481,0,0,0,0,310,1597,1050,3263
TX,76458,0,2160,830,1040,260,1430,4710,1610,0,0,0,141622,2160,144736,1760,86074,590,970,300,1466,280,927,0,0,530,9083,330,8034,180,1778,360,8099,310,50,183,330,4305,170,5865,630,3114,50,14,0,0,120,999,40,243,100,94,0,0,0,0,440,12435,56958,0,0,380,722,340,1349,410,2159,250,1604,320,3752,1680,98226,1670,18408,40,185,0,0,650,807,90,9,80,41,70,65,80,16,440,606,0,0,430,1646,20,60,30,76,260,72,2020,22213,380,935,320,784,300,411,80,59,0,0,1520,17584,1730,19870,20,21,60,445,460,4879,1580,4997
TX,76460,0,180,70,100,0,110,380,110,0,0,0,9401,180,9545,130,5750,40,25,70,26,60,22,0,0,40,382,0,0,0,0,30,434,50,0,0,30,354,0,0,60,144,0,0,0,0,0,0,0,0,0,0,0,0,0,0,20,619,2918,0,0,20,37,0,0,20,70,0,0,0,0,120,6136,120,897,0,0,0,0,40,34,0,0,0,0,0,0,0,0,0,0,0,0,40,100,0,0,0,0,0,0,150,1171,40,95,30,69,20,31,0,0,0,0,110,853,130,1159,0,0,0,0,30,121,120,335
TX,76462,0,1210,420,680,110,750,2630,830,0,0,0,94707,1210,95973,990,64491,350,514,180,846,170,578,0,0,340,4809,210,2617,130,3056,280,6517,280,30,128,190,2457,90,7989,380,1266,50,15,0,0,60,346,0,0,80,84,0,0,0,0,350,8585,48310,0,0,300,600,290,1394,340,2255,240,2125,270,1825,940,69501,930,14500,0,0,0,0,380,422,40,3,40,23,80,65,60,13,220,303,0,0,250,751,0,0,0,0,70,18,1150,16790,210,498,160,380,140,179,70,49,0,0,870,14078,970,15343,30,27,30,139,260,2295,900,2925
TX,76463,0,190,90,90,20,130,380,100,0,0,0,10246,190,10284,160,7195,40,34,0,0,0,0,0,0,40,135,20,135,0,0,40,599,30,0,0,30,374,0,0,40,38,0,0,0,0,0,0,0,0,0,0,0,0,0,0,20,475,2702,0,0,20,32,0,0,20,69,0,0,0,0,150,6966,140,1156,0,0,0,0,40,33,0,0,0,0,0,0,0,0,30,29,0,0,0,0,0,0,0,0,20,5,180,1724,40,91,40,73,0,0,0,0,0,0,140,1116,150,1234,0,0,0,0,30,42,150,468
TX,76464,0,180,70,90,20,100,380,110,0,0,0,8475,180,8552,160,5627,30,7,20,44,20,52,0,0,30,205,0,0,0,0,40,811,40,0,0,30,348,0,0,40,77,0,0,0,0,0,0,0,0,0,0,0,0,0,0,0,0,0,0,0,0,0,0,0,0,0,0,0,0,0,120,5252,110,710,0,0,0,0,40,42,0,0,0,0,0,0,0,0,20,27,0,0,0,0,0,0,0,0,0,0,170,1079,50,122,50,105,20,26,0,0,0,0,110,666,120,768,0,0,0,0,30,73,140,428
TX,76470,0,1120,510,470,150,590,2300,780,0,0,0,46007,1120,46582,940,32428,160,138,100,384,90,267,0,0,200,1322,100,1423,60,1016,200,3875,130,30,151,150,1403,40,1588,250,575,30,10,0,0,0,0,0,0,50,32,0,0,0,0,110,2647,10389,0,0,90,145,60,145,100,382,50,224,90,564,760,27744,750,4466,0,0,0,0,270,299,0,0,0,0,40,39,70,11,170,211,0,0,150,258,0,0,0,0,140,26,1050,5994,320,773,280,664,190,276,40,32,0,0,680,4168,800,4571,0,0,0,0,150,664,910,2540
TX,76471,0,600,240,300,60,340,1210,330,0,0,0,28530,600,29106,470,19379,160,106,90,202,80,123,0,0,130,1597,100,1321,50,299,130,2906,170,0,0,110,1020,20,248,180,576,0,0,0,0,30,105,0,0,20,18,0,0,0,0,90,1866,8016,0,0,70,122,50,142,80,276,40,218,60,514,430,18158,430,2854,0,0,0,0,150,148,0,0,0,0,20,22,20,4,80,89,0,0,120,418,0,0,0,0,50,11,550,3651,140,316,120,275,80,103,20,14,0,0,390,2669,440,3137,0,0,0,0,140,737,450,1189
TX,76472,0,640,260,310,70,410,1320,420,0,0,0,37412,640,38009,510,24041,160,270,70,362,70,242,0,0,150,1541,90,1313,60,710,130,3148,120,0,0,90,1282,30,1189,190,597,20,5,0,0,30,167,0,0,40,41,0,0,0,0,120,2369,11978,0,0,100,155,90,297,110,493,80,510,80,467,490,25804,490,4657,0,0,0,0,180,218,20,1,0,0,30,38,30,5,110,154,0,0,110,267,0,0,0,0,50,9,600,5217,110,266,100,229,90,111,30,22,0,0,450,4439,510,4884,0,0,0,0,130,619,460,1335
TX,76474,0,120,40,80,0,90,290,90,0,0,0,7070,120,7112,90,3797,30,5,0,0,0,0,0,0,0,0,0,0,0,0,40,936,40,0,0,30,334,0,0,30,42,0,0,0,0,0,0,0,0,0,0,0,0,0,0,0,0,0,0,0,0,0,0,0,0,0,0,0,0,0,100,4721,100,672,0,0,0,0,30,28,0,0,0,0,0,0,0,0,0,0,0,0,0,0,0,0,0,0,0,0,120,875,30,60,20,52,0,0,0,0,0,0,90,644,100,760,0,0,0,0,30,66,80,214
TX,76475,0,430,180,180,50,250,890,300,0,0,0,28914,430,29160,340,17207,110,92,40,403,40,316,0,0,90,533,60,2023,30,408,80,1556,40,0,0,70,845,30,68,120,246,0,0,0,0,0,0,0,0,20,23,0,0,0,0,80,2125,15288,0,0,70,129,60,461,70,676,40,421,60,308,320,20592,320,4066,0,0,0,0,110,121,0,0,0,0,0,0,0,0,70,93,0,0,70,141,0,0,0,0,50,11,390,4773,80,223,80,180,70,95,0,0,0,0,280,3939,320,4273,0,0,0,0,100,507,300,925
TX,76476,0,1140,410,600,120,610,2420,770,0,0,0,71077,1140,72222,950,52912,240,282,140,248,120,116,0,0,280,3059,170,1127,90,1574,240,5592,200,40,159,180,2220,50,3403,360,1145,40,13,0,0,40,221,0,0,100,100,0,0,0,0,280,7058,32342,0,0,240,486,240,850,280,1448,220,1717,240,1265,900,48081,890,8336,0,0,0,0,360,465,20,1,50,29,80,84,60,10,230,315,0,0,210,545,0,0,0,0,90,21,1080,10187,200,432,160,367,120,147,80,61,0,0,820,7869,910,8614,0,0,0,0,260,1254,840,2649
TX,76483,0,460,180,220,40,280,870,250,0,0,0,37935,460,38658,350,13211,150,121,70,253,80,185,0,0,140,2159,70,1083,30,195,90,1625,90,0,0,80,971,50,7844,170,723,0,0,0,0,40,155,0,0,20,17,0,0,0,0,70,1539,8634,0,0,50,94,40,115,70,243,0,0,50,491,340,30293,340,7827,0,0,0,0,120,129,20,0,0,0,20,24,0,0,60,91,0,0,130,313,0,0,0,0,40,5,410,9091,80,202,70,173,60,58,20,18,0,0,300,7696,370,8285,0,0,0,0,120,979,290,722
TX,76484,0,380,120,210,30,240,790,210,0,0,0,22882,380,23204,280,12296,110,123,50,91,40,56,0,0,90,1137,60,1069,50,842,120,2349,60,0,0,90,1262,0,0,90,322,0,0,0,0,0,0,0,0,0,0,0,0,0,0,70,1559,7603,0,0,50,98,50,167,70,318,40,300,50,234,290,15469,290,2655,0,0,0,0,90,114,0,0,0,0,0,0,0,0,50,71,0,0,60,243,0,0,0,0,0,0,350,3077,60,125,40,96,40,51,0,0,0,0,270,2540,300,2892,0,0,0,0,80,593,270,695
TX,76486,0,530,210,250,60,330,1060,320,0,0,0,27422,530,27623,420,20051,120,30,50,67,50,46,0,0,130,510,60,366,50,674,100,2138,110,0,0,70,838,0,0,120,201,0,0,0,0,0,0,0,0,20,18,0,0,0,0,70,1669,6682,0,0,70,109,50,142,70,283,40,224,50,249,400,18108,390,2649,0,0,0,0,150,175,0,0,0,0,30,36,30,6,90,126,0,0,70,112,0,0,0,0,50,11,490,3622,110,198,90,160,60,71,30,23,0,0,360,2436,410,2666,0,0,0,0,90,267,420,1205
TX,76487,0,1010,400,500,110,610,2150,710,0,0,0,62016,1010,62841,810,46900,230,250,120,542,110,367,0,0,250,3306,120,1899,70,1187,190,4272,170,30,137,120,1602,50,2454,260,825,20,6,0,0,30,196,0,0,40,41,0,0,0,0,240,5358,27607,0,0,200,405,200,797,220,1247,180,1515,150,787,780,42597,780,7671,0,0,0,0,300,341,20,3,0,0,40,43,50,9,180,256,0,0,170,530,0,0,20,65,90,19,940,9562,180,452,150,358,130,194,40,34,0,0,710,7280,810,7975,0,0,0,0,170,1040,790,2450
TX,76491,0,170,70,90,0,110,380,120,0,0,0,8685,170,8741,130,5463,60,10,70,10,60,9,0,0,40,266,0,0,0,0,30,586,30,0,0,30,328,0,0,60,56,0,0,0,0,0,0,0,0,0,0,0,0,0,0,0,0,0,0,0,0,0,0,0,0,0,0,0,0,0,120,5402,120,812,0,0,0,0,40,54,0,0,0,0,0,0,0,0,30,48,0,0,40,50,0,0,0,0,0,0,150,1170,40,93,30,83,20,32,0,0,0,0,110,753,130,868,0,0,0,0,30,61,120,368
TX,76501,0,7080,2960,2370,1650,3750,14710,5610,200,160,40,296539,7080,299627,6100,212835,1270,1825,670,2814,630,2037,0,0,1000,10274,660,9370,540,8217,1250,27219,340,180,833,790,8540,200,8414,1420,3088,150,37,0,0,130,651,90,310,390,426,50,118,0,0,800,15938,85881,20,80,570,1054,650,2178,770,3488,560,3333,620,4272,4870,179038,4860,29708,30,136,30,12,2060,1934,200,21,240,132,290,301,610,111,1160,1267,110,36,830,1837,70,167,80,167,600,105,6820,44600,2190,5810,1990,5222,1630,2236,380,337,30,14,4110,27962,4840,30584,30,46,50,246,950,4252,5940,17365
TX,76502,0,16400,6600,7360,2170,7360,34030,11190,290,220,70,1101852,16400,1114572,13730,796253,4720,8313,2870,19793,2670,15041,100,173,2430,29849,2640,45842,1750,32878,3720,92562,240,480,2498,2450,33119,680,36447,4580,12720,730,187,80,1174,370,2111,240,1023,1900,2203,240,558,30,300,4340,92865,534534,160,732,3280,6476,3850,17570,4230,25526,3290,22335,3400,23227,13410,785321,13350,145905,250,1089,80,43,5990,7468,920,387,1110,626,1280,1440,1130,195,3240,4423,290,127,1850,5505,180,483,190,513,770,178,15770,172215,2740,6458,2390,5738,1950,2619,1130,978,90,42,12080,138270,12930,147111,350,501,390,1469,3080,16690,12710,37805
TX,76504,0,9930,4730,2730,2300,4830,19360,7130,270,200,60,358295,9930,361539,8680,282206,1430,1298,750,2807,700,2142,0,0,1110,9954,650,6571,600,8057,1630,32542,110,330,1424,870,8761,150,5214,1780,3244,190,49,0,0,90,416,70,253,600,620,80,193,0,0,910,17093,75160,40,115,620,970,690,2231,870,3536,580,3076,670,3556,7050,206999,7040,31669,30,54,60,25,3050,2663,180,34,350,180,590,541,1080,190,1550,1644,100,30,870,1744,110,223,110,249,800,139,9650,51079,3050,7930,2750,7208,2260,2998,690,560,40,10,5860,28802,6740,31304,30,35,40,110,1150,3817,8550,23390
TX,76511,0,880,340,380,160,480,1980,740,0,0,0,39481,880,39989,740,28332,180,132,90,209,90,113,0,0,150,1006,100,1574,80,760,190,3839,90,20,83,110,1103,30,912,230,508,20,5,0,0,30,106,0,0,50,55,0,0,0,0,90,1555,8874,0,0,70,115,70,161,90,311,50,335,60,282,630,24593,630,4454,0,0,0,0,270,312,20,3,20,9,40,36,70,11,170,205,0,0,140,349,0,0,0,0,60,11,840,5373,230,613,210,546,180,255,40,35,0,0,540,3507,620,3943,0,0,0,0,150,658,700,1947
TX,76513,0,15650,6270,6940,2220,7620,33020,11480,270,220,40,998834,15650,1012628,13230,685456,4110,6047,2420,13526,2250,10079,70,73,2590,48438,2200,30718,1360,24718,3380,91921,370,420,1895,2110,27406,810,53600,4050,13794,630,163,60,1505,410,2264,210,1014,1340,1499,150,353,50,1089,3470,78728,473687,100,651,2740,5985,3160,16615,3420,23825,2680,20798,2750,19393,12070,705332,11990,135906,230,697,60,40,5150,5796,740,156,750,447,1000,1114,1090,195,2720,3456,280,175,2040,6512,130,360,140,387,1140,240,15030,160145,3150,7950,2780,6973,2380,3242,970,829,60,24,10710,130739,11920,140102,300,474,360,1670,2870,19640,12240,36322
TX,76518,0,520,190,200,100,320,1100,410,0,0,0,21333,520,21510,420,15561,110,53,40,69,40,62,0,0,70,391,60,570,40,384,130,2553,100,20,127,90,809,0,0,110,177,0,0,0,0,0,0,0,0,0,0,0,0,0,0,70,1347,5220,0,0,50,63,40,99,60,214,40,248,40,169,370,12577,370,1864,0,0,0,0,150,142,0,0,0,0,0,0,50,11,80,97,0,0,80,114,0,0,0,0,40,6,490,2985,140,400,120,362,110,154,0,0,0,0,320,1720,370,1909,0,0,0,0,80,181,420,1275
TX,76519,0,230,100,120,0,160,490,140,0,0,0,10626,230,10839,180,7676,90,29,40,64,30,34,0,0,30,234,40,178,0,0,50,1012,70,0,0,40,433,0,0,60,213,0,0,0,0,0,0,0,0,0,0,0,0,0,0,20,485,2188,0,0,0,0,0,0,20,104,0,0,0,0,180,6502,180,911,0,0,0,0,90,88,0,0,0,0,0,0,20,3,40,53,0,0,30,80,0,0,0,0,0,0,220,1213,30,66,30,58,30,37,0,0,0,0,160,823,180,967,0,0,0,0,40,196,180,481
TX,76520,0,3280,1300,1250,660,2060,6940,2600,0,0,0,139857,3280,141686,2630,97130,830,802,460,2381,440,1946,0,0,560,6520,470,4384,300,3728,700,15282,420,100,381,480,5609,110,2856,750,1829,100,26,0,0,100,487,50,257,140,125,0,0,0,0,340,7475,31281,0,0,280,496,260,840,320,1490,190,1164,250,1480,2210,85176,2190,13352,20,47,0,0,1010,1008,130,8,80,51,120,131,220,44,610,703,80,21,480,1188,30,85,30,96,230,48,3050,19752,970,2554,890,2312,690,947,130,119,0,0,1870,12309,2170,13818,0,0,30,70,520,2375,2560,7932
TX,76522,0,16330,6130,7170,2580,5950,35480,12670,790,640,140,679286,16330,685259,14290,528138,2980,1678,1460,2977,1340,1996,50,47,1530,10597,1200,8930,730,7963,4420,108049,160,780,3613,1710,18052,230,4017,3280,5973,580,153,0,0,110,412,210,757,1320,1359,190,371,0,0,2110,39125,166039,100,212,1540,2784,1770,6615,2050,10196,1680,10275,1530,8362,12190,395018,12170,57958,30,69,80,44,5460,6111,310,111,730,395,1330,1213,1300,215,3310,3964,280,113,1080,2030,130,294,150,326,790,143,15950,91877,4660,11974,4230,11220,3470,4752,1430,1121,60,18,10270,51831,11160,54753,0,0,40,79,2040,5316,13980,42183
TX,76524,0,1250,470,550,200,550,2600,870,0,0,0,59408,1250,59954,1060,45652,270,128,110,217,110,177,0,0,180,1654,90,463,90,1597,270,5833,100,40,174,180,1791,20,674,300,546,40,10,0,0,0,0,0,0,100,109,0,0,0,0,160,2946,14430,0,0,130,215,130,449,150,696,120,749,100,512,960,37676,960,5853,0,0,0,0,390,403,0,0,50,26,70,76,110,19,230,270,0,0,150,358,0,0,0,0,110,22,1190,8057,280,780,250,691,220,302,70,53,0,0,820,5449,920,5938,0,0,0,0,200,600,1020,2954
TX,76525,0,430,170,200,60,230,880,270,0,0,0,17319,430,17493,330,10656,120,88,80,128,70,92,0,0,70,479,60,332,30,218,110,2273,80,0,0,80,773,0,0,100,174,0,0,0,0,0,0,0,0,0,0,0,0,0,0,40,794,2627,0,0,30,45,30,60,40,135,0,0,30,66,290,10022,290,1401,0,0,0,0,110,103,0,0,0,0,0,0,30,3,70,83,0,0,60,120,0,0,0,0,40,8,390,2014,90,250,80,213,70,105,0,0,0,0,260,1293,300,1538,0,0,0,0,70,318,320,864
TX,76527,0,1800,720,820,250,1020,3960,1470,0,0,0,96194,1800,97334,1490,69082,450,597,200,908,190,675,0,0,380,4602,210,4936,120,1043,360,9133,220,30,131,250,2705,100,4308,500,1140,50,14,0,0,60,261,0,0,120,129,0,0,0,0,350,7316,32871,0,0,300,526,300,1179,340,1828,270,2265,240,1297,1380,62952,1370,10525,0,0,0,0,540,624,40,4,70,37,100,110,70,12,350,444,0,0,330,833,30,78,30,81,160,34,1720,13414,350,890,300,732,290,439,110,91,0,0,1200,9900,1370,10903,0,0,0,0,370,1300,1370,4011
TX,76528,0,6750,2690,2990,960,3310,13940,4560,30,30,0,332433,6750,336235,5490,230040,1690,1945,780,4596,720,3766,0,0,1100,13177,800,12753,520,5882,1850,46315,700,170,677,1000,10393,240,14931,1610,3802,240,62,0,0,180,712,110,421,430,441,50,93,0,0,860,19134,84785,30,120,670,1238,720,2134,840,3907,590,3957,590,3855,5210,213554,5170,34713,30,84,20,10,2050,2296,210,21,240,110,340,360,510,76,1270,1572,80,37,920,2308,60,161,70,172,450,85,6470,45582,1530,3810,1310,3307,1080,1472,330,273,30,16,4590,32426,5120,35589,40,55,60,409,1170,5987,5360,15180
TX,76530,0,1170,530,480,140,590,2250,660,20,20,0,58636,1170,59572,930,42098,350,328,170,552,160,367,0,0,200,2460,180,1450,90,977,250,5207,130,0,0,150,1666,60,1851,320,936,30,8,0,0,50,288,0,0,90,99,0,0,0,0,180,3832,16200,0,0,160,282,160,660,180,998,120,990,140,563,910,39048,910,6100,0,0,0,0,350,355,40,1,30,17,70,78,80,14,180,236,0,0,200,604,30,88,30,79,60,11,1090,7602,210,472,180,399,140,179,70,59,0,0,830,5745,930,6463,0,0,0,0,220,1060,900,2268
TX,76531,0,2040,830,940,220,1120,3970,1110,0,0,0,128536,2040,130524,1510,61343,700,1584,360,3107,320,2252,0,0,410,5068,410,8328,280,3774,500,11927,350,40,150,390,4637,120,6580,570,1988,60,17,0,0,120,590,40,226,110,110,0,0,0,0,320,6623,57995,0,0,280,499,270,1005,300,1573,160,1056,230,1738,1490,93916,1450,20682,0,0,0,0,550,550,120,24,90,39,90,89,90,17,290,355,0,0,360,990,40,120,40,138,180,41,1890,26810,400,950,340,814,240,334,100,85,0,0,1330,20817,1530,22253,20,17,40,1086,440,2990,1450,4349
TX,76534,0,1090,400,530,150,600,2440,910,0,0,0,63723,1090,64455,900,44715,280,208,130,240,110,150,0,0,180,1817,150,1512,110,1710,240,5587,160,20,103,150,1818,40,2056,300,732,50,14,0,0,30,128,0,0,90,94,0,0,0,0,190,3905,22461,0,0,160,290,160,531,180,877,130,1012,140,952,830,43466,830,7842,0,0,0,0,370,456,30,0,60,34,70,75,60,12,230,304,0,0,160,506,0,0,0,0,70,13,1040,9292,240,586,210,523,180,254,70,57,0,0,730,7382,810,8041,0,0,0,0,180,991,870,2695
TX,76537,0,2730,1100,1160,400,1170,6130,2380,40,40,0,136666,2730,138060,2470,113656,450,255,220,341,190,214,0,0,410,3529,230,1303,140,2104,420,7795,120,90,428,200,2424,80,1504,670,1394,90,25,0,0,40,243,30,94,250,262,0,0,0,0,590,10889,46965,0,0,410,681,530,2076,570,2900,500,3389,380,1316,2180,85621,2170,13774,0,0,0,0,1000,1334,40,2,170,89,210,220,190,30,680,907,30,7,310,633,40,126,40,142,280,77,2630,17964,490,1158,430,1016,430,590,170,167,0,0,1870,12430,2080,13493,0,0,0,0,440,1435,2230,6237
TX,76538,0,310,110,170,30,160,660,190,0,0,0,18058,310,18266,240,10174,100,46,40,141,30,115,0,0,60,270,50,592,40,430,90,2324,80,0,0,50,652,0,0,100,208,0,0,0,0,0,0,0,0,0,0,0,0,0,0,40,926,5761,0,0,40,60,30,99,40,168,30,139,20,131,230,12431,230,2034,0,0,0,0,90,123,0,0,0,0,0,0,0,0,70,90,0,0,50,93,0,0,0,0,0,0,280,1820,70,114,50,99,30,40,0,0,0,0,200,1903,230,2149,0,0,0,0,80,648,210,585
TX,76539,0,3580,1230,1960,330,1430,7710,2320,150,110,30,200520,3580,202210,2930,137941,1010,646,450,892,400,641,0,0,560,4214,430,3926,250,3101,1390,39245,180,170,744,590,6641,110,1701,870,1690,140,38,0,0,70,257,60,193,280,292,40,43,0,0,740,13679,65080,20,46,560,1055,660,2316,720,3613,630,4438,530,2503,2840,127356,2820,19728,0,0,0,0,1130,1271,90,8,110,54,250,224,220,38,650,840,120,51,380,767,20,42,20,43,170,41,3450,25627,660,1513,590,1351,460,624,250,181,0,0,2550,18427,2770,19501,0,0,20,20,690,2015,2820,7999
TX,76541,0,7750,3420,2190,1900,3650,15580,5830,280,150,130,216660,7750,218300,6740,166356,850,851,360,773,350,534,0,0,870,6412,300,2050,230,2276,1260,26136,20,280,1145,540,5139,60,1247,1190,1640,90,22,0,0,30,85,40,103,250,225,40,95,0,0,420,7816,29403,20,34,290,406,260,665,400,1244,220,1034,310,1923,4760,102817,4760,13987,0,0,50,22,1810,1356,70,5,170,86,330,251,530,87,990,893,40,14,690,1089,100,207,110,218,620,97,7550,32271,3100,8339,2850,7545,2260,2936,550,436,40,11,3890,12615,4730,14065,0,0,0,0,690,1250,6880,19626
TX,76542,0,19780,7200,8320,3640,7890,43740,16560,1110,930,170,882446,19780,891552,17850,724984,3430,2305,1730,3523,1600,2678,130,111,2190,13349,1530,8667,700,7963,4650,111045,130,950,5142,1500,15594,280,9376,4690,9106,790,205,0,0,160,656,310,1081,2070,2156,290,560,0,0,4020,73413,297062,220,579,2930,5315,3390,12893,3930,19863,3400,22915,2950,15152,15080,522971,15060,78910,60,183,100,51,7670,9248,450,52,1380,798,2210,2007,1580,268,4560,5704,410,236,1410,3019,190,444,220,491,820,155,19350,121350,5370,13878,4880,12825,4250,5724,2310,1804,90,32,12510,69662,13670,73836,0,0,40,217,2500,7701,16980,54383
TX,76543,0,12920,5070,4330,3040,5140,26530,9650,620,450,170,440405,12920,443847,11530,346714,1580,1263,720,1476,680,831,30,14,1210,8510,570,6134,350,3991,2690,57452,40,600,2790,990,9449,130,1924,2210,3442,300,77,0,0,70,232,90,349,810,736,110,245,0,0,1200,21515,83310,70,132,860,1456,860,2535,1120,4384,780,4069,910,5583,8870,226060,8850,33192,20,51,70,21,3970,3540,150,19,570,298,940,818,1100,183,2150,2087,160,70,830,1501,120,213,130,226,680,112,12630,64678,4830,13124,4470,12146,3480,4569,1260,1040,50,15,7120,29571,8050,31670,0,0,30,159,1280,3158,11460,35743
TX,76544,0,9080,3430,4830,530,2920,23160,9430,720,720,0,263794,9080,265741,9040,260747,760,130,310,296,290,183,40,27,260,84,250,848,50,137,220,2670,0,180,711,50,397,0,0,1350,1947,70,18,0,0,0,0,60,129,860,783,70,143,0,0,220,3670,12800,50,93,80,137,100,275,190,653,110,781,150,675,6550,100769,6550,12536,0,0,0,0,3540,3240,90,3,440,252,620,455,1210,215,2230,2273,0,0,150,101,0,0,0,0,70,7,9070,44066,3730,12121,3630,11980,3500,6288,670,520,0,0,4620,9296,4820,9517,0,0,0,0,200,262,8870,34834
TX,76548,0,12090,4500,5500,1860,4920,27060,10170,640,500,140,664271,12090,671124,10570,501562,2860,3407,1720,5363,1640,4157,100,130,1550,15287,1540,16319,630,7888,3070,90917,60,480,2234,1230,15429,380,15562,3100,6853,540,150,20,162,170,872,190,800,1180,1276,200,390,0,0,2880,59042,289763,160,642,2170,4527,2480,11764,2820,17476,2420,18410,2220,12369,9350,433789,9330,71579,90,251,60,38,4500,5574,490,36,740,452,1220,1202,820,143,2650,3499,250,114,1080,2887,120,288,140,330,630,125,11750,95091,2780,7000,2520,6375,2140,2964,1170,932,50,19,8070,65979,8790,70091,70,55,110,470,1940,7559,9850,31299
TX,76549,0,20230,6960,8180,4390,7880,46020,18400,1150,1020,140,774099,20230,780860,18600,663015,2750,1592,1180,1528,1110,1103,120,104,1970,10409,1000,6080,500,6031,4100,86420,90,1130,5791,1170,11696,160,4003,4130,6761,580,148,0,0,80,303,230,761,1790,1716,250,494,0,0,2790,48335,187080,190,408,1890,3286,2230,7376,2680,11752,2260,14153,1980,9553,14870,418589,14870,60868,20,51,80,28,7910,8893,240,42,1550,862,2240,1955,1860,324,4820,5425,280,183,1230,2266,160,330,160,353,810,136,19890,112886,7050,19281,6540,18026,5670,7813,2520,1992,80,22,11610,51812,12890,55070,0,0,40,78,1930,4984,18030,62350
TX,76550,0,5270,2120,2370,680,2690,10690,3400,100,30,80,285301,5270,289124,4100,173249,1330,3007,760,5821,710,4456,0,0,980,13627,760,14699,490,6451,1410,38057,540,200,685,910,10510,300,18935,1310,3823,180,54,0,0,180,881,80,459,320,303,20,29,30,434,890,20444,105736,30,217,720,1368,750,3470,860,5300,560,4096,660,5172,3970,191633,3930,34352,50,179,20,13,1530,1670,220,68,180,103,230,255,270,47,890,1102,60,18,770,2002,60,148,60,152,450,93,4950,43079,1090,2816,940,2429,790,1027,250,208,20,10,3530,32558,3980,35329,40,70,80,414,1050,4895,3920,10998
TX,76554,0,960,380,430,170,490,2100,780,0,0,0,45484,960,45893,830,34698,210,120,90,257,80,191,0,0,140,1178,90,470,60,782,190,3577,40,30,135,100,1027,0,0,250,409,70,18,0,0,20,70,0,0,70,76,0,0,0,0,120,2098,10965,0,0,90,146,90,245,120,428,80,434,90,385,750,28485,740,4599,0,0,0,0,370,437,30,0,60,31,60,59,110,19,240,295,0,0,110,202,0,0,0,0,70,15,920,6495,230,551,210,486,180,235,50,48,0,0,630,4154,700,4541,0,0,0,0,130,336,800,2271
TX,76556,0,600,220,300,70,350,1320,450,0,0,0,32169,600,32516,470,24692,180,105,70,95,60,79,0,0,130,1109,70,293,50,596,140,3027,100,0,0,80,970,0,0,150,347,0,0,0,0,0,0,0,0,40,42,0,0,0,0,80,1587,8530,0,0,60,113,70,173,80,333,60,489,60,266,440,21701,440,3701,0,0,0,0,170,247,0,0,0,0,0,0,30,7,110,158,0,0,80,192,0,0,0,0,50,12,560,4760,120,294,110,247,90,133,20,14,0,0,390,3310,450,3672,0,0,0,0,100,502,470,1607
TX,76557,0,2140,780,1030,320,1000,4600,1580,0,0,0,102887,2140,103925,1830,79848,490,339,230,616,220,349,0,0,330,2339,250,2504,190,3253,460,10305,230,60,267,290,3225,60,1043,500,1038,80,22,0,0,40,179,30,66,140,148,0,0,0,0,340,6976,33332,0,0,260,483,270,908,330,1471,240,1688,240,1278,1580,64524,1580,10056,0,0,0,0,690,758,50,3,100,54,110,101,190,33,420,513,30,10,260,510,20,60,30,73,150,35,2040,14698,510,1260,460,1139,340,486,110,91,0,0,1380,9295,1540,10069,0,0,0,0,320,815,1750,5261
TX,76559,0,2200,810,990,340,920,4880,1780,80,50,30,114750,2200,116032,1980,90546,420,357,210,445,200,258,0,0,250,3400,210,1790,90,1377,530,12466,0,90,465,160,1672,50,2331,490,1282,80,20,0,0,0,0,0,0,210,228,30,37,0,0,440,9100,48223,0,0,340,702,420,1720,440,2522,380,3113,340,1829,1710,73783,1710,12389,0,0,0,0,850,972,60,2,130,72,210,167,190,32,520,631,40,20,170,447,20,43,30,44,140,23,2140,16785,570,1382,520,1266,410,587,180,132,0,0,1450,11409,1580,12099,0,0,20,47,290,1034,1860,5909
TX,76561,0,440,200,190,50,220,900,260,0,0,0,20605,440,20763,370,15533,110,43,30,39,20,24,0,0,60,350,30,206,30,360,130,2330,60,0,0,50,586,0,0,90,158,0,0,0,0,0,0,0,0,20,13,0,0,0,0,50,1047,4713,0,0,30,50,40,74,50,145,40,200,30,94,340,12868,340,1888,0,0,0,0,130,145,0,0,0,0,0,0,20,4,80,106,0,0,50,63,0,0,0,0,40,7,420,2505,80,184,70,164,50,65,0,0,0,0,310,1736,340,1867,0,0,0,0,80,139,360,960
TX,76566,0,130,50,70,0,80,270,70,0,0,0,6457,130,6497,100,4051,40,40,0,0,0,0,0,0,20,205,0,0,0,0,50,1148,50,0,0,20,336,0,0,40,40,0,0,0,0,0,0,0,0,0,0,0,0,0,0,0,0,0,0,0,0,0,0,0,0,0,0,0,0,0,100,4033,100,602,0,0,0,0,40,29,0,0,0,0,0,0,0,0,0,0,0,0,20,41,0,0,0,0,0,0,120,791,30,48,20,35,0,0,0,0,0,0,80,548,100,616,0,0,0,0,30,65,90,243
TX,76567,0,3740,1550,1490,670,1830,7720,2710,0,0,0,198490,3740,201177,3050,134090,1030,1136,540,2242,490,1447,0,0,620,7878,530,5876,340,5369,920,19293,420,160,848,600,7355,120,3968,870,2687,110,31,0,0,110,505,40,192,220,214,0,0,0,0,510,11096,58135,20,68,430,887,400,1361,490,2466,310,2043,370,2134,2720,134286,2710,24408,40,134,30,16,1030,1123,170,20,90,42,150,180,180,26,620,790,50,11,500,1384,50,139,50,161,350,75,3540,29967,880,2383,800,2112,640,823,170,152,0,0,2430,23194,2790,25273,0,0,40,157,710,3260,2920,8777
TX,76569,0,1120,410,540,170,700,2510,930,0,0,0,53454,1120,54062,950,41226,260,137,120,164,110,102,0,0,220,2106,120,856,100,1379,240,4933,160,30,153,150,1682,40,916,290,608,40,9,0,0,30,130,0,0,80,73,0,0,0,0,150,3001,14533,0,0,100,182,140,396,150,668,110,709,130,605,830,33196,830,5019,0,0,0,0,390,456,30,0,50,32,80,90,90,18,210,285,40,11,180,433,0,0,0,0,80,14,1080,7172,250,680,220,561,210,292,80,81,0,0,740,4555,850,5094,0,0,0,0,170,641,930,2731
TX,76570,0,1010,410,430,170,560,2080,700,0,0,0,46505,1010,47296,820,31070,320,275,110,420,110,306,0,0,170,2288,140,1351,90,1179,210,4562,170,30,136,140,1310,30,414,250,791,30,7,0,0,40,222,0,0,50,51,0,0,0,0,90,1692,7763,0,0,60,116,60,139,90,268,40,240,60,346,690,30126,700,4980,0,0,0,0,260,279,20,1,20,11,40,33,70,15,150,188,0,0,190,606,0,0,0,0,70,16,920,5928,240,665,220,587,180,245,40,40,0,0,610,4699,700,5436,0,0,0,0,170,1440,760,2167
TX,76571,0,3350,1090,1890,320,1770,7270,2250,0,0,0,303947,3350,308677,2620,183016,1310,2446,870,5472,810,4053,0,0,780,14121,850,15683,490,11237,950,32051,230,70,331,720,11508,330,19654,1040,4730,160,45,30,671,190,1070,70,407,240,251,0,0,20,238,1190,31861,179760,30,168,1000,2144,1080,5714,1170,8262,910,8129,980,7909,2760,227836,2720,46502,90,326,0,0,1110,1333,260,132,170,93,230,249,130,27,550,723,80,33,610,2495,30,63,30,69,140,38,3170,51549,360,817,310,658,340,474,200,174,0,0,2540,45058,2720,48609,110,242,160,562,880,6334,2250,7352
TX,76574,0,8190,3530,3100,1430,3560,16750,5930,460,330,130,395316,8190,399405,6980,293621,1820,1587,990,4270,910,3304,0,0,1180,13772,940,10655,680,8822,1680,34127,400,260,1187,1030,12046,290,5480,1830,4089,220,56,0,0,190,1039,70,370,630,641,40,74,30,53,1360,25007,123871,30,140,1090,1929,1220,4973,1350,7357,1070,7019,960,3769,6230,256066,6180,41638,60,166,100,60,2500,2778,220,48,310,187,430,477,600,89,1550,1872,80,20,990,2415,170,579,190,646,570,125,7860,55170,1910,4721,1680,4212,1360,1882,410,381,60,30,5410,38783,6040,42177,30,34,60,245,1480,4829,6440,17851
TX,76577,0,1340,540,650,140,730,2800,900,0,0,0,74234,1340,75147,1110,54640,410,301,190,614,180,441,0,0,220,2328,210,1235,120,1937,350,6911,240,40,171,230,2614,60,1401,370,913,30,8,0,0,50,235,0,0,90,107,0,0,0,0,220,4189,22816,0,0,190,345,200,702,220,1115,170,1384,160,676,1070,50151,1050,8247,0,0,0,0,420,511,30,2,30,18,90,104,70,12,260,340,0,0,220,543,0,0,0,0,90,21,1260,10317,230,567,200,491,160,220,80,75,0,0,950,7714,1050,8443,0,0,0,0,290,1084,1000,2865
TX,76578,0,750,300,330,110,320,1640,600,0,0,0,37467,750,37874,630,30591,180,103,70,104,70,58,0,0,130,1022,90,263,60,640,160,2982,100,0,0,90,976,20,649,180,407,0,0,0,0,0,0,0,0,60,63,0,0,0,0,120,2266,10674,0,0,100,167,100,339,110,534,80,577,80,258,560,24059,560,3902,0,0,0,0,240,301,0,0,30,18,40,46,40,8,160,197,0,0,100,178,0,0,0,0,40,10,720,5435,170,450,150,405,120,176,40,28,0,0,510,3602,560,3846,0,0,0,0,160,400,580,1820
TX,76579,0,2080,770,920,360,1010,4610,1730,20,20,0,101458,2080,102437,1810,77860,420,309,190,373,170,243,0,0,340,3748,180,1235,160,2111,430,8857,150,80,348,240,2820,60,3743,490,979,80,20,0,0,30,137,0,0,150,145,0,0,0,0,310,5862,29982,0,0,230,418,270,794,300,1289,220,1480,220,1255,1580,64208,1570,10198,0,0,0,0,750,914,50,1,120,64,120,119,170,34,470,641,30,11,260,699,20,53,20,64,140,28,2000,13837,510,1303,460,1151,380,520,140,103,0,0,1350,9273,1530,10185,0,0,0,0,310,1537,1710,5113
TX,76621,0,490,190,240,60,310,1040,350,0,0,0,26775,490,27443,390,18964,200,137,80,143,60,75,0,0,100,762,70,497,40,254,90,1800,110,0,0,60,689,30,763,160,668,0,0,0,0,30,181,0,0,30,34,0,0,0,0,60,1267,6731,0,0,40,84,40,161,50,260,30,235,30,160,370,18115,370,3011,0,0,0,0,160,223,0,0,0,0,40,36,0,0,100,161,0,0,110,378,0,0,0,0,30,6,450,3539,80,159,60,127,50,64,40,25,0,0,350,2787,390,3207,0,0,0,0,120,713,360,940
TX,76622,0,440,160,220,40,240,910,290,0,0,0,20609,440,20857,360,15327,110,39,30,19,30,7,0,0,80,665,40,147,30,241,90,1832,80,0,0,70,676,0,0,110,248,0,0,0,0,0,0,0,0,30,33,0,0,0,0,50,1002,4691,0,0,40,61,30,99,40,192,30,155,0,0,330,12817,330,1911,0,0,0,0,120,136,0,0,0,0,20,16,30,5,70,97,0,0,70,156,0,0,0,0,30,7,410,2772,80,200,60,161,60,82,0,0,0,0,310,1776,340,2010,0,0,0,0,60,174,340,999
TX,76624,0,1060,430,470,150,470,2130,670,0,0,0,51021,1060,51452,910,40144,290,148,110,147,100,75,0,0,190,1424,100,1144,90,1144,260,5216,140,30,118,160,1814,30,-78,250,431,30,9,0,0,0,0,0,0,80,68,0,0,0,0,170,3004,14071,0,0,120,208,130,375,150,617,110,678,120,659,820,32584,810,4950,0,0,0,0,340,368,0,0,60,29,80,75,90,15,200,238,0,0,160,259,0,0,0,0,70,20,1030,6781,210,481,180,419,140,166,80,58,0,0,740,4575,810,4946,0,0,0,0,170,532,870,2347
TX,76626,0,670,240,330,90,370,1480,520,0,0,0,34492,670,34831,570,27450,160,52,70,66,50,34,0,0,140,1071,60,380,50,716,130,2788,110,20,107,90,923,0,0,180,339,30,9,0,0,0,0,0,0,50,49,0,0,0,0,110,2311,10560,0,0,110,187,90,267,110,496,80,539,80,469,520,22134,520,3415,0,0,0,0,230,279,0,0,30,14,40,28,50,8,140,198,0,0,120,270,0,0,0,0,50,10,640,4768,150,360,130,308,100,150,30,22,0,0,470,3135,530,3505,0,0,0,0,110,347,540,1613
TX,76627,0,620,220,320,80,330,1420,510,0,0,0,30970,620,31188,530,23932,110,78,40,116,40,84,0,0,110,660,70,518,50,696,110,1978,100,30,149,90,1059,0,0,130,218,0,0,0,0,0,0,0,0,0,0,0,0,0,0,90,1935,8864,0,0,60,104,80,183,90,350,60,382,50,124,460,19432,450,3001,0,0,0,0,180,214,0,0,0,0,20,8,40,7,130,176,0,0,80,141,0,0,0,0,60,19,590,4152,150,408,140,347,110,149,20,13,0,0,390,2767,450,3038,0,0,0,0,90,304,510,1557
TX,76629,0,860,340,360,130,550,1720,570,0,0,0,46673,860,47098,670,35363,260,170,90,192,70,144,0,0,160,853,110,526,60,718,200,3932,230,20,108,130,1317,0,0,240,425,30,9,0,0,20,76,0,0,40,38,0,0,0,0,140,2798,12250,0,0,120,196,110,301,140,519,80,557,100,530,660,31663,650,5374,0,0,0,0,240,310,0,0,20,14,50,57,40,8,170,213,0,0,150,303,0,0,0,0,40,10,760,6134,160,394,140,347,110,137,50,42,0,0,580,4985,640,5424,0,0,0,0,170,956,620,1914
TX,76630,0,730,300,320,110,300,1550,550,0,0,0,37892,730,38232,650,30297,170,69,60,52,50,38,0,0,120,1846,70,198,50,570,140,2366,20,30,167,90,1034,0,0,180,340,20,6,0,0,0,0,0,0,60,60,0,0,0,0,130,2356,12654,0,0,90,176,120,462,120,656,100,664,80,306,590,24760,590,3916,0,0,0,0,250,306,0,0,30,17,40,47,70,14,160,222,0,0,100,305,0,0,0,0,40,12,700,4987,150,343,130,290,100,129,40,30,0,0,520,3610,560,3974,0,0,0,0,120,590,600,1559
TX,76631,0,200,70,100,20,110,430,140,0,0,0,12758,200,12914,180,7840,50,20,0,0,0,0,0,0,20,164,0,0,0,0,40,630,40,0,0,30,408,0,0,60,156,0,0,0,0,0,0,0,0,0,0,0,0,0,0,30,482,1917,0,0,0,0,0,0,20,82,0,0,0,0,160,9054,160,1529,0,0,0,0,80,72,0,0,0,0,0,0,0,0,50,59,0,0,30,75,0,0,0,0,0,0,190,1426,40,106,40,90,30,34,0,0,0,0,140,1455,160,1647,0,0,0,0,30,440,160,464
TX,76632,0,690,270,240,170,350,1520,630,0,0,0,25856,690,26110,590,19526,120,82,50,41,40,26,0,0,120,616,40,112,30,345,80,1367,70,0,0,50,567,0,0,150,254,0,0,0,0,0,0,0,0,30,25,0,0,0,0,40,832,3359,0,0,30,44,0,0,30,82,0,0,30,130,470,13458,470,2136,0,0,0,0,210,190,0,0,0,0,20,21,60,12,140,145,0,0,100,164,0,0,0,0,90,18,650,3437,240,653,200,581,190,268,30,23,0,0,380,1943,490,2209,0,0,0,0,90,236,570,1811
TX,76633,0,2330,820,1220,250,990,4970,1630,30,0,30,185400,2330,187567,1980,117617,890,1517,390,2122,340,1529,0,0,460,8562,370,5094,270,4325,520,13801,150,60,274,370,5033,140,10287,680,2167,80,23,0,0,80,511,40,100,200,211,30,36,0,0,610,14531,102319,0,0,500,1025,570,3176,600,4380,490,4160,480,3601,1880,135980,1880,27471,30,97,0,0,810,997,110,19,170,98,180,197,120,21,460,639,40,12,360,1370,30,50,30,64,120,27,2230,31069,330,721,280,633,220,277,170,137,0,0,1750,26761,1870,28876,40,52,60,447,490,2678,1710,4916
TX,76634,0,2940,1180,1370,340,1470,5870,1760,0,0,0,162724,2940,165061,2180,95785,990,1962,510,4078,470,3081,0,0,560,7819,510,9958,400,6127,790,17524,290,70,318,610,7511,160,1147,730,2337,100,27,0,0,120,640,30,127,150,158,0,0,0,0,470,13434,63900,0,0,420,722,390,1339,470,2212,250,1991,380,3356,2170,108610,2140,19856,20,168,20,13,850,1032,150,197,90,48,140,135,180,33,460,582,40,10,460,1265,50,117,40,126,250,62,2720,24915,590,1470,510,1283,410,555,130,102,0,0,1900,18716,2160,20556,30,36,40,341,580,2384,2140,5841
TX,76635,0,470,150,170,160,260,1180,560,0,0,0,16594,470,16696,410,14303,70,14,0,0,0,0,0,0,60,249,0,0,0,0,70,1365,50,0,0,40,415,0,0,80,102,0,0,0,0,0,0,0,0,0,0,0,0,0,0,40,886,3223,0,0,30,53,20,41,40,111,20,165,30,133,310,8185,310,1158,0,0,0,0,160,148,0,0,0,0,0,0,30,2,120,120,0,0,50,68,0,0,0,0,50,11,450,2551,170,501,160,459,170,254,0,0,0,0,220,1010,280,1121,0,0,0,0,50,54,410,1456
TX,76636,0,640,230,330,70,340,1380,450,0,0,0,34940,640,35436,510,25695,160,73,60,59,60,30,0,0,130,1610,60,67,60,534,140,3333,120,30,106,110,1126,20,1830,160,496,0,0,0,0,30,135,0,0,0,0,0,0,0,0,140,2607,11149,0,0,100,177,100,325,140,544,80,589,100,477,480,23074,480,3889,0,0,0,0,170,210,0,0,0,0,30,32,30,5,120,154,0,0,100,267,0,0,0,0,60,14,610,5039,140,319,120,272,80,108,30,24,0,0,450,3672,510,4038,0,0,0,0,140,452,480,1494
TX,76637,0,230,90,100,30,140,430,110,0,0,0,12351,230,12469,170,6365,80,30,40,129,30,51,0,0,50,561,50,82,30,388,70,1480,50,0,0,60,750,0,0,60,118,0,0,0,0,0,0,0,0,0,0,0,0,0,0,30,731,4163,0,0,20,32,20,102,30,164,0,0,30,193,170,8420,180,1546,0,0,0,0,40,32,0,0,0,0,0,0,0,0,20,21,0,0,40,58,0,0,0,0,20,3,210,1785,50,127,40,109,30,56,0,0,0,0,160,1511,170,1700,0,0,0,0,60,209,140,426
TX,76638,0,1310,510,710,100,670,2760,930,0,0,0,105824,1310,107521,1070,68883,560,1588,290,2091,280,1430,0,0,260,3267,310,8533,180,3511,290,7393,190,20,147,220,3069,140,4325,420,1697,60,16,0,0,70,418,0,0,100,101,20,23,0,0,410,10288,64105,0,0,340,761,370,2100,410,3009,300,2722,350,2824,1070,78161,1050,14844,40,149,0,0,450,552,90,8,60,32,110,137,50,6,220,317,20,6,270,786,0,0,0,0,50,13,1230,16685,150,339,120,278,90,114,110,97,0,0,990,14260,1080,15454,40,28,50,294,360,2658,880,3115
TX,76639,0,590,230,250,110,280,1190,380,0,0,0,23266,590,23463,470,16650,120,112,40,104,40,96,0,0,100,701,50,133,40,374,140,3197,70,30,108,90,1005,0,0,140,197,0,0,0,0,0,0,0,0,30,18,0,0,0,0,70,1370,5300,0,0,60,91,50,148,70,252,40,233,40,154,410,13611,410,1979,0,0,0,0,140,150,0,0,0,0,20,14,30,4,100,113,0,0,70,131,0,0,0,0,40,8,560,3204,160,374,140,320,100,127,20,12,0,0,370,1829,420,2111,0,0,0,0,80,146,480,1342
TX,76640,0,1380,620,530,210,630,2630,810,30,30,0,56705,1380,57392,1120,42653,340,172,110,125,90,63,0,0,260,2931,120,442,100,1429,270,4527,80,50,161,170,1728,30,1163,320,687,30,8,0,0,30,88,0,0,70,74,0,0,0,0,130,2268,10285,0,0,100,160,90,313,130,481,80,481,90,434,1020,35454,1020,5463,0,0,0,0,380,386,0,0,50,25,70,64,120,19,220,267,0,0,200,485,20,39,20,46,120,21,1290,7721,320,714,270,586,210,244,60,51,0,0,890,5046,1010,5654,0,0,0,0,240,791,1080,2643
TX,76641,0,640,230,320,90,360,1500,550,0,0,0,33150,640,33548,520,21867,140,181,50,98,40,78,0,0,130,1028,50,482,50,415,140,3452,110,0,0,80,1070,0,0,190,398,30,9,0,0,0,0,0,0,30,41,0,0,0,0,110,2263,9654,0,0,90,147,80,216,110,380,50,352,60,346,450,21091,450,3609,0,0,0,0,190,240,0,0,0,0,30,28,50,8,130,189,0,0,110,257,0,0,0,0,50,11,610,4054,170,417,150,359,110,163,40,29,0,0,400,3365,470,3749,0,0,0,0,130,669,500,1534
TX,76642,0,2550,930,1090,510,1440,5450,1950,0,0,0,128314,2550,129693,2130,92547,630,818,260,712,250,496,0,0,450,4942,230,2615,210,3358,610,12354,310,60,226,400,4477,100,4953,610,1379,80,23,0,0,80,380,0,0,150,165,0,0,0,0,390,8953,40136,0,0,300,555,330,1189,380,1828,260,1603,300,1836,1900,82281,1890,13584,0,0,0,0,750,847,40,25,70,45,120,108,150,20,510,626,30,8,370,925,30,108,30,113,200,41,2460,18731,660,1790,590,1626,480,631,110,92,0,0,1650,12657,1870,13828,0,0,30,59,420,2279,2050,6618
TX,76643,0,6760,2720,3100,840,2410,13750,4390,220,110,120,383086,6760,387480,5900,302116,2010,1409,880,2052,800,1370,30,25,1040,11634,740,4186,630,8455,1500,34477,60,180,793,990,12291,190,5808,1950,4394,320,85,0,0,130,682,120,558,810,930,120,254,0,0,1440,27328,134568,40,161,1120,1985,1290,4975,1420,7323,1150,6970,1140,6519,5610,259121,5590,41156,30,72,40,20,2430,3088,190,13,530,298,610,635,480,79,1440,1946,100,22,800,2205,80,212,80,222,330,75,6550,51326,1030,2210,850,1897,680,878,510,431,30,12,5090,38069,5400,40807,30,28,50,47,1260,3652,5330,13811
TX,76645,0,4640,1870,1790,930,2520,10010,3810,0,0,0,218796,4640,221760,3880,136180,970,1749,490,3046,450,2394,0,0,670,7971,500,7131,400,5718,780,16268,290,140,492,610,7415,170,11791,930,2964,110,29,0,0,160,992,50,233,210,230,40,60,0,0,630,12749,65065,0,0,540,822,440,1648,590,2585,320,1842,500,3814,3200,124252,3180,21335,30,104,40,27,1420,1458,160,41,90,48,290,260,280,47,840,975,60,51,590,1942,90,314,90,357,420,90,4400,29799,1260,3406,1150,3107,1070,1604,380,313,30,18,2630,19826,3070,22319,20,23,50,295,710,4153,3740,11433
TX,76648,0,1010,390,440,160,560,2060,650,0,0,0,45504,1010,46081,820,31706,250,205,110,720,80,620,0,0,180,1453,100,767,100,967,240,5419,150,30,164,180,2048,20,353,250,577,40,10,0,0,30,110,0,0,60,59,0,0,0,0,150,3199,13831,0,0,120,214,120,375,140,640,80,496,110,535,730,28068,730,4230,0,0,0,0,280,299,20,0,0,0,50,46,80,13,180,222,0,0,140,312,0,0,0,0,60,12,960,6085,240,596,210,539,160,203,50,41,0,0,640,3931,740,4378,0,0,0,0,200,615,770,2243
TX,76649,0,290,100,180,20,210,610,170,0,0,0,18291,290,18523,240,11741,90,90,30,114,30,94,0,0,60,380,40,296,30,430,70,1849,80,30,272,60,767,0,0,90,232,0,0,0,0,0,0,0,0,0,0,0,0,0,0,50,1188,6576,0,0,40,68,40,65,50,245,20,108,30,185,220,12695,210,2290,0,0,0,0,80,72,0,0,0,0,0,0,0,0,40,56,0,0,50,90,0,0,0,0,30,6,270,2465,50,127,40,101,30,37,0,0,0,0,210,2201,230,2370,0,0,0,0,60,338,220,656
TX,76651,0,1280,480,550,230,650,2760,1010,0,0,0,60371,1280,60905,1130,48387,270,192,100,116,100,71,0,0,210,1451,100,977,90,1375,240,5126,90,30,179,160,1753,30,1253,280,534,40,12,0,0,20,105,0,0,80,77,0,0,0,0,190,4037,17896,0,0,160,291,180,553,190,884,130,934,150,841,960,37434,950,6511,0,0,0,0,420,492,20,0,40,20,80,82,90,18,280,351,20,8,160,325,30,99,30,118,110,21,1220,8679,330,800,290,708,220,277,90,77,0,0,840,6016,940,6484,0,0,0,0,200,655,1040,3179
TX,76652,0,400,120,200,50,220,870,300,0,0,0,18128,400,18251,320,13268,70,45,30,37,20,11,0,0,80,416,30,107,30,445,90,1436,40,0,0,60,564,0,0,100,123,0,0,0,0,0,0,0,0,0,0,0,0,0,0,50,1063,3856,0,0,40,62,30,46,40,137,20,121,20,56,280,11106,290,1645,0,0,0,0,120,141,0,0,0,0,0,0,20,5,80,111,0,0,70,89,0,0,0,0,40,10,360,2422,100,220,90,173,70,94,0,0,0,0,250,1503,290,1736,0,0,0,0,60,130,310,989
TX,76653,0,460,160,220,70,270,950,300,0,0,0,24546,460,24805,340,16101,120,165,50,192,50,128,0,0,80,989,70,455,70,1065,130,2815,100,0,0,90,1231,0,0,100,259,0,0,0,0,0,0,0,0,0,0,0,0,0,0,70,1416,7001,0,0,60,110,50,132,70,275,30,221,50,220,340,16502,340,2643,0,0,0,0,110,119,0,0,0,0,0,0,0,0,70,83,0,0,80,195,0,0,0,0,30,6,430,3363,90,222,80,197,70,90,0,0,0,0,310,2525,350,2831,0,0,0,0,120,408,310,987
TX,76655,0,3680,1350,1920,350,1600,7820,2570,90,40,50,247929,3680,251208,3100,180999,1390,1360,610,2111,550,1480,0,0,730,11029,580,5353,400,6479,840,20583,230,80,415,570,7106,230,7155,1100,3279,140,37,0,0,130,882,70,359,310,316,50,105,0,0,940,19862,117787,0,0,800,1712,870,4409,940,6329,780,5623,740,4415,2980,176166,2970,31128,40,156,0,0,1250,1574,160,22,210,128,310,340,190,33,700,970,70,18,620,1973,40,138,40,156,170,39,3490,35987,500,1112,420,983,340,445,270,234,0,0,2730,29481,2940,32061,60,68,70,203,780,4528,2730,7834
TX,76656,0,960,390,440,130,590,1990,630,0,0,0,47978,960,48812,780,32933,330,251,90,217,90,97,0,0,210,2608,100,2765,90,1015,200,4096,200,20,84,130,1402,30,1762,300,834,30,8,0,0,40,202,0,0,80,94,0,0,0,0,100,1873,8452,0,0,80,127,60,168,90,341,50,336,70,321,760,31373,750,4770,0,0,0,0,300,325,0,0,30,19,50,58,80,16,180,224,0,0,200,597,0,0,0,0,60,14,910,5882,200,469,170,397,130,179,50,45,0,0,670,4443,750,5123,0,0,0,0,230,1241,710,1883
TX,76657,0,4340,1690,2050,580,2120,9490,3430,60,30,30,352158,4340,357604,3610,239896,1380,2973,780,5069,720,3854,20,20,790,14466,730,13534,420,6700,930,20748,190,110,442,580,7623,340,37662,1170,5446,140,37,40,863,160,1060,50,358,300,317,50,125,30,681,1080,30271,206470,30,153,880,2169,980,7075,1040,9645,840,7811,890,9128,3380,263082,3360,59000,120,406,20,12,1490,1705,260,56,220,107,250,252,300,49,800,990,40,11,700,2759,60,152,60,178,360,71,4140,67270,830,2045,720,1784,640,884,230,178,30,10,2970,57154,3330,61122,200,430,200,528,910,6837,3230,10445
TX,76660,0,200,90,80,20,120,390,140,0,0,0,6944,200,7032,140,4745,40,10,0,0,0,0,0,0,30,213,0,0,0,0,50,705,40,0,0,30,345,0,0,50,88,0,0,0,0,0,0,0,0,0,0,0,0,0,0,0,0,0,0,0,0,0,0,0,0,0,0,0,0,0,140,3862,140,554,0,0,0,0,40,44,0,0,0,0,0,0,0,0,20,21,0,0,30,65,0,0,0,0,0,0,170,863,50,121,40,96,30,39,0,0,0,0,130,509,150,637,0,0,0,0,30,101,150,359
TX,76661,0,2640,1140,670,790,1370,5380,2150,20,20,0,90510,2640,91466,2230,67038,480,467,200,955,170,721,0,0,430,723,200,1720,190,2597,480,10037,170,90,323,300,2936,40,984,470,956,60,17,0,0,50,210,30,64,90,109,0,0,0,0,220,4233,14969,0,0,150,230,150,350,190,638,100,437,170,787,1750,49730,1750,7558,0,0,0,0,770,680,40,6,50,35,120,99,220,34,450,449,30,8,270,561,40,159,40,158,200,35,2520,13347,1020,2777,930,2585,730,945,120,105,0,0,1410,6757,1670,7510,0,0,0,0,370,1265,2220,7281
TX,76664,0,1290,530,500,250,610,2660,930,0,0,0,55762,1290,56226,1110,42844,380,182,120,324,90,151,0,0,190,1208,120,454,100,1065,280,4831,150,70,191,160,1744,0,0,270,464,40,12,0,0,0,0,0,0,80,76,0,0,0,0,120,2499,13295,0,0,90,165,90,275,120,478,80,526,80,360,920,34613,920,5496,0,0,0,0,380,394,0,0,30,15,60,60,110,15,230,296,0,0,170,350,0,0,0,0,90,15,1240,8449,350,864,310,790,200,275,70,49,0,0,810,5039,900,5496,0,0,0,0,190,605,1050,3047
TX,76665,0,1000,380,450,160,570,2110,710,0,0,0,48761,1000,49282,780,32511,310,455,140,470,120,308,0,0,220,2126,160,1902,110,1367,230,6090,150,20,82,190,2216,50,72,270,521,30,9,0,0,20,107,0,0,40,40,0,0,0,0,160,3198,15271,0,0,130,235,120,451,160,750,90,550,120,871,730,31359,710,5034,0,0,0,0,260,277,20,0,0,0,40,44,40,8,160,202,0,0,180,399,0,0,0,0,100,15,960,6748,260,626,220,530,180,249,40,39,0,0,640,4757,750,5241,0,0,0,0,220,819,740,2190
TX,76666,0,100,40,60,0,60,230,80,0,0,0,4725,100,4766,80,3485,30,7,0,0,0,0,0,0,0,0,0,0,0,0,20,261,20,0,0,0,0,0,0,20,41,0,0,0,0,0,0,0,0,0,0,0,0,0,0,0,0,0,0,0,0,0,0,0,0,0,0,0,0,0,70,2790,70,381,0,0,0,0,20,30,0,0,0,0,0,0,0,0,0,0,0,0,0,0,0,0,0,0,0,0,90,522,0,0,0,0,0,0,0,0,0,0,60,342,70,394,0,0,0,0,0,0,70,204
TX,76667,0,4710,1890,1600,1190,2720,10120,4050,0,0,0,192823,4710,195076,4050,142063,840,1560,380,1642,370,1287,0,0,700,7485,330,4085,290,3346,880,18167,290,130,448,540,6057,120,5558,920,2253,120,36,0,0,110,604,30,174,250,234,20,31,0,0,550,11333,50909,0,0,420,676,400,1300,510,2146,320,1858,350,2724,3380,112749,3380,18429,20,63,30,11,1480,1456,120,36,110,62,220,195,350,50,960,1022,40,11,530,1428,50,171,60,197,480,116,4550,28256,1370,3729,1240,3341,1130,1589,250,200,20,3,2740,16968,3170,18801,0,0,20,72,640,2616,3930,11612
TX,76670,0,560,220,220,130,290,1210,460,0,0,0,24954,560,25156,510,19444,100,68,40,106,40,77,0,0,100,623,40,88,30,277,120,2277,60,0,0,70,976,0,0,110,202,0,0,0,0,0,0,0,0,20,19,0,0,0,0,80,1655,6167,0,0,60,85,50,122,70,248,60,328,50,311,390,15049,390,2422,0,0,0,0,180,172,0,0,0,0,30,27,40,6,90,107,0,0,70,132,0,0,0,0,30,6,530,3580,160,423,140,380,110,169,40,43,0,0,330,2248,380,2441,0,0,0,0,70,204,490,1505
TX,76671,0,680,270,330,70,360,1340,360,0,0,0,30962,680,31221,510,20344,160,134,70,172,60,99,0,0,120,781,70,267,90,1055,190,3871,40,30,138,150,1744,20,71,140,259,0,0,0,0,0,0,0,0,20,21,0,0,0,0,100,1827,7575,0,0,80,108,80,189,90,324,60,335,60,348,480,19465,480,3081,0,0,0,0,130,139,0,0,0,0,20,21,30,4,80,105,0,0,90,136,0,0,0,0,70,13,630,4615,130,308,110,263,80,105,0,0,0,0,450,2943,510,3231,0,0,0,0,130,313,520,1503
TX,76673,0,440,150,230,50,210,980,350,0,0,0,21051,440,21294,370,16422,130,33,30,13,30,11,0,0,80,728,40,155,40,469,90,1891,90,0,0,70,829,0,0,120,243,0,0,0,0,0,0,0,0,30,26,0,0,0,0,60,1214,4442,0,0,50,72,40,122,60,203,30,170,40,232,350,12918,340,1886,0,0,0,0,150,169,0,0,0,0,30,27,30,6,100,127,0,0,80,198,0,0,0,0,20,3,420,2905,100,252,80,217,70,99,20,18,0,0,300,1714,340,1953,0,0,0,0,60,203,360,1164
TX,76676,0,170,70,60,20,80,320,110,0,0,0,6897,170,6935,150,5724,40,19,0,0,0,0,0,0,0,0,0,0,0,0,30,326,0,0,0,20,195,0,0,40,38,0,0,0,0,0,0,0,0,0,0,0,0,0,0,0,0,0,0,0,0,0,0,0,0,0,0,0,0,0,120,4266,120,630,0,0,0,0,50,55,0,0,0,0,0,0,0,0,0,0,0,0,0,0,0,0,0,0,0,0,150,946,40,96,30,85,20,25,0,0,0,0,110,566,130,619,0,0,0,0,0,0,130,377
TX,76679,0,550,180,280,70,280,1200,390,0,0,0,23885,550,24123,440,18050,100,86,40,83,30,64,0,0,120,1035,60,418,50,611,110,2032,100,20,102,90,1084,0,0,140,238,0,0,0,0,0,0,0,0,20,22,0,0,0,0,80,1706,6838,0,0,70,135,60,163,80,307,50,309,50,258,400,14034,400,1953,0,0,0,0,170,211,0,0,0,0,30,24,40,8,120,160,0,0,90,149,0,0,0,0,30,5,520,3065,150,319,110,253,90,106,30,22,0,0,340,1694,410,1908,0,0,0,0,90,176,430,1290
TX,76681,0,190,70,90,30,90,410,150,0,0,0,7136,190,7166,150,5783,20,10,0,0,0,0,0,0,30,39,0,0,0,0,20,222,30,0,0,30,269,0,0,40,30,0,0,0,0,0,0,0,0,0,0,0,0,0,0,20,588,2118,0,0,0,0,0,0,20,91,0,0,0,0,130,3787,120,518,0,0,0,0,50,54,0,0,0,0,0,0,0,0,30,40,0,0,20,31,0,0,0,0,0,0,170,873,50,103,40,85,20,35,0,0,0,0,110,460,130,538,0,0,0,0,20,61,140,456
TX,76682,0,1260,520,560,160,570,2540,800,0,0,0,58409,1260,59037,1040,45578,380,278,110,179,100,114,0,0,180,1659,130,573,110,1029,280,5408,200,30,148,180,1734,30,466,330,628,40,12,0,0,30,138,0,0,90,90,0,0,0,0,130,2573,11524,0,0,100,177,90,296,120,526,80,445,90,439,970,37089,960,5571,0,0,0,0,400,473,0,0,60,39,80,79,100,18,260,324,0,0,170,419,0,0,0,0,80,16,1190,7450,240,602,200,537,170,225,70,55,0,0,850,5070,950,5549,0,0,0,0,210,866,990,2653
TX,76687,0,580,200,330,60,350,1220,330,0,0,0,35002,580,35254,430,22653,200,189,90,273,80,223,0,0,90,361,100,1125,80,1540,190,4582,120,20,102,140,1933,20,93,130,252,0,0,0,0,0,0,0,0,20,18,0,0,0,0,120,2526,10734,0,0,100,162,100,309,120,531,60,438,100,544,450,22330,440,3501,0,0,0,0,140,162,0,0,0,0,20,24,30,5,90,116,0,0,70,154,0,0,0,0,50,12,540,4758,110,275,110,243,80,94,20,19,0,0,410,3339,450,3612,0,0,0,0,120,545,440,1478
TX,76689,0,1650,620,830,190,840,3480,1110,0,0,0,90937,1650,92340,1340,60908,480,612,200,908,190,712,0,0,330,3621,220,1511,130,1933,410,8736,230,30,132,270,3401,80,6271,480,1403,60,15,0,0,50,245,0,0,140,134,0,0,0,0,250,5261,26894,0,0,210,354,210,784,250,1228,160,1083,200,1508,1260,61187,1240,10990,0,0,0,0,530,581,60,3,40,26,100,103,110,22,310,392,0,0,280,700,20,50,30,57,120,25,1560,13623,320,857,280,735,240,323,100,89,0,0,1110,10410,1260,11349,0,0,20,147,320,1799,1260,3709
TX,76690,0,490,180,190,100,280,1060,410,0,0,0,21588,490,21723,380,15128,90,104,40,156,30,90,0,0,100,715,50,825,20,172,90,2164,50,20,102,70,770,0,0,110,135,0,0,0,0,0,0,0,0,20,17,0,0,0,0,70,1630,5048,0,0,50,74,50,105,70,200,40,262,40,129,340,12968,340,1896,0,0,0,0,130,138,0,0,0,0,30,28,0,0,80,94,0,0,80,119,0,0,0,0,50,10,470,3146,120,343,110,297,110,146,30,32,0,0,280,1758,340,1953,0,0,0,0,70,179,400,1159
TX,76691,0,2890,1230,1230,390,1740,5730,1860,0,0,0,151633,2890,153625,2470,114495,940,710,320,937,300,690,0,0,510,7663,310,2048,280,3225,570,11321,320,60,278,370,4287,130,3452,810,1992,110,28,0,0,80,373,50,260,220,211,40,75,0,0,370,6964,41337,0,0,320,553,330,1276,360,1879,280,1991,280,1488,2240,102855,2240,17138,0,0,20,10,900,1041,70,5,140,78,200,217,190,37,520,681,50,12,460,1254,40,117,40,126,130,24,2770,22984,510,1147,430,1002,340,451,180,153,0,0,2040,16094,2200,17604,0,0,20,22,510,2103,2240,5949
TX,76692,0,4060,1560,1950,490,2090,8130,2320,20,0,20,204961,4060,207857,3050,121869,1190,1692,610,2904,560,1965,0,0,760,11165,610,7485,540,9591,1070,26864,230,130,596,850,10891,180,5707,960,2896,80,23,0,0,160,748,50,289,220,223,20,37,0,0,690,15641,74513,0,0,560,1045,570,2281,650,3524,420,2915,510,3116,2930,131974,2910,22425,20,84,40,26,1020,1412,150,370,100,52,160,146,190,39,580,745,40,17,630,1757,70,203,80,230,340,82,3770,27971,910,2210,800,1911,610,764,160,120,30,13,2610,21012,2960,23289,20,32,40,257,780,3554,3050,8575
TX,76693,0,720,290,270,150,420,1560,610,0,0,0,34630,720,34940,600,26389,140,83,60,200,50,122,0,0,130,1335,60,203,40,602,150,2062,110,20,73,90,1034,0,0,170,310,20,6,0,0,20,86,0,0,20,20,0,0,0,0,100,1989,11168,0,0,80,145,70,265,100,459,60,366,60,389,520,22166,510,3743,0,0,0,0,240,275,0,0,20,12,40,40,40,4,150,194,0,0,120,233,0,0,0,0,60,16,690,5039,210,572,190,511,160,202,40,34,0,0,430,3458,520,3783,0,0,0,0,120,474,570,1885
TX,76701,0,710,440,140,120,270,1130,340,0,0,0,34984,710,35649,650,20781,100,263,60,301,50,419,0,0,100,1174,60,606,0,0,60,1033,0,0,0,30,484,40,4684,180,665,0,0,0,0,0,0,0,0,60,62,0,0,0,0,50,1857,13181,0,0,40,95,30,202,50,405,30,215,40,453,490,24842,490,5544,0,0,0,0,190,174,0,0,0,0,60,50,40,8,70,59,0,0,80,331,0,0,0,0,50,6,670,6969,200,467,180,445,120,153,50,43,0,0,410,5336,460,5921,0,0,0,0,110,711,570,1391
TX,76704,0,2940,1440,320,1150,1340,5650,2520,230,170,60,65044,2940,65406,2710,56274,170,35,50,9,40,4,0,0,260,902,30,27,50,310,370,5837,0,100,313,140,1039,0,0,340,362,40,9,0,0,0,0,0,0,110,123,0,0,0,0,140,2182,6832,0,0,80,88,100,217,130,355,70,308,90,542,1630,26052,1630,3396,0,0,0,0,680,464,0,0,60,28,130,102,250,40,370,280,0,0,160,213,30,67,30,72,280,38,2900,11956,1500,4468,1390,4239,1000,1318,190,151,0,0,1270,2926,1590,3227,0,0,0,0,200,261,2710,9010
TX,76705,0,12050,5320,3740,2830,5030,24810,9720,460,310,150,431020,12050,434871,10620,332818,2040,2458,710,1739,630,1145,0,0,1610,15170,600,5784,640,7029,1990,37530,250,400,1647,1140,11939,200,8792,2280,3851,220,55,0,0,140,638,80,280,700,668,80,187,0,0,1050,19635,87241,40,78,760,1184,820,2529,990,4004,680,4041,760,5200,8280,241602,8260,38031,20,72,80,45,3540,3390,130,10,400,206,610,557,1080,178,2200,2345,120,40,1280,2775,170,507,180,545,1170,228,11650,65424,3990,10498,3580,9581,2980,4124,730,616,70,26,6740,34626,7960,38127,0,0,40,85,1430,4233,10310,30290
TX,76706,0,12370,5800,3830,2600,4460,24210,9090,650,470,180,487193,12370,492624,11140,388191,2330,1904,980,2176,900,1405,20,12,1540,16642,870,8160,740,9639,1790,33510,190,340,1219,1050,12024,270,8570,2660,5431,320,81,0,0,160,786,120,439,1030,1154,200,495,0,0,1350,27792,134671,60,385,1000,1779,1160,4981,1320,7402,990,6617,1010,5963,8680,291820,8650,46310,40,151,80,39,3810,3982,190,15,540,308,950,868,930,155,2170,2437,80,26,1250,2904,150,392,160,424,1110,200,12000,70527,3440,9278,3100,8577,2630,3494,910,772,60,25,7260,42328,8270,46066,40,38,50,124,1590,5706,10500,29532
TX,76707,0,6690,2940,1540,2170,2680,14750,6830,450,330,120,174430,6690,175709,6180,153449,490,279,210,316,180,228,0,0,770,6491,170,759,150,1109,590,7427,0,200,745,270,2168,30,66,1060,1279,80,20,0,0,30,84,40,63,310,302,40,93,0,0,270,5053,20618,0,0,200,285,200,557,240,947,150,747,210,1375,3970,73604,3970,10022,0,0,60,23,2020,1655,40,1,190,85,310,251,660,106,1310,1200,40,9,670,1080,120,388,130,399,880,144,6550,28405,2940,8479,2720,7822,2460,3389,400,320,40,12,2880,8365,3820,9806,0,0,0,0,510,720,6080,19244
TX,76708,0,11270,4840,3750,2540,4540,23700,9340,510,370,150,516752,11270,522676,10050,393252,2130,2237,980,7224,890,5558,30,18,1550,18155,900,14953,690,9077,1730,33708,120,330,1290,1020,12162,340,13546,2560,5924,320,85,20,354,190,1073,140,544,930,1076,120,256,0,0,1650,35926,192223,50,251,1260,2319,1440,6585,1600,9487,1220,8097,1220,10175,8080,323630,8040,55994,80,233,70,38,3820,4134,270,96,560,302,850,765,930,150,2260,2667,110,41,1260,3137,150,518,160,551,1050,208,10930,80453,3340,9199,3020,8399,2620,3598,790,652,60,22,6720,51809,7740,56307,70,128,110,609,1570,6569,9420,28665
TX,76710,0,11440,5830,3440,1990,4760,20770,6390,490,310,180,706020,11440,716469,9430,390575,3200,9455,1890,26838,1760,21466,40,19,1630,27018,1740,68808,1300,21576,2320,48931,90,290,1227,1760,24451,650,61717,2650,10449,310,78,50,1354,320,1820,160,703,950,1076,100,235,40,2183,2030,51524,329299,40,290,1690,3327,1740,9506,1980,13453,1180,7531,1700,18831,8780,510393,8710,106490,150,1243,90,56,3540,3229,680,304,450,233,720,666,880,133,1580,1717,140,45,1300,4543,170,430,200,488,850,151,10920,133015,2700,6664,2390,6155,1840,2405,690,570,80,28,7640,103671,8410,111277,150,327,270,2433,1950,11863,8890,24848
TX,76711,0,3870,1740,1010,1070,1480,8240,3590,320,250,70,116496,3870,117299,3560,100916,360,212,130,204,120,108,0,0,420,3539,90,325,120,1088,420,5358,0,110,437,210,1794,0,0,580,803,50,12,0,0,0,0,0,0,180,208,20,61,0,0,150,2546,11960,0,0,90,128,110,283,130,479,90,409,100,452,2600,57075,2600,8499,0,0,30,15,1250,1052,0,0,120,51,180,160,430,67,820,761,20,7,320,565,70,215,80,228,520,86,3770,17533,1440,3858,1320,3560,1210,1684,210,160,0,0,1970,7447,2410,8288,0,0,0,0,340,796,3450,10353
TX,76712,0,11520,4760,5370,1180,4820,23420,7320,230,120,110,870600,11520,882431,9510,595522,4420,7919,2610,16824,2440,12249,80,77,2000,37248,2370,35036,1570,25810,2730,71115,170,280,1399,2030,30632,860,40655,3530,11831,560,148,70,1634,400,2276,210,1072,1270,1441,170,363,40,357,3580,82769,463781,110,519,2910,6088,3230,17687,3510,24763,2610,18483,2960,25023,9590,637955,9510,121625,250,1089,70,42,4140,5528,870,599,770,430,920,994,620,93,2090,2890,190,85,1670,5851,150,419,170,428,550,140,11000,140816,1500,3355,1300,2913,1050,1343,760,653,80,35,8770,116096,9340,124413,300,399,370,1137,2540,12735,8340,23810
TX,76801,0,9880,4190,3920,1650,4680,19880,6620,260,260,0,453430,9880,458888,8360,313530,1810,2339,1060,4982,1000,3901,30,15,1500,20858,970,10947,790,12080,1940,42134,490,410,1064,1410,16721,330,17107,2180,5458,200,56,20,370,200,1070,90,440,650,690,80,164,0,0,1190,28630,139540,50,117,940,1707,940,3927,1150,5968,710,4681,870,7797,7160,286356,7130,47301,70,182,60,22,2880,3237,240,23,340,177,490,516,780,130,1740,2135,140,64,1210,3266,120,348,140,376,1010,196,9460,66068,2680,6650,2370,5978,1830,2314,500,452,60,17,6200,44062,7100,48350,60,77,90,269,1440,6761,8080,23391
TX,76802,0,2030,790,1010,240,1050,4260,1370,30,30,0,104010,2030,105088,1670,71872,550,312,300,1096,290,835,0,0,350,3561,310,4871,190,2560,480,10937,210,60,189,350,4219,90,2176,560,1078,70,21,0,0,70,244,20,94,180,167,20,33,0,0,310,6699,29731,0,0,260,411,270,981,310,1475,210,1198,250,1687,1550,66760,1540,10554,0,0,0,0,640,837,70,38,80,39,130,150,140,21,410,553,20,7,300,678,0,0,0,0,160,32,1930,13786,410,955,350,826,260,365,110,113,0,0,1400,9697,1540,10674,0,0,0,0,350,1718,1600,4418
TX,76821,0,2100,840,940,310,1360,4310,1440,0,0,0,96892,2100,98696,1730,66834,480,532,310,1292,290,944,0,0,430,8082,320,2407,180,1813,380,8379,210,40,181,290,3008,110,4806,550,1804,50,13,0,0,100,657,40,180,120,126,0,0,0,0,230,4845,23544,0,0,190,316,180,641,210,1153,120,715,160,1131,1530,61428,1510,10011,0,0,0,0,660,612,100,5,50,29,90,70,180,32,350,456,0,0,360,1184,30,108,40,128,220,49,1960,13317,530,1309,460,1146,330,441,80,56,0,0,1340,9395,1550,10759,0,0,0,0,390,2372,1600,4787
TX,76823,0,1210,450,570,170,560,2500,800,0,0,0,52409,1210,52841,1000,40337,240,88,130,317,120,215,0,0,210,2113,120,570,110,1310,270,5822,170,50,138,170,1799,20,-22,300,432,40,11,0,0,0,0,0,0,90,94,0,0,0,0,130,2547,9730,0,0,100,146,100,231,120,411,80,383,80,526,900,31693,890,4552,0,0,0,0,370,447,20,1,30,15,70,80,90,20,230,303,0,0,170,357,0,0,0,0,100,22,1150,6930,260,655,230,570,170,231,70,64,0,0,800,4104,900,4596,0,0,0,0,180,361,970,2699
TX,76825,0,3090,1280,1290,480,2350,6300,2140,0,0,0,144032,3090,146015,2570,98247,580,842,360,2087,330,1469,0,0,610,5803,390,11125,240,2966,540,11333,280,50,205,390,4574,200,5353,740,1983,70,20,0,0,110,579,30,186,150,175,0,0,0,0,370,7562,36705,0,0,320,476,270,861,350,1456,190,1091,250,2037,2180,92928,2170,14884,20,148,0,0,840,977,90,14,70,33,110,109,200,37,520,735,0,0,500,1303,30,90,30,98,310,65,2900,19591,790,1899,690,1659,480,638,120,90,0,0,1950,13906,2280,15594,0,0,30,193,520,3455,2440,7024
TX,76827,0,180,80,90,0,100,350,90,0,0,0,10601,180,10669,130,7221,40,18,30,49,20,41,0,0,30,127,30,89,0,0,50,1005,40,0,0,30,345,0,0,50,68,0,0,0,0,0,0,0,0,0,0,0,0,0,0,20,505,3299,0,0,0,0,0,0,0,0,0,0,0,0,150,7233,150,1173,0,0,0,0,50,82,0,0,0,0,0,0,0,0,30,45,0,0,30,31,0,0,0,0,0,0,170,1671,20,56,0,0,0,0,0,0,0,0,140,1215,160,1309,0,0,0,0,40,98,130,394
TX,76832,0,240,80,120,20,160,500,150,0,0,0,15953,240,16113,160,6525,70,40,70,199,60,66,0,0,60,364,60,660,0,0,50,1370,50,0,0,50,626,0,0,80,160,0,0,0,0,0,0,0,0,0,0,0,0,0,0,20,424,2779,0,0,20,29,0,0,20,108,0,0,0,0,170,11792,170,2450,0,0,0,0,80,89,0,0,0,0,0,0,0,0,40,58,0,0,50,95,0,0,0,0,20,5,200,2619,50,96,40,74,30,35,0,0,0,0,150,2313,180,2540,0,0,0,0,50,209,140,345
TX,76834,0,2290,980,980,310,1430,4500,1350,0,0,0,118556,2290,120595,1780,66766,510,594,290,1060,270,800,0,0,500,8879,320,6193,230,2638,490,9431,300,60,218,360,3967,130,5498,630,2039,50,14,0,0,120,579,20,97,110,101,0,0,0,0,230,4634,23434,0,0,200,310,170,502,230,869,110,638,150,877,1620,81679,1600,13535,0,0,0,0,520,580,60,8,50,24,80,78,100,20,340,399,20,4,460,1426,30,94,30,96,310,67,2120,17237,610,1400,520,1204,370,467,60,54,0,0,1430,12919,1700,14780,0,0,30,268,500,3042,1680,4394
TX,76837,0,530,210,260,70,330,1120,370,0,0,0,24682,530,25007,420,15867,110,135,70,123,60,53,0,0,90,821,70,531,40,350,120,2544,70,0,0,100,1161,30,266,130,325,0,0,0,0,20,75,0,0,20,22,0,0,0,0,50,919,3906,0,0,30,48,40,105,50,208,20,72,40,118,390,15689,390,2510,0,0,0,0,150,170,0,0,20,11,30,21,30,4,90,123,0,0,100,236,0,0,0,0,70,12,500,3076,130,303,120,261,90,116,20,18,0,0,340,2340,400,2638,0,0,0,0,120,493,390,1039
TX,76844,0,1490,610,700,180,990,2990,900,0,0,0,84917,1490,85982,1130,45073,540,1043,300,1128,270,648,0,0,340,3547,260,4627,160,2036,340,9382,340,0,0,280,3444,130,3433,470,1065,60,17,0,0,70,313,0,0,90,92,0,0,0,0,220,4522,31295,0,0,180,355,170,560,220,962,90,624,160,1437,1090,59070,1080,11866,0,0,0,0,380,441,40,5,60,30,60,73,80,13,240,295,0,0,300,579,0,0,0,0,190,37,1360,14149,290,719,230,589,200,269,60,56,0,0,980,11405,1150,12394,0,0,20,154,330,1574,1070,2804
TX,76849,0,1630,710,690,220,1040,3160,970,50,50,0,84614,1630,86845,1240,43779,440,829,270,2506,250,1772,0,0,520,3984,270,7631,170,2549,330,8721,210,0,0,280,3792,150,10077,520,2231,50,14,0,0,120,615,40,217,70,70,0,0,0,0,260,6227,32077,0,0,210,357,180,808,250,1221,100,917,180,1097,1040,57145,1030,10964,20,132,0,0,370,397,90,18,0,0,70,69,50,10,170,186,0,0,370,940,0,0,20,68,270,47,1510,14812,460,1219,400,1032,280,382,70,62,0,0,940,10184,1230,11642,0,0,30,176,330,1943,1180,3698
TX,76852,0,90,30,60,0,70,200,40,0,0,0,5424,90,5482,70,2581,30,12,30,18,20,12,0,0,0,0,0,0,0,0,20,601,40,0,0,30,351,0,0,30,58,0,0,0,0,0,0,0,0,0,0,0,0,0,0,0,0,0,0,0,0,0,0,0,0,0,0,0,0,0,70,3716,70,529,0,0,0,0,0,0,0,0,0,0,0,0,0,0,0,0,0,0,0,0,0,0,0,0,0,0,80,608,0,0,0,0,0,0,0,0,0,0,70,507,70,557,0,0,0,0,30,111,60,174
TX,76853,0,620,250,270,100,360,1290,430,0,0,0,27688,620,28094,450,17545,140,187,90,304,80,166,0,0,150,1053,80,462,50,755,130,3265,130,20,49,90,1130,40,256,170,406,0,0,0,0,30,68,0,0,0,0,0,0,0,0,90,1816,8569,0,0,70,122,60,202,90,387,40,334,60,282,410,17313,410,2874,0,0,0,0,160,135,0,0,0,0,20,19,30,4,100,105,0,0,130,195,0,0,0,0,80,14,560,3907,170,442,140,370,120,172,20,14,0,0,360,2737,440,3080,0,0,0,0,120,664,460,1365
TX,76854,0,140,70,60,0,100,250,50,0,0,0,6880,140,6963,80,2183,50,24,30,107,30,53,0,0,30,24,30,111,0,0,30,762,40,0,0,40,377,0,0,30,83,0,0,0,0,0,0,0,0,0,0,0,0,0,0,0,0,0,0,0,0,0,0,0,0,0,0,0,0,0,90,4645,90,704,0,0,0,0,30,13,0,0,0,0,0,0,0,0,0,0,0,0,0,0,0,0,0,0,0,0,120,840,30,74,30,62,0,0,0,0,0,0,80,687,100,996,0,0,0,0,30,91,80,222
TX,76856,0,1560,610,760,170,1120,3120,930,0,0,0,91180,1560,93017,1100,45136,520,1402,300,2160,270,1435,0,0,480,7273,390,9580,160,2829,360,9410,360,0,0,310,4104,180,4661,560,1837,40,11,0,0,110,558,30,147,90,85,0,0,0,0,320,7657,39401,0,0,280,456,240,1076,300,1677,160,1202,230,2356,1120,62551,1090,11106,30,148,0,0,410,475,90,13,30,22,70,67,60,9,230,326,0,0,400,1119,30,81,30,80,170,34,1400,13874,310,743,260,591,180,249,60,51,0,0,1010,10578,1210,12114,0,0,40,308,390,2265,1030,3098
TX,76857,0,690,270,350,60,390,1320,340,0,0,0,35598,690,36079,490,21216,180,66,120,226,110,180,0,0,140,2386,110,1855,90,1523,220,4532,100,30,112,150,1657,0,0,180,481,0,0,0,0,20,87,0,0,30,23,0,0,0,0,80,1662,8970,0,0,60,122,70,168,70,330,40,267,60,332,520,23919,500,3929,0,0,0,0,160,180,20,3,0,0,30,30,30,4,80,114,0,0,110,345,0,0,0,0,60,15,640,4691,120,261,100,207,60,76,30,24,0,0,480,3632,530,4102,0,0,0,0,140,997,520,1425
TX,76858,0,110,40,40,0,80,230,90,0,0,0,5248,110,5248,80,2591,20,3,20,16,0,0,0,0,0,0,0,0,0,0,0,0,0,0,0,0,0,0,0,0,0,0,0,0,0,0,0,0,0,0,0,0,0,0,0,0,0,0,0,0,0,0,0,0,0,0,0,0,0,0,80,3360,80,452,0,0,0,0,30,30,0,0,0,0,0,0,0,0,0,0,0,0,0,0,0,0,0,0,0,0,90,521,20,47,20,39,0,0,0,0,0,0,70,414,80,458,0,0,0,0,0,0,70,188
TX,76859,0,790,320,340,110,600,1560,480,0,0,0,38628,790,39493,580,21830,190,109,110,472,100,308,0,0,240,3137,130,2927,60,599,180,4201,110,0,0,120,1294,60,561,270,865,0,0,0,0,60,309,0,0,20,16,0,0,0,0,90,2256,10272,0,0,90,115,70,208,90,430,30,143,60,264,540,25768,530,4413,0,0,0,0,190,179,40,3,0,0,30,27,30,5,100,123,0,0,210,502,0,0,0,0,100,16,720,6330,200,506,160,422,120,143,30,25,0,0,470,4090,600,4793,0,0,0,0,170,646,550,1721
TX,76861,0,930,380,440,90,650,2000,700,0,0,0,51979,930,52881,750,34872,260,268,130,263,130,170,0,0,180,2497,130,1328,70,760,160,3231,180,0,0,130,1544,70,2048,290,902,30,8,0,0,40,234,0,0,60,58,0,0,40,114,100,2043,10067,0,0,70,122,80,200,100,361,60,396,80,318,730,35335,730,6187,0,0,0,0,300,395,40,0,50,29,50,53,60,10,190,272,0,0,200,624,0,0,0,0,110,23,840,7550,160,383,130,330,120,165,40,36,0,0,660,5791,740,6582,0,0,0,0,230,1257,640,1947
TX,76864,0,280,90,160,30,200,590,170,0,0,0,13383,280,13529,190,7001,130,115,100,142,90,100,0,0,60,408,70,405,40,289,100,2585,130,0,0,70,911,0,0,90,146,0,0,0,0,0,0,0,0,0,0,0,0,0,0,40,907,3287,0,0,40,47,30,78,40,129,0,0,30,149,210,8271,200,1206,0,0,0,0,70,58,0,0,0,0,0,0,0,0,40,41,0,0,60,92,0,0,0,0,0,0,260,1701,60,136,40,105,40,47,0,0,0,0,180,1144,230,1288,0,0,0,0,60,140,190,577
TX,76866,0,220,100,110,20,140,450,130,0,0,0,10975,220,11092,170,6560,80,34,50,42,40,23,0,0,60,379,30,114,30,328,60,1016,50,0,0,40,609,0,0,90,117,0,0,0,0,0,0,0,0,0,0,0,0,0,0,30,474,2010,0,0,20,26,20,46,20,83,0,0,0,0,160,7144,160,1146,0,0,0,0,60,49,0,0,0,0,0,0,20,3,30,34,0,0,60,90,0,0,0,0,0,0,200,1547,50,120,40,93,30,39,0,0,0,0,140,1085,170,1288,0,0,0,0,50,214,140,457
TX,76871,0,320,130,150,40,220,610,160,0,0,0,14987,320,15194,230,9310,80,27,50,47,40,37,0,0,80,430,50,917,20,199,100,2367,120,0,0,50,717,0,0,100,207,0,0,0,0,0,0,0,0,0,0,0,0,0,0,30,524,3290,0,0,30,41,20,32,30,106,0,0,20,110,240,9765,240,1341,0,0,0,0,70,61,0,0,0,0,0,0,0,0,30,39,0,0,80,98,0,0,0,0,0,0,300,1725,70,164,60,126,40,52,0,0,0,0,220,1272,250,1422,0,0,0,0,70,301,230,616
TX,76872,0,280,100,150,20,200,540,140,0,0,0,15760,280,15876,180,7516,80,53,90,246,90,108,0,0,50,275,70,1287,30,407,110,3136,90,0,0,80,982,0,0,80,116,0,0,0,0,0,0,0,0,0,0,0,0,0,0,50,983,4935,0,0,40,59,30,61,50,143,0,0,30,222,200,10808,200,1734,0,0,0,0,70,75,0,0,0,0,0,0,0,0,40,61,0,0,40,67,0,0,0,0,0,0,240,1826,30,87,30,63,0,0,0,0,0,0,190,1652,210,1798,0,0,0,0,80,344,180,526
TX,76875,0,280,130,140,0,220,540,150,0,0,0,13420,280,13936,210,8697,110,58,50,185,50,117,0,0,70,606,70,188,30,112,50,522,60,0,0,40,520,30,461,100,516,0,0,0,0,30,164,0,0,0,0,0,0,20,52,30,588,2483,0,0,30,34,20,46,30,104,0,0,20,88,220,8690,220,1280,0,0,0,0,90,99,0,0,0,0,0,0,0,0,50,72,0,0,70,269,0,0,0,0,20,4,230,1519,30,58,20,45,20,30,0,0,0,0,200,1181,230,1477,0,0,0,0,90,390,150,383
TX,76877,0,1690,640,720,310,1330,3580,1260,0,0,0,79116,1690,80204,1330,49265,380,428,280,986,230,643,0,0,400,3892,220,6035,130,1657,330,7635,270,30,62,270,3112,120,3345,500,1088,40,10,0,0,70,301,30,140,80,70,0,0,0,0,180,4074,20186,0,0,160,283,150,458,180,774,80,599,140,1035,1170,50446,1150,8747,0,0,0,0,460,454,40,7,30,12,60,68,100,15,280,319,0,0,350,717,0,0,0,0,150,30,1590,11274,480,1262,410,1069,350,496,60,52,0,0,970,8130,1230,9073,0,0,20,110,370,1964,1260,3666
TX,76878,0,650,280,270,90,380,1270,370,0,0,0,33508,650,33985,520,20173,160,192,80,359,70,207,0,0,130,1295,80,543,50,697,150,2462,110,20,56,110,1031,0,0,160,477,0,0,0,0,20,85,0,0,30,20,0,0,0,0,60,1408,10818,0,0,60,89,40,113,60,212,30,276,40,562,470,22455,460,4153,0,0,0,0,160,167,0,0,0,0,20,20,30,5,90,106,0,0,100,241,0,0,0,0,80,15,620,4887,160,381,140,339,110,126,30,18,0,0,420,3966,490,4455,0,0,0,0,130,528,500,1278
TX,76882,0,100,40,60,0,80,210,40,0,0,0,4993,100,5030,60,2500,30,10,0,0,0,0,0,0,40,282,0,0,0,0,30,532,40,0,0,20,253,0,0,30,37,0,0,0,0,0,0,0,0,0,0,0,0,0,0,0,0,0,0,0,0,0,0,0,0,0,0,0,0,0,80,3134,70,462,0,0,0,0,0,0,0,0,0,0,0,0,0,0,0,0,0,0,30,42,0,0,0,0,0,0,90,522,0,0,0,0,0,0,0,0,0,0,70,438,90,542,0,0,0,0,30,36,60,119
TX,76890,0,400,140,210,30,220,790,210,0,0,0,17437,390,17643,290,11565,110,38,60,57,50,45,0,0,100,765,50,146,40,384,110,2936,120,0,0,70,841,0,0,100,206,0,0,0,0,0,0,0,0,0,0,0,0,0,0,40,821,3247,0,0,30,44,30,61,40,135,0,0,30,123,280,10438,270,1519,0,0,0,0,110,135,0,0,0,0,0,0,40,7,70,88,0,0,70,164,0,0,0,0,20,5,360,2113,80,197,70,154,50,60,30,18,0,0,240,1385,300,1638,0,0,0,0,80,188,300,782
TX,76901,0,13320,6200,4950,1950,6560,25890,8400,500,300,210,725055,13320,732897,11490,506445,2480,3934,1510,10358,1420,7590,50,31,2060,25428,1370,34507,1080,15386,2520,51982,250,250,1097,1570,18506,490,28827,2920,7842,290,74,30,630,330,1739,150,712,900,852,110,237,50,287,1860,40371,231286,70,257,1440,2835,1560,6223,1800,9623,1250,7735,1340,9893,10470,500282,10420,91720,130,378,110,71,4240,4603,410,52,630,346,720,678,990,145,2470,3131,150,39,1570,4618,150,439,180,498,1320,283,12850,116376,2920,6966,2570,6294,1920,2544,650,522,70,33,9250,87059,10180,94178,110,226,190,1367,2070,12704,10770,31547
TX,76903,0,14150,6760,4340,2850,7490,27710,9940,840,510,340,542153,14150,547212,12480,407307,1670,2241,910,9183,820,7832,0,0,2060,13490,770,11859,750,9725,2190,36352,160,310,1266,1270,12354,250,21854,2330,5059,150,36,0,0,190,887,100,389,600,588,60,151,0,0,1030,23508,111616,50,132,740,1200,690,2091,990,3679,530,2963,680,4501,9900,323306,9870,55396,40,130,100,57,3940,4050,190,43,450,224,520,438,1180,181,2460,2898,120,32,1410,3159,180,529,190,583,2000,397,13700,87590,4600,11659,4140,10602,3030,3940,500,397,70,28,8410,51483,9850,56515,30,43,60,931,1560,7434,12230,36451
TX,76904,0,15570,7280,6640,1440,7710,29190,8060,360,170,190,1234018,15570,1253489,12880,715804,4650,9788,3200,29220,2980,22035,70,71,2780,63195,2900,90395,1880,33353,3510,87625,500,210,1054,2570,36209,1110,74295,4570,19471,560,148,140,3131,740,4503,350,1890,1400,1448,190,424,150,1431,3780,87276,566788,90,425,3140,6436,3370,15985,3710,23656,2670,18276,3000,25368,13150,944218,13060,188985,260,1335,90,59,5120,6061,1010,764,840,457,1130,1120,870,132,2450,3283,210,70,2300,9618,150,399,160,455,910,232,14920,215869,1900,4168,1620,3693,1250,1570,960,811,60,26,12120,185542,12770,199646,300,533,450,5204,3320,25228,11400,33893
TX,76905,0,5210,2150,2230,760,2550,11220,4130,230,150,80,249252,5210,252418,4610,198847,950,885,510,1246,470,801,0,0,830,8751,460,4161,350,4435,920,16528,260,110,428,510,5849,160,5303,1230,3166,140,36,0,0,130,753,60,275,390,377,40,86,50,148,630,11854,56054,20,51,460,800,500,1447,590,2437,430,2471,450,2462,4110,157808,4090,24536,40,48,30,18,1850,2405,110,14,320,176,320,331,420,67,1260,1738,50,17,640,1936,70,185,60,187,500,108,5070,35012,1210,3007,1080,2692,900,1234,290,237,30,12,3550,22126,3930,24447,30,27,40,85,710,3646,4370,13762
TX,76932,0,1670,630,760,260,1150,3790,1520,0,0,0,127060,1670,128599,1530,91893,270,119,110,1171,90,706,0,0,390,1570,120,2708,70,509,160,1883,140,20,111,110,1299,80,10377,350,1539,60,16,0,0,40,216,0,0,70,79,0,0,0,0,270,8120,36669,0,0,210,316,120,297,250,691,80,425,150,1116,1340,93273,1330,19984,30,65,0,0,550,749,0,0,0,0,70,67,80,16,430,618,0,0,220,959,0,0,0,0,200,65,1600,22569,300,780,260,710,250,341,60,51,0,0,1170,19322,1320,20838,0,0,40,484,250,4884,1370,5604
TX,76933,0,580,240,270,60,340,1180,370,0,0,0,34778,580,35172,490,22668,150,155,110,356,90,194,0,0,120,991,110,1602,60,683,150,2557,110,0,0,90,1167,20,570,150,394,0,0,0,0,0,0,0,0,0,0,0,0,0,0,100,2087,12632,0,0,80,133,70,155,100,331,40,247,70,684,440,24604,440,4432,0,0,0,0,160,172,20,1,0,0,30,27,0,0,100,129,0,0,100,197,0,0,0,0,40,10,540,5235,100,256,100,220,60,77,30,18,0,0,410,4150,450,4511,0,0,0,0,110,438,420,1172
TX,76934,0,440,190,200,40,250,890,260,0,0,0,20022,440,20134,380,15887,70,12,40,68,30,39,0,0,70,341,30,179,0,0,110,2020,30,0,0,70,649,0,0,90,112,0,0,0,0,0,0,0,0,0,0,0,0,0,0,40,650,3705,0,0,30,40,30,81,40,139,30,162,0,0,350,12728,350,1909,0,0,0,0,130,126,0,0,0,0,0,0,40,5,70,95,0,0,50,80,0,0,0,0,60,10,430,2658,90,209,70,186,50,74,0,0,0,0,310,1783,340,1946,0,0,0,0,60,139,350,915
TX,76935,0,760,280,410,50,460,1630,500,0,0,0,65559,760,66738,610,37127,250,568,150,1013,150,589,0,0,190,5195,170,5414,90,2271,160,3905,130,0,0,130,1752,90,3801,270,1179,20,5,0,0,50,337,0,0,70,53,0,0,0,0,200,4291,32402,0,0,170,390,170,698,190,1137,150,1392,160,1036,620,50522,610,10074,0,0,0,0,250,347,50,50,30,17,40,39,20,5,150,211,0,0,160,723,0,0,0,0,50,15,700,10807,100,187,90,159,60,70,40,29,0,0,570,9628,610,10646,20,30,40,164,190,2096,520,1599
TX,76936,0,1210,470,570,150,850,2620,910,40,0,40,80510,1210,81994,1010,51772,320,206,140,307,130,175,0,0,320,4148,150,1701,90,1510,190,4278,180,0,0,160,2010,80,2254,340,1484,40,11,0,0,70,394,0,0,60,55,0,0,0,0,200,5781,19675,0,0,150,260,130,321,180,656,80,478,130,799,920,57842,920,11395,0,0,0,0,360,469,30,1,20,13,50,46,60,8,240,355,0,0,230,1016,0,0,0,0,150,43,1140,12675,230,596,210,521,170,229,40,32,0,0,840,10875,950,12296,0,0,20,166,250,3212,910,3235
TX,76937,0,120,50,60,0,80,250,90,0,0,0,4780,120,4823,90,3353,30,4,20,2,0,0,0,0,0,0,0,0,0,0,0,0,20,0,0,0,0,0,0,30,43,0,0,0,0,0,0,0,0,0,0,0,0,0,0,0,0,0,0,0,0,0,0,0,0,0,0,0,0,0,80,2852,80,400,0,0,0,0,30,38,0,0,0,0,0,0,0,0,0,0,0,0,20,25,0,0,0,0,0,0,90,509,0,0,0,0,0,0,0,0,0,0,70,353,100,434,0,0,0,0,20,56,70,186
TX,76940,0,90,40,50,0,70,220,70,0,0,0,4550,90,4550,80,3168,20,8,0,0,0,0,0,0,0,0,0,0,0,0,0,0,0,0,0,0,0,0,0,0,0,0,0,0,0,0,0,0,0,0,0,0,0,0,0,0,0,0,0,0,0,0,0,0,0,0,0,0,0,0,70,2859,70,479,0,0,0,0,20,16,0,0,0,0,0,0,0,0,0,0,0,0,0,0,0,0,0,0,0,0,80,616,20,51,20,46,0,0,0,0,0,0,60,455,70,437,0,0,0,0,0,0,60,172
TX,76941,0,630,270,310,60,420,1250,360,0,0,0,72891,630,73875,500,35284,170,162,120,468,100,356,0,0,160,3865,110,849,50,496,120,2438,80,0,0,100,1387,50,6643,230,984,0,0,0,0,40,211,0,0,50,41,0,0,0,0,110,2839,31055,0,0,100,213,80,188,100,419,50,363,80,1386,520,61086,520,16603,0,0,0,0,180,228,30,3,0,0,40,42,0,0,100,157,0,0,150,684,0,0,0,0,60,17,590,18678,80,165,80,150,40,56,30,26,0,0,480,16590,520,17819,0,0,30,388,170,2303,410,1302
TX,76943,0,1690,680,770,230,1170,3640,1280,0,0,0,128869,1690,130054,1480,75853,330,409,180,763,170,460,0,0,330,3842,160,5861,80,1101,250,5028,150,30,97,200,2385,100,3460,390,1185,40,13,0,0,40,328,0,0,70,84,0,0,20,9,210,5131,25193,0,0,170,251,100,223,190,543,70,426,150,896,1340,97872,1330,20979,20,70,0,0,530,682,40,3,20,10,60,57,60,11,400,541,0,0,250,870,0,0,0,0,210,53,1600,19560,330,838,300,751,240,307,60,38,0,0,1200,20298,1340,22199,0,0,40,789,330,7676,1280,4417
TX,76945,0,740,290,380,90,490,1500,410,0,0,0,40479,740,41138,590,27410,200,139,130,507,120,403,0,0,160,2698,130,1299,110,1107,190,4022,120,0,0,140,1592,40,746,210,659,20,6,0,0,30,131,0,0,50,38,0,0,0,0,110,2167,9625,0,0,90,131,80,139,110,294,50,217,70,597,560,27443,560,4343,0,0,0,0,190,198,30,2,0,0,20,21,30,4,110,156,0,0,140,406,0,0,0,0,50,11,690,5568,130,296,110,260,70,104,20,14,0,0,520,4080,580,4566,0,0,0,0,160,638,540,1472
TX,76950,0,1810,690,840,250,1400,3880,1340,0,0,0,144065,1810,145875,1590,89774,450,692,280,2477,250,1547,0,0,430,6049,280,7934,90,1086,310,5703,190,20,122,210,2673,140,4811,470,1810,40,13,0,0,70,467,20,133,80,77,0,0,0,0,290,7922,41604,0,0,240,495,190,847,270,1502,130,1241,180,2476,1460,109216,1440,21799,40,169,0,0,560,854,60,35,30,17,80,87,70,10,370,511,0,0,340,1264,20,56,20,62,210,53,1690,24954,340,823,280,735,240,288,70,63,0,0,1330,20956,1450,22857,20,43,60,371,350,3854,1350,4977
TX,76951,0,550,200,270,70,420,1230,440,0,0,0,64891,550,65479,460,24848,150,379,100,524,100,441,0,0,140,1184,110,4842,30,381,90,2326,70,0,0,70,941,70,2591,170,588,0,0,0,0,30,174,0,0,30,24,0,0,0,0,80,2201,16949,0,0,60,126,50,169,80,309,40,198,60,724,440,54217,440,14045,0,0,0,0,190,232,30,7,0,0,0,0,0,0,120,179,0,0,110,319,0,0,0,0,80,25,530,14555,90,209,80,182,50,69,0,0,0,0,400,13813,450,15180,0,0,40,881,140,2857,380,1256
TX,76957,0,180,70,100,0,120,400,160,0,0,0,19918,180,20249,150,10719,60,21,40,75,40,58,0,0,40,690,40,676,0,0,0,0,30,0,0,0,0,20,1112,70,331,0,0,0,0,0,0,0,0,0,0,0,0,0,0,50,1178,9905,0,0,50,117,50,244,50,375,50,416,40,246,140,12946,140,2687,0,0,0,0,70,73,0,0,0,0,0,0,0,0,30,40,0,0,50,268,0,0,0,0,0,0,160,2743,0,0,0,0,0,0,0,0,0,0,140,2551,150,2883,0,0,0,0,60,547,110,286
TX,77002,0,4010,2880,840,190,1850,5640,950,60,40,30,1557292,4010,1576487,3470,576447,1370,46860,1260,125537,1170,111800,130,1285,680,33443,1140,406430,180,5789,330,8137,50,100,485,210,4023,520,173195,1270,19195,70,16,90,4188,220,2023,70,326,380,473,50,112,80,6172,1200,150825,1285201,220,10935,800,2271,890,15800,1140,29528,690,8243,890,100788,3550,1373063,3520,405244,230,4898,0,0,1070,15581,660,13378,50,33,200,222,70,12,100,104,20,5,600,6422,30,67,40,78,170,50,3810,531058,370,423,300,317,100,126,160,149,0,0,3410,408379,3540,424437,460,1868,530,23697,1090,16167,2560,109155
TX,77003,0,5020,3070,980,900,2330,8600,2750,250,250,0,310000,5020,313377,4580,276605,780,513,620,1312,600,1067,30,29,990,10810,580,4059,120,1678,330,5474,0,150,707,110,1177,170,7875,1430,3377,100,24,0,0,70,241,50,158,490,532,80,183,0,0,1240,23911,152524,60,318,870,1741,960,5211,1190,7478,930,7664,870,3236,3840,230144,3840,46512,60,137,40,16,1210,1745,200,778,120,76,340,328,220,42,470,459,60,18,740,1730,90,239,100,247,450,87,4870,56318,1200,3265,1060,2786,850,1173,380,341,40,19,3420,44766,3960,47143,150,185,110,127,900,3649,4060,12329
TX,77004,0,13260,8240,2320,2510,6240,21380,6320,460,360,100,928689,13260,941341,11710,710736,2590,3659,2080,21070,1930,11269,140,296,2680,34071,1880,49409,610,17069,1540,40383,40,410,2077,830,12164,640,38890,3640,12652,330,84,110,3103,270,1418,170,675,1150,1370,220,597,30,380,3080,75737,481431,150,1733,2350,5105,2380,14769,2970,22024,2030,17596,2470,16968,9840,713694,9810,155655,330,1243,120,65,3380,6491,750,3838,410,236,1160,1088,490,80,950,931,120,51,1940,5556,210,406,240,454,800,152,12830,177586,3180,7818,2900,6770,1870,2447,1470,1375,100,32,8740,149675,9930,158138,560,881,530,1871,2470,15851,10400,30974
TX,77005,0,11270,5040,5630,430,6700,22810,6950,90,30,60,4432422,11270,4509091,8780,2449776,7040,47331,6920,192111,6670,148858,320,1637,2860,173855,6570,638246,1640,63370,1770,59433,150,140,806,1790,38869,3180,737360,4150,76669,160,39,790,33571,1150,12279,240,1701,470,550,120,362,250,8057,6360,345994,3549721,590,15435,5260,20156,5690,117133,6250,154233,4220,71105,5670,115859,10170,4014729,9950,1190623,2180,13646,50,38,4890,22542,3580,19140,700,408,420,481,120,24,370,445,190,132,2920,29179,80,231,100,249,160,79,10470,1254737,260,289,170,204,120,144,270,243,50,28,9750,1176352,10070,1244141,3370,14797,3620,28249,4090,102120,5200,56378
TX,77006,0,12480,9140,2660,500,4860,17210,2420,120,60,50,1623786,12480,1649679,11030,1111069,4350,15910,4080,47213,3890,35141,250,542,2340,70217,3740,175461,870,23356,1110,26005,50,260,1273,870,16125,1330,106818,4390,25893,340,82,240,7428,650,3839,270,1289,1590,1916,200,486,70,1537,3910,125171,987394,320,4074,3050,7579,3250,31203,3800,52806,2740,28759,3100,27774,11410,1392247,11340,334857,630,4013,140,77,3220,14634,1690,12320,230,136,700,739,270,47,380,386,130,44,2040,10070,220,468,250,547,540,133,11940,340239,620,639,430,505,250,361,440,378,100,56,11000,322456,11390,341096,1250,2292,1250,7357,3570,39411,8160,26181
TX,77007,0,20720,13800,5560,1070,8530,31170,5370,250,120,130,3530576,20720,3574357,18830,2412005,7950,37286,7460,79997,7110,60911,400,1881,3590,112960,6770,518298,1090,28474,1620,35591,80,440,2246,880,15649,2270,284381,6630,43781,520,122,380,12390,890,5649,390,1831,2270,2680,310,766,160,3728,8440,250309,2409019,530,11833,6490,17409,7260,68215,8260,99435,6710,70837,6490,53919,19080,3092108,19000,766992,1280,6535,120,77,5680,25038,3200,20503,600,339,950,1029,370,68,790,821,230,93,2990,16700,190,448,230,496,710,206,20000,810932,1120,1985,880,1565,630,837,690,581,90,40,18470,749155,19150,781821,2820,5680,2620,15727,5900,66934,13770,75181
TX,77008,0,17220,10170,5640,1120,7280,28410,5970,230,100,130,2234048,17220,2265297,15080,1736869,6830,10083,5930,37068,5610,26515,230,645,3270,94664,5250,127510,1260,26279,1950,40327,90,360,1940,1210,18341,1760,141445,5520,31249,590,149,340,8981,780,4774,350,1797,1680,1901,240,587,110,1292,7430,181825,1548060,350,3547,5850,14968,6570,53241,7280,72687,5940,60933,5980,30702,15540,1885883,15450,443578,940,3026,120,100,4930,15510,2330,12383,820,467,760,790,420,73,1030,1103,280,118,2790,13980,190,516,230,583,780,219,16530,456210,1140,2117,870,1693,680,870,540,463,100,62,14930,428740,15630,451563,2130,3302,1870,4500,4880,45016,11480,39879
TX,77009,0,17410,9530,4550,3190,9470,33280,11980,600,410,180,1117826,17410,1132479,14910,893048,3180,2720,2340,12994,2180,9875,100,147,3840,57848,2050,44903,720,11008,1600,29859,40,450,2156,940,11033,720,45363,4790,14653,380,95,120,2867,370,2041,220,958,1080,1123,150,325,40,735,3720,79121,581240,110,880,2940,6163,2990,20491,3620,28718,2710,23604,2810,12787,12910,826867,12880,176844,350,984,180,121,4830,7925,830,3764,660,381,970,918,890,151,2310,2387,220,92,3200,8942,330,962,370,1067,1940,403,16660,207510,4300,11074,3670,9005,3220,4481,1050,891,150,61,11340,168918,13680,181334,720,1107,660,1244,3370,18337,13530,40559
TX,77010,0,400,180,190,0,310,700,130,0,0,0,339685,400,343331,310,124197,260,2041,240,23873,230,21511,30,199,80,3846,230,69282,50,2687,70,4144,0,0,0,70,1502,110,20714,120,3646,0,0,20,1115,30,367,0,0,0,0,0,0,0,0,180,19437,179493,60,2320,110,368,110,2575,170,5326,70,1191,130,9404,380,317018,380,85057,60,717,0,0,200,2824,160,2581,0,0,0,0,0,0,0,0,0,0,80,1192,0,0,0,0,0,0,380,94674,0,0,0,0,0,0,0,0,0,0,360,84255,380,88280,150,751,180,3435,160,4646,170,6622
TX,77011,0,7430,3400,2030,1940,4900,16490,7350,500,470,30,233514,7430,235239,6370,197712,390,155,120,171,100,76,0,0,1540,15206,110,1415,130,1169,490,5517,0,250,1088,240,1754,40,8331,1630,1725,60,14,0,0,0,0,0,0,220,225,30,56,0,0,590,11060,34082,0,0,460,774,250,687,530,1683,180,908,380,1227,4850,115527,4850,18117,0,0,90,58,2200,2221,0,0,160,108,430,382,520,87,1440,1575,70,27,1310,2435,150,408,170,469,1290,262,7100,32921,2520,6987,2190,5730,2160,3023,440,375,60,15,3840,15873,5250,18910,0,0,0,0,960,2363,6370,19209
TX,77012,0,7700,3260,2270,2140,5400,18120,8480,320,260,60,230733,7700,232542,6640,204293,370,102,80,89,60,40,0,0,1710,15724,60,160,110,1043,460,5416,0,270,1336,200,1496,20,291,1680,1809,50,11,0,0,0,0,20,53,160,137,30,64,0,0,690,12991,35112,0,0,510,844,230,541,590,1589,190,942,400,1370,4970,102748,4970,13981,0,0,70,38,2540,2563,0,0,210,132,470,424,540,99,1740,1840,90,35,1430,2546,140,413,140,441,1440,303,7380,33564,2570,7357,2240,5973,2570,3702,510,427,50,25,3720,11418,5370,14382,0,0,0,0,930,1668,6690,20895
TX,77013,0,6960,2990,1950,1980,4720,16310,7670,240,200,40,238755,6960,240563,5890,196343,550,416,220,765,200,538,0,0,1560,13082,180,1272,200,2693,730,12415,0,250,1214,390,4314,40,3016,1570,1808,80,20,0,0,20,43,20,60,210,198,40,80,0,0,750,14630,50949,20,38,580,1020,370,919,700,2292,300,1348,530,2487,4620,120816,4620,18494,0,0,50,27,2310,2468,30,4,230,153,450,408,400,64,1560,1745,140,77,1230,2289,110,372,120,410,1020,230,6670,34830,2280,6565,1980,5324,2210,3248,590,508,50,14,3540,15906,4800,18756,0,0,0,0,860,2148,5990,19088
TX,77014,0,14120,6280,3450,4200,7950,29620,12910,350,210,150,530352,14120,535819,12570,464276,1050,439,530,915,480,638,30,25,3410,20154,470,3440,360,5616,1370,23361,20,570,2889,500,5735,170,6551,3660,5467,360,91,0,0,80,281,150,556,850,912,150,400,0,0,2850,56042,205059,60,102,2240,3791,2070,7542,2730,12285,1980,11695,2320,12657,9600,291454,9640,45578,60,136,150,93,4730,5191,90,9,890,540,1450,1418,820,137,2660,2859,170,93,2300,4532,320,990,350,1058,1500,313,13680,79091,4850,13829,4330,11642,3940,5308,1970,1831,130,53,7520,40378,9720,45929,30,25,40,27,1950,5756,12030,38638
TX,77015,0,23480,9950,7500,5810,15090,54530,24860,520,440,80,919106,23480,926291,20450,780430,2140,2179,960,2763,840,2055,60,30,4910,44345,780,4575,810,13916,2320,44631,70,920,4244,1290,16136,250,7448,5150,7185,460,117,0,0,130,591,160,639,860,789,160,357,0,0,3310,66858,244489,100,187,2570,4851,2100,5934,3070,11905,1850,9653,2460,13654,16540,504244,16530,77823,100,161,190,153,8070,9111,130,14,1000,617,1840,1733,1440,245,5280,6240,380,172,3690,7850,390,1108,400,1195,3510,856,22710,136186,7060,20026,6190,16355,6660,9737,2170,1840,180,92,12980,68713,16800,78167,50,71,60,80,2960,7980,20190,65401
TX,77016,0,13000,6060,2190,4590,7770,26240,11550,590,260,330,356725,13000,359691,10770,293724,830,256,270,187,210,117,0,0,3040,13643,200,434,410,4451,1950,33254,50,500,2092,960,8353,40,297,2740,2966,210,52,0,0,20,48,90,274,410,387,60,146,0,0,1560,29012,78439,30,57,1200,1825,770,1776,1430,4347,600,3037,1270,7544,7870,160683,7870,22362,0,0,90,53,3540,3320,0,0,540,320,970,871,760,131,1900,1867,170,91,2020,3411,200,523,210,564,1340,251,12490,56517,5420,15485,4960,13149,3920,5339,1540,1480,80,27,5990,19043,8310,22971,0,0,0,0,1430,2502,11350,36256
TX,77017,0,13530,6050,4170,3220,8650,30480,13520,540,420,120,492839,13530,496812,11470,398485,1060,1540,470,2106,440,1467,20,13,3110,29029,420,16024,400,5494,1100,17056,20,520,2403,630,6388,130,4592,3240,3973,160,40,0,0,40,107,70,222,460,414,80,178,0,0,1700,38109,130281,50,87,1250,2268,840,2333,1510,5264,710,3716,1070,4759,9180,256612,9180,39790,40,86,170,101,4510,5321,80,568,430,262,990,912,950,178,2900,3267,170,100,2500,4877,310,966,330,1071,2260,505,12950,72331,4350,12181,3720,9785,3890,5567,1110,937,120,54,7140,33563,9760,39660,0,0,20,623,1890,4917,11450,36507
TX,77018,0,12640,6340,4580,1600,6160,24290,7620,280,130,160,1309698,12640,1329161,10570,964724,4240,7879,3550,20159,3300,14733,70,225,2720,55926,3040,60467,1220,20752,1770,38747,90,320,1565,1280,18603,1050,111601,3640,19463,390,96,180,3679,450,2507,260,1349,850,903,110,280,60,3078,4660,109308,856190,100,898,3820,9122,4130,29392,4580,41041,3590,33753,3800,21069,10290,1058697,10230,244572,590,1693,120,103,3830,8395,1190,4935,840,465,580,590,370,66,1350,1556,240,138,2180,8199,180,540,220,633,850,187,12030,261774,1670,4135,1400,3403,1340,1846,590,520,80,35,9530,236339,10520,248888,1030,1509,960,1970,3200,23693,8810,31849
TX,77019,0,12410,8130,3260,800,6010,18690,3550,140,110,40,4526213,12410,4581310,10460,1755208,5370,83265,5150,293302,4940,247352,360,3572,2560,139759,4850,974179,1040,49471,1280,36010,110,220,1011,1180,25197,2220,594465,4400,55097,270,67,400,18155,840,7290,240,1305,1240,1519,160,386,290,10138,4750,362949,3782895,490,22011,3750,13211,3980,83042,4650,125609,3090,41777,3990,193769,11190,4060839,11070,1111341,1140,14578,60,32,3940,21723,2550,18001,270,145,620,673,220,37,400,408,130,139,2330,20666,130,283,150,297,370,121,11830,1256338,860,1885,700,1557,480,610,490,430,70,35,10690,1128352,11210,1183809,1830,8664,2160,60336,3650,84678,7460,99618
TX,77020,0,10570,4820,2500,3180,6800,23400,10730,470,430,50,332830,10570,335564,9100,287710,600,328,230,611,200,411,0,0,2330,20427,210,1129,170,1587,820,11443,0,360,1610,340,2931,80,5865,2340,2734,80,22,0,0,30,51,40,95,300,267,50,120,0,0,980,17747,70497,20,52,740,1221,480,1789,900,3340,380,2459,660,2777,6550,167421,6560,26238,20,40,100,55,3060,3019,40,9,320,209,650,572,720,122,1880,1984,80,38,1900,3456,190,590,200,687,1760,355,10190,55390,4180,12292,3780,10175,3400,4881,1010,899,80,23,5120,23155,7260,27180,30,19,30,50,1250,2846,9190,30481
TX,77021,0,12380,6550,1860,3820,6840,22860,9120,560,430,120,479169,12380,485183,10580,386286,1270,1122,760,3541,680,2500,30,26,2730,17662,610,8456,440,5920,1700,37445,20,440,2058,820,8430,210,13906,2950,6014,290,68,30,1154,80,478,100,342,780,866,150,406,0,0,1790,39035,187389,60,405,1410,2515,1110,5589,1670,8950,930,7455,1480,11067,7940,292942,7950,54377,110,292,70,33,3190,3087,180,202,460,270,1070,950,640,100,1420,1336,100,33,1750,3621,190,501,190,511,1030,194,12010,84725,4610,13181,4290,11429,3100,4092,1640,1540,80,36,6480,51341,8210,56056,160,247,150,325,1500,5944,10630,33004
TX,77022,0,11760,5590,2890,3140,7560,25480,11350,510,360,150,346135,11760,349577,9700,286419,710,385,280,417,230,290,0,0,2990,27494,230,3014,250,2828,980,14346,20,330,1423,470,3776,100,3557,2970,3442,140,31,0,0,30,105,60,193,360,348,60,135,0,0,1050,19194,63146,20,32,820,1236,500,1538,960,3027,390,2097,700,2828,7280,165071,7290,24277,30,77,150,95,3350,3390,40,139,370,213,690,615,750,137,2140,2132,90,47,2420,4465,250,788,270,841,1870,369,11150,51761,4400,12425,3810,10067,3640,5139,960,845,90,51,5630,20512,8130,25714,0,0,0,0,1650,4262,9920,30170
TX,77023,0,11820,5740,3440,2570,7100,25060,10310,650,560,80,446576,11820,450518,10190,379896,1090,1295,550,1435,500,992,0,0,2370,23785,490,5122,370,4365,1030,16281,20,400,1918,530,5240,170,6855,2760,3942,180,42,0,0,100,341,60,259,580,597,110,201,0,0,1290,24204,103755,20,40,990,1660,790,2952,1210,4998,680,4036,880,3555,8370,255708,8360,41409,50,146,160,89,3680,3916,110,228,340,232,860,768,830,143,2180,2415,140,57,1970,3955,260,797,290,860,1840,410,11300,66674,3260,8736,2820,7063,2860,4062,860,714,110,69,6840,37244,8680,42011,50,57,50,140,1730,4539,9890,28575
TX,77024,0,17380,8150,7880,1060,10660,34580,10940,200,120,80,8629472,17380,8749909,12720,3383123,9800,141341,9350,496008,9000,386494,340,3238,4160,246305,9100,2285476,2740,118811,2780,87501,280,240,1444,3280,69606,4950,1538748,6060,120437,280,72,790,35036,1580,17547,410,2975,720,872,160,419,600,35013,8560,685980,7582700,570,23586,7290,31034,7580,167053,8410,225327,5030,88475,7500,363641,15160,7809746,14810,2307814,2690,23785,120,100,6990,75246,4720,57895,600,372,780,901,290,60,950,1069,180,101,4060,40368,240,760,270,891,540,242,15880,2547197,900,1785,690,1273,550,707,640,585,110,79,14240,2284108,15060,2390918,3530,22341,4430,89413,5820,157209,8440,194422
TX,77025,0,12390,6510,4500,1170,5640,23050,6780,250,170,80,1550619,12390,1574333,10560,1115133,4660,9806,4010,35581,3800,26575,130,221,2510,67510,3730,102022,1200,31949,1680,44213,50,270,1372,1410,24482,1300,114063,3910,23714,340,84,290,7829,520,3798,280,1342,1100,1366,230,616,70,1286,4390,124858,1028308,240,2616,3550,9615,3700,36333,4280,49345,3010,34101,3730,28647,10620,1292611,10520,314792,890,3950,100,53,4260,6531,1570,3205,800,448,920,963,450,78,1130,1237,150,105,2060,10035,170,474,190,507,550,168,11790,330956,1220,2465,990,2104,820,1086,680,618,80,40,9880,306375,10500,324576,1390,2885,1310,4164,3320,32630,8200,28106
TX,77026,0,9920,4690,1570,3560,6150,20540,9440,550,450,110,258334,9920,260522,8430,216919,400,103,130,142,120,89,0,0,2280,14765,100,198,190,2087,1000,15083,0,330,1432,360,2547,20,5087,2170,2188,110,25,0,0,30,50,50,139,240,224,50,119,0,0,880,15800,44583,20,41,650,965,390,932,780,2185,270,1291,680,3671,5770,112701,5780,16799,0,0,80,36,2600,2297,0,0,340,206,590,528,640,111,1490,1344,80,35,1740,2887,170,467,180,492,1310,233,9630,44275,4460,12930,4070,10857,3340,4576,1030,954,80,23,4360,14476,6370,17885,0,0,0,0,1000,1662,8820,28079
TX,77027,0,8300,5280,2390,440,4170,12670,2280,70,40,30,2029150,8300,2059793,6730,942623,3610,29805,3400,148707,3260,120604,180,815,1740,85088,3190,423455,920,34078,1050,30636,70,150,869,1160,24585,1630,238066,3000,30643,190,47,270,9699,600,5145,180,956,890,1126,130,355,180,3697,3100,168735,1561630,290,8013,2550,8893,2440,41944,3010,59679,1750,25678,2620,55463,7530,1790107,7440,481056,860,7979,50,32,2640,13010,1700,11081,210,122,430,458,140,24,300,304,60,27,1530,11833,90,225,100,246,250,99,7830,528050,400,536,280,380,140,161,270,240,40,22,7240,476124,7530,504660,1060,3891,1390,19100,2470,46183,4800,39016
TX,77028,0,7860,3690,1210,2890,4630,15980,7250,300,170,130,209732,7860,211613,6630,175941,400,133,140,96,100,53,0,0,1930,10410,80,131,190,2573,980,15253,40,330,1308,390,3325,30,299,1710,1881,90,20,0,0,0,0,40,145,220,218,50,112,0,0,800,14543,42964,0,0,620,910,360,794,750,2145,280,1344,650,3886,4630,93881,4640,13198,0,0,60,27,2200,1949,0,0,310,194,600,539,530,90,1150,1065,80,44,1330,2326,120,309,130,327,820,142,7570,34866,3490,10219,3200,8720,2540,3511,970,926,50,16,3470,11248,4910,13869,0,0,0,0,820,1667,6920,22706
TX,77029,0,7770,3500,2200,2000,4880,17230,7660,280,250,30,273514,7770,275754,6660,224987,610,498,200,415,170,218,0,0,1590,12956,140,1398,190,1849,830,13467,30,330,1554,370,3456,70,6039,1550,2240,90,23,0,0,0,0,20,70,230,217,40,80,0,0,830,16721,63485,20,51,630,1103,400,1239,750,2657,290,1414,570,2928,5260,143470,5280,23927,30,85,70,48,2480,2817,30,1,220,136,520,468,520,86,1620,1849,100,44,1180,2366,150,473,160,532,1180,269,7510,46388,2500,6732,2180,5536,2090,2980,630,534,60,24,4170,20997,5420,23995,0,0,0,0,970,1944,6730,21108
TX,77030,0,5070,2730,2000,230,2180,9170,2350,60,30,30,867543,5070,880891,4350,547210,2280,5110,1910,28455,1810,22865,110,320,1040,37095,1780,76607,500,17009,640,22591,30,70,363,580,12415,610,114154,1780,13348,90,22,140,4892,250,2014,100,617,550,705,130,365,40,156,1760,60915,575344,140,2324,1410,4081,1500,18278,1720,25122,1120,14095,1520,17887,4570,753059,4500,195886,480,1693,30,20,1870,4244,900,2666,350,198,400,390,120,21,420,489,60,14,910,4976,40,89,50,118,90,25,4840,210747,270,360,210,290,130,155,200,178,0,0,4310,193016,4440,203191,720,1740,730,4147,1470,15315,3160,13330
TX,77031,0,7080,3290,1920,1790,4110,14470,5860,290,230,80,279344,7080,282642,5990,224444,950,974,610,2921,550,2002,0,0,1730,14042,520,4314,410,7004,780,15970,20,190,868,550,7684,160,2557,1920,3298,170,45,0,0,70,350,100,458,390,412,80,170,0,0,1180,21026,82962,20,83,930,1406,820,2175,1120,3954,700,3616,950,4988,4710,165467,4710,27223,30,47,90,59,2140,2781,150,632,280,168,610,607,350,65,1150,1190,80,25,1300,2626,190,600,200,651,810,161,6750,41370,2140,5955,1870,4896,1860,2599,730,669,80,34,3810,24443,4980,27437,30,22,30,71,1200,3462,5710,17067
TX,77032,0,5600,2140,1480,1890,3730,13150,6300,160,70,80,337709,5600,339912,4860,335731,640,496,570,2186,530,1581,0,0,1410,10471,470,15739,120,1434,380,4849,0,170,753,190,1578,80,1084,1380,2203,50,12,0,0,0,0,0,0,140,132,20,38,0,0,620,11849,97943,60,620,430,728,350,1503,550,3005,310,2053,400,2127,3310,247403,3310,65302,60,116,40,25,1800,19836,390,18364,190,121,330,277,260,42,900,910,40,19,1120,1920,70,210,80,243,750,144,5390,45753,2430,8023,2240,6747,2110,3032,650,619,20,5,2510,45468,3760,49050,380,940,340,472,940,21025,4570,17524
TX,77033,0,12870,6170,1860,4710,7490,26020,11820,710,600,110,336156,12870,338665,11040,287671,610,170,250,466,210,384,0,0,2820,10179,140,128,330,3780,1600,25814,20,530,2106,710,5420,20,185,2450,2509,140,34,0,0,20,49,50,126,370,350,80,211,0,0,1250,22808,62944,20,26,930,1484,520,1033,1110,2917,450,2138,1010,5594,7640,147195,7640,20415,0,0,90,47,3580,3147,0,0,440,255,930,826,830,141,1970,1831,120,60,1830,2853,200,508,210,544,1340,238,12520,56445,5750,16967,5340,14596,4260,5735,1680,1620,90,41,5720,17221,7950,20535,0,0,0,0,1150,1833,11560,37888
TX,77034,0,16030,7080,4870,3940,9510,35550,15490,630,520,110,609049,16030,614080,14220,535756,1360,820,630,1684,560,1164,40,17,3220,24794,540,2184,510,6761,1390,20270,30,690,3205,680,7214,150,8854,3550,5031,300,81,0,0,70,254,100,343,740,728,140,306,0,0,2650,51657,175452,70,138,2000,4021,1590,5189,2440,10181,1540,8632,1730,6532,11390,329943,11390,50316,60,105,190,118,5730,6699,120,11,750,473,1460,1357,1110,177,3600,4365,210,98,2400,4767,380,1054,410,1143,2430,594,15530,89853,4820,13484,4210,11099,4170,5859,1730,1490,180,111,9080,43563,11590,49613,0,0,30,29,1890,4972,13920,44865
TX,77035,0,15820,7300,4240,4090,8930,32420,12990,620,470,140,777606,15820,787598,13420,605348,2610,3398,2030,10763,1880,7913,50,44,3670,39318,1690,16241,1000,17990,1810,36988,40,470,2205,1210,16735,510,28345,4190,9992,390,98,80,1609,270,1519,190,799,870,912,130,315,20,298,2990,57726,330567,80,395,2330,4419,2250,10029,2860,15288,1930,13208,2390,11737,10720,515688,10680,98179,140,456,170,123,4710,5215,670,913,790,454,1060,982,760,136,2340,2284,200,70,2810,6572,330,959,370,1098,1600,290,15080,133307,4900,14352,4410,12352,4120,5825,1540,1423,140,72,8850,92992,11260,101276,240,280,240,585,2850,11209,12510,40019
TX,77036,0,27870,12910,7560,7120,18450,60090,25640,1800,1610,190,842389,27870,854193,22700,653316,2620,3530,1630,10501,1470,7754,40,65,7800,73198,1470,14067,930,15610,1650,29578,30,620,2546,1180,16365,600,18219,7960,11804,260,61,40,611,220,1029,330,1634,810,798,170,403,0,0,2460,46460,177895,100,286,1820,2537,1120,4146,2130,7705,880,5214,1590,8297,15970,419714,15960,70392,90,407,520,256,7430,7350,460,1206,630,366,2010,1782,1330,277,4060,3546,150,55,6470,11611,1170,3737,1200,3983,4260,758,26180,134636,10240,28244,8740,23173,9360,13849,2920,2667,490,182,11990,63349,18470,76521,80,89,120,423,5040,10994,22080,66468
TX,77037,0,7810,3250,2710,1800,5450,19360,9230,290,210,80,241395,7810,243983,6170,197882,500,249,220,427,180,240,0,0,2340,26767,170,1209,190,1786,490,6332,20,180,766,310,3196,70,1380,2290,2588,60,15,0,0,20,88,30,89,190,173,50,84,0,0,710,13334,41381,20,63,560,883,360,937,660,2239,290,1424,420,1385,4750,109405,4760,15594,0,0,70,42,2490,2571,30,2,210,119,450,400,460,75,1780,1936,60,33,1990,4056,150,580,160,599,1390,303,7290,34296,2550,7506,2180,5817,2760,4179,560,452,60,28,3510,13024,5540,17450,0,0,0,0,1330,2879,6320,20063
TX,77038,0,11690,4930,3680,2980,7630,27710,12970,390,260,130,384641,11690,388406,9960,331569,540,159,250,605,200,269,30,9,3110,28759,200,1259,220,2671,870,11901,0,340,1532,370,3461,80,2544,3130,3765,150,36,0,0,20,71,50,153,480,445,120,237,0,0,1570,29628,88576,40,92,1230,1816,960,2955,1510,5483,920,4901,1100,4441,7780,182113,7790,24882,0,0,150,97,4140,4543,0,0,490,302,920,832,810,135,2730,3083,100,43,2410,4918,280,867,300,936,1890,425,11150,54037,3920,11256,3360,9022,3780,5645,1120,958,110,42,5780,20302,8250,26030,0,0,0,0,1710,3854,9850,31878
TX,77039,0,11140,4720,3540,2810,7610,27630,13480,390,210,190,364138,11140,367853,9270,299249,750,430,230,418,210,219,0,0,2770,27185,190,10058,240,2511,970,14868,0,310,1463,470,4652,80,3537,2760,3715,100,25,0,0,30,87,50,209,300,270,70,126,0,0,1040,19913,69907,20,25,850,1262,580,1592,970,3280,450,2429,720,3885,7060,173233,7060,25898,20,53,90,52,3640,3953,30,2,340,200,730,661,650,112,2520,2853,80,42,2270,4366,200,585,210,620,1960,424,10650,56766,3810,11591,3330,9340,3980,6216,940,801,80,35,5180,21537,7700,26876,0,0,20,297,1540,3223,9450,31690
TX,77040,0,22790,10630,7720,4160,12240,47220,17960,670,410,270,1487945,22790,1506047,19770,1060393,4030,7598,2830,22575,2620,16745,70,61,4890,64957,2490,52551,1370,26163,2510,49607,110,730,3733,1690,26089,930,94303,6110,18102,570,148,100,2452,390,2114,350,1786,1410,1455,280,574,60,1204,4730,98658,692875,130,825,3820,7419,3660,17047,4560,26358,3140,19447,3650,23883,17820,1079778,17780,219886,290,1030,290,249,7680,9469,800,957,1080,674,1840,1886,1330,233,4150,4894,330,136,3710,10059,480,1493,530,1692,2520,607,21810,260408,4860,12431,4110,10069,4170,5913,1920,1661,180,100,15230,209714,17980,223790,440,682,490,1850,4270,26288,17900,58883
TX,77041,0,16670,7150,6960,2350,9620,36620,14160,400,270,130,1460395,16670,1479133,14390,1106969,3820,9922,2770,28362,2560,22238,100,270,3780,61322,2470,59732,950,23481,1660,35057,70,430,2091,1180,18215,1050,116837,4800,18738,340,85,110,3575,340,2176,300,1676,950,1025,180,456,50,3374,3950,95397,736427,130,1212,3260,7849,3360,24070,3840,34114,2820,22428,3080,22544,12940,1138868,12920,267607,570,1947,260,176,5830,17600,1110,11219,730,431,1290,1308,850,162,2820,3311,260,115,3090,9130,520,1788,560,1942,1830,457,15850,282934,3090,7886,2520,6072,2730,4028,1240,1088,210,98,11270,250045,13370,265079,990,1953,990,2576,3870,32147,12200,41312
TX,77042,0,20370,10900,5410,3740,10540,36850,11710,690,500,190,1565095,20370,1585872,17750,1168186,4050,12138,3340,40502,3110,31857,130,384,4430,57740,3020,71809,1200,30970,1920,37441,70,740,3682,1390,25051,1090,116358,5800,20777,470,113,160,3927,460,2968,270,1382,1580,1767,240,555,60,2442,4040,103097,761263,200,2532,3220,7586,2720,20892,3860,32649,2200,19417,3230,24227,15680,1220098,15640,284656,470,1716,280,207,6370,16012,1460,10530,820,478,1860,1778,950,149,2270,2233,190,57,3250,9472,450,1146,530,1318,1970,396,19450,319631,4830,11956,4180,10062,3370,4495,2260,2050,180,89,13610,269053,15900,284540,820,1738,950,3280,4320,27170,15250,50545
TX,77043,0,12750,5920,4770,1870,6630,26080,9190,360,240,120,999232,12750,1012577,10550,765713,3300,6603,2570,21653,2410,16132,190,462,2650,45878,2340,47852,1190,24250,1720,36464,70,330,1722,1320,19813,730,30942,3570,13345,320,80,90,2695,330,1708,220,1198,830,905,120,325,30,122,2640,63892,422986,270,4267,1910,3844,2090,10492,2560,19214,1760,13254,2080,12715,9820,766351,9760,175057,270,974,150,105,4130,25845,1020,21975,500,314,760,798,540,100,1890,2044,230,293,2140,6688,270,935,310,1017,1240,293,11930,176396,2060,5297,1720,4260,2030,2969,740,662,130,59,8610,150242,9990,160601,510,1062,570,2709,2980,17137,9090,29197
TX,77044,0,16460,5940,6810,3490,8920,39180,16830,270,200,70,1164488,16460,1175958,14770,1005587,2860,2228,1650,5507,1520,3970,170,209,3610,30015,1550,13326,680,13501,2080,41020,70,620,2953,850,11635,560,43535,4450,11470,710,180,40,842,200,1172,180,946,1160,1253,220,466,40,1086,5910,141363,739092,240,981,4550,10627,4980,31851,5760,45048,4860,38200,4700,26814,12930,800351,12910,153754,480,1019,130,93,6550,9649,490,1560,1430,900,1420,1467,820,130,4040,5106,300,143,2410,6471,230,643,270,714,1560,430,16000,187746,3690,10042,3180,8173,3370,4785,1580,1384,110,50,10930,144106,12870,153408,540,544,390,588,2790,16823,13430,50171
TX,77045,0,14640,6780,3520,4160,9030,30820,13390,870,670,210,475901,14640,479899,12470,401069,1010,409,520,581,420,383,0,0,3430,20372,350,1075,500,5369,1810,34459,30,530,2262,970,9122,80,1712,3420,3998,220,54,0,0,50,146,90,278,650,630,120,297,0,0,2240,40688,133006,40,82,1660,2778,1390,3448,2070,6910,1250,6879,1730,8803,9780,238380,9800,35578,30,47,150,103,4620,4870,60,178,570,341,1210,1169,1060,174,2670,2814,180,85,2430,4151,330,927,350,1035,1800,350,14070,70203,5060,14367,4540,11992,4170,5795,1570,1430,140,58,7590,30348,10140,35184,30,31,0,0,1930,3780,12520,38752
TX,77046,0,1150,800,290,50,600,1620,180,0,0,0,268427,1150,270973,970,137426,520,6664,460,18723,420,14638,20,62,210,4661,430,70612,120,4007,150,3156,0,0,0,150,3133,170,7910,410,2546,0,0,20,548,60,428,0,0,120,132,0,0,0,0,370,20322,167800,30,756,290,718,260,3075,360,5076,160,1659,280,5977,1090,237336,1080,58960,80,606,0,0,340,1412,240,1197,0,0,50,57,0,0,0,0,0,0,190,939,0,0,0,0,30,5,1110,55947,40,62,30,45,0,0,30,23,0,0,1060,59146,1100,62236,150,439,170,3086,360,3771,680,3343
TX,77047,0,13150,6370,2790,3730,6830,25690,10320,550,440,110,553241,13150,558521,11760,502394,1210,376,600,818,530,560,40,23,2860,4700,470,1655,430,4458,1760,28700,40,560,2672,670,6518,120,2405,3550,5280,540,134,0,0,70,316,120,380,1390,1524,210,556,0,0,3760,71167,250727,110,300,2760,4618,2830,9097,3580,15043,2850,16619,3040,15122,9910,322397,9910,49705,80,125,120,63,4680,5608,90,9,1060,648,1460,1532,820,122,2510,2855,210,99,1520,2910,200,510,230,588,980,214,12780,79805,3630,9421,3260,8062,2830,3861,1640,1533,90,33,8140,44090,9560,47887,30,11,20,26,1670,4156,11320,36034
TX,77048,0,7520,3560,1230,2590,4200,14740,6340,410,360,60,242794,7520,244648,6560,205766,540,147,250,330,210,210,0,0,1600,3697,140,395,260,2607,1090,20311,40,320,1476,520,4598,40,309,1540,1854,160,41,0,0,20,54,40,146,420,407,50,122,0,0,1290,24729,77138,0,0,970,1609,790,1994,1200,4023,750,3900,1090,6036,4900,123778,4900,17819,30,60,70,35,2210,2237,0,0,380,228,660,632,510,85,1180,1195,110,40,960,1563,130,264,130,284,640,120,7300,37329,2910,8473,2680,7435,2140,2846,980,948,40,13,3870,15580,4920,17441,0,0,0,0,830,1757,6570,21712
TX,77049,0,14130,5900,4690,3360,8560,32110,14160,300,250,50,659806,14130,664948,12630,578564,1400,914,500,1031,420,737,60,38,2910,24162,450,2633,410,7163,1450,25663,40,580,2801,660,7382,160,9573,3340,5142,530,134,0,0,70,356,110,481,760,775,120,252,0,0,3460,71461,264512,110,295,2650,5041,2580,9597,3310,16066,2540,15737,2550,12339,10850,388548,10870,60892,100,215,160,111,5510,7205,70,35,850,560,1410,1376,830,138,3660,4699,270,134,2010,4934,280,881,320,1057,1790,510,13720,93934,3540,9466,3060,7638,3080,4353,1510,1275,120,63,8900,53631,10770,59942,40,30,40,98,1900,6755,12100,40380
TX,77050,0,1970,860,550,530,1250,4580,2160,70,30,30,63385,1970,63946,1560,50162,170,26,50,14,40,7,0,0,500,3976,40,12,90,1025,280,5498,0,60,215,160,1604,0,0,480,561,20,5,0,0,0,0,0,0,70,60,0,0,0,0,240,4174,13584,0,0,170,265,130,228,210,638,90,477,190,1108,1250,30634,1250,4340,0,0,20,4,610,660,0,0,60,43,140,124,110,15,390,445,30,14,370,738,30,77,40,90,300,70,1880,9129,620,1813,560,1454,610,944,190,170,0,0,960,3679,1360,4531,0,0,0,0,270,607,1660,5250
TX,77051,0,7060,3440,660,2880,3890,13460,6010,440,360,80,182240,7060,183763,6280,160909,330,99,140,252,110,211,0,0,1550,2838,90,228,170,1606,800,12014,0,310,1353,300,2042,0,0,1380,1523,110,28,0,0,0,0,40,103,290,328,50,124,0,0,810,14166,41840,0,0,590,870,430,1204,740,2367,410,1982,660,3169,4130,81847,4140,11759,0,0,60,21,1970,1708,0,0,360,199,620,559,470,73,950,779,60,23,890,1275,140,297,130,313,550,88,6910,31975,3390,9990,3150,8888,2300,3051,1050,1002,60,16,3090,9994,4140,11538,0,0,0,0,530,1282,6440,21602
TX,77053,0,13880,6210,3320,4160,8260,29290,12840,600,460,150,441427,13880,445364,11930,381579,850,192,400,430,330,312,0,0,3450,20699,260,440,400,4457,1540,25852,30,490,2172,740,6761,80,1143,3340,3937,220,55,0,0,50,118,80,211,650,642,120,284,0,0,2080,36906,116710,40,78,1560,2442,1360,3168,1970,6250,1270,6311,1600,7906,9200,218367,9210,30928,20,13,190,102,4470,4626,40,0,630,385,1180,1086,960,169,2580,2764,200,95,2380,4497,350,1106,370,1194,1710,357,13300,65626,4880,14074,4320,11746,3980,5627,1550,1421,140,68,7190,26291,9630,31546,0,0,0,0,1870,3657,11850,37705
TX,77054,0,10890,7350,1940,1390,3850,15820,3360,270,200,70,556237,10890,563661,10190,501176,1830,1469,1160,4117,1090,2565,110,76,1600,10810,1090,7678,290,4873,810,13196,0,270,1367,340,3892,220,17295,3440,7424,350,85,0,0,130,477,170,628,1680,2166,410,1174,0,0,1530,28525,154314,120,634,1060,1957,750,3351,1410,6312,680,4359,1220,7311,9080,404369,9050,74041,70,186,80,69,3210,3298,340,480,330,177,1620,1588,530,85,910,878,40,14,1010,2149,150,332,170,370,560,108,10610,91929,1830,3607,1590,3134,920,1062,1160,1060,70,36,8120,70745,8690,73588,120,155,90,148,1710,5358,8970,21728
TX,77055,0,17850,8290,5940,3430,10470,38960,16090,690,510,180,1721807,17850,1752415,14830,1108453,4300,17668,3570,38326,3350,28819,60,136,4180,98838,3300,148361,1140,23302,1640,32217,100,360,1735,1300,20786,1590,226066,5120,30608,280,71,230,7742,570,4716,290,1650,760,831,120,304,110,3407,4260,130526,1124450,160,2137,3550,9641,3560,37091,4120,49607,2860,33749,3560,33882,12970,1366849,12870,341480,880,3449,160,109,5590,9394,1420,4686,690,422,800,743,690,123,2630,2568,150,46,3660,14108,330,1020,360,1120,1880,439,16760,375635,3460,9224,2920,7377,4040,6226,860,717,150,82,10870,333060,13380,355957,1250,2803,1300,5409,4130,38044,12860,44717
TX,77056,0,11290,6390,4020,570,6790,18590,3710,90,60,30,4667176,11290,4719383,8810,1748776,5340,98191,4900,278727,4660,221804,300,8027,2470,135581,4720,1204987,1460,70889,1590,49953,130,200,1037,1960,44012,2590,709598,3790,52207,190,46,330,13652,860,7353,230,1282,750,869,110,305,270,11131,4770,305928,3854629,450,18895,3940,14099,3780,73587,4660,117524,2520,39784,3990,117179,10250,3965860,10080,1140072,1350,14934,60,40,3940,70971,2650,68053,220,130,460,500,180,30,520,592,80,29,2150,17439,100,243,120,276,410,145,10480,1275050,530,773,370,566,250,291,360,304,60,22,9830,1103140,10240,1152670,1710,8825,2330,53557,3730,90362,6050,104428
TX,77057,0,19970,11930,5560,2130,10290,33850,8920,550,400,130,2865891,19970,2905962,16550,1426323,6040,25859,5310,148922,5010,125715,230,690,4220,119433,4980,478077,1690,55238,1980,43891,90,510,2664,2090,38928,2310,425585,6190,40071,450,113,310,9970,910,6817,370,1845,1630,1883,240,575,220,6760,5550,211487,1971921,320,8904,4510,12160,4230,47090,5350,69227,3320,35129,4570,75998,16700,2442460,16520,628392,1010,7746,210,134,5900,21051,2350,15456,510,305,1190,1184,550,89,1720,1720,200,73,3480,16431,320,853,380,952,1360,343,18790,692318,2170,4353,1730,3379,1960,2731,1060,948,160,76,15360,612399,16810,647472,1310,3538,1660,17340,5200,63247,13310,62445
TX,77058,0,8840,4940,2520,1220,3780,15130,4080,260,170,90,624030,8840,631971,7600,456137,2400,4340,1670,12431,1560,9940,90,130,1320,20219,1480,19575,910,20493,1460,38678,40,310,1574,1070,17152,430,31975,2240,7941,240,60,50,1027,210,1149,140,587,730,748,140,385,0,0,1930,41553,254056,130,1082,1490,3049,1440,7617,1830,12368,1140,7947,1560,8023,7330,476215,7300,97839,150,555,100,83,2550,4080,590,1658,310,184,640,640,370,53,1090,1225,80,28,970,2822,190,492,210,620,630,154,8490,113677,1330,2875,1150,2435,910,1193,600,514,90,43,6710,93780,7220,98422,180,345,230,792,1890,9618,6640,18149
TX,77059,0,7980,3090,4380,410,3160,17080,5780,60,30,30,1161865,7980,1177068,6780,792844,4240,9077,3430,28955,3230,21919,80,142,1480,40519,3090,63960,1100,35514,1590,53795,50,200,1000,1220,24710,1040,107962,2260,15203,310,76,150,4169,350,2847,210,1313,430,458,140,339,50,1727,3740,97440,800344,110,1027,3210,9085,3500,28346,3710,39212,2770,21940,3300,24892,6840,974317,6760,231135,680,1995,70,75,2950,6275,1300,3823,410,222,590,741,140,26,840,1094,200,67,1170,5803,100,383,120,441,160,66,7580,234028,380,633,300,501,190,253,510,486,50,26,6510,224873,6760,234290,890,1483,960,2190,2480,24847,4950,17133
TX,77060,0,16190,6960,4070,5050,11040,38160,18450,670,480,180,451134,16190,455590,13830,385063,630,530,230,720,200,480,0,0,4070,37472,220,1783,240,2206,790,9448,0,420,1649,360,3469,80,3898,3940,4456,100,25,0,0,40,160,60,207,400,333,90,179,0,0,1320,25102,69735,40,74,1020,1431,460,1388,1180,3425,430,2677,810,3114,9480,191578,9490,30027,40,86,130,67,5070,5601,50,883,510,318,1120,932,890,147,3350,3245,60,24,3310,6065,240,666,250,744,2930,559,15520,70718,6400,19680,5780,16330,6480,9476,1730,1566,90,33,6580,21793,10490,28659,20,45,20,59,1970,4482,14060,46691
TX,77061,0,10200,4750,2600,2760,6520,21690,9410,350,270,80,360233,10200,363581,8740,290152,900,1440,490,2635,450,1936,0,0,2390,20936,430,5063,380,5677,900,16504,0,330,1414,530,6402,140,5996,2420,3348,140,38,0,0,60,236,60,255,350,337,70,138,0,0,1230,27100,92555,40,147,980,1724,730,2314,1150,4600,640,3503,870,4771,6630,194020,6620,30767,50,166,100,74,3080,2995,110,13,330,208,770,715,580,104,1800,1880,130,50,1880,3617,190,514,210,591,1430,314,9780,55117,3610,10525,3220,8772,3000,4100,1080,973,90,44,5180,27773,7070,32128,20,26,40,157,1390,5028,8620,27506
TX,77062,0,12250,5300,5590,1200,4830,24610,7760,250,130,120,1051017,12250,1062799,10350,761316,4760,4831,3370,22544,3130,16784,90,152,2010,30227,2890,42526,1650,39556,2570,76380,60,410,2378,1910,32271,760,39746,3240,11782,530,132,90,1879,290,1756,290,1326,890,974,220,511,30,921,3910,84324,550376,140,961,3220,6952,3550,18604,3850,27234,2850,18347,3300,20466,10190,808982,10120,159487,350,1108,150,121,4230,7087,1120,2737,580,344,980,1116,380,73,1850,2407,340,96,1510,4914,230,693,270,825,650,164,11740,173754,1300,2967,1090,2483,980,1373,880,792,90,43,9440,152410,10060,160269,420,521,470,1358,3000,15943,8730,25371
TX,77063,0,17360,10100,4630,2400,9070,29910,8410,580,430,140,1231928,17360,1248730,14650,822878,3470,12078,2740,42908,2560,34567,130,226,3710,55589,2670,88484,1240,36813,1690,33572,50,470,2228,1490,24046,1100,100139,5160,16802,370,89,100,2820,400,2546,290,1414,1460,1665,220,548,60,431,3380,90302,573330,190,1190,2700,5671,2210,15844,3230,24030,1720,15013,2650,22174,13500,938801,13420,206418,400,2033,200,126,5000,7835,1090,3558,510,310,1430,1362,760,114,1810,1815,160,46,2850,8549,380,1022,420,1087,1710,364,16460,239740,3520,7636,2880,6140,2280,3056,1610,1442,190,106,11960,198961,13850,212898,460,1002,610,3702,3790,23724,12770,40525
TX,77064,0,22570,10440,8100,3720,11100,46510,17430,450,230,220,1311368,22570,1325983,20040,1113173,3930,4073,2600,7728,2410,5514,100,80,4740,49448,2240,26049,1030,16891,2360,42500,60,720,3760,1340,17310,830,38856,6470,14615,680,174,60,956,340,1663,410,2023,1730,1802,330,694,0,0,4860,94828,503369,130,612,3850,7506,3810,16012,4660,25215,3470,21020,3850,19754,17760,909305,17740,164597,260,664,300,233,7600,10420,620,1535,1230,765,2110,2185,1180,211,4160,5056,340,144,3600,8686,610,2112,660,2285,2060,504,21750,203951,4400,11108,3660,8791,3510,4924,2070,1805,280,136,15550,154175,18000,165731,340,351,320,779,4280,16636,17800,52189
TX,77065,0,17570,8340,5790,3160,7830,34420,12150,430,170,270,1044884,17570,1056883,15490,833885,3230,4121,2200,9213,2010,6265,70,88,3280,39333,1900,31644,1120,19340,2280,40725,90,630,3015,1370,18903,710,43305,4690,11999,580,143,60,1378,310,1771,280,1506,1410,1510,210,478,30,826,3550,70145,377161,110,407,2760,5263,2710,10707,3380,17250,2380,14580,2780,14765,14000,740598,13970,139603,200,516,250,185,5940,8241,570,1758,1060,648,1690,1722,920,146,3100,3619,280,115,2390,6413,410,1270,460,1445,1450,339,16900,167579,3610,9180,3110,7621,2660,3501,1700,1488,170,74,12250,131364,13840,140232,260,352,280,819,3330,15696,13780,39441
TX,77066,0,15350,6990,5070,3080,8290,32040,12580,430,190,240,728244,15350,735877,13270,584610,2050,2605,1290,6414,1160,5046,40,36,3630,34128,1090,12371,810,18415,1880,36104,40,520,2541,1180,16764,410,13451,4300,7633,420,107,30,463,160,697,160,814,1010,1081,200,408,0,0,3290,64632,268348,90,342,2600,4611,2520,8634,3150,14493,2300,12914,2680,14415,11400,456225,11410,77624,110,254,190,114,5250,6410,330,591,760,455,1540,1527,900,170,2890,3380,260,141,2680,6064,420,1366,440,1461,1660,378,14780,106051,3970,10548,3370,8489,3130,4334,1740,1526,170,80,9470,70610,11640,78275,90,92,110,491,2690,9785,12340,36687
TX,77067,0,13420,5810,3100,4390,8220,29290,13460,410,280,130,426626,13420,430578,11820,379430,660,188,320,324,270,212,0,0,3340,21064,260,464,270,3253,1120,17169,20,500,2251,430,4139,90,1726,3320,3952,240,62,0,0,40,106,90,356,530,532,110,230,0,0,1980,36960,114814,50,130,1560,2378,1220,3560,1870,6882,1200,6129,1550,7865,8530,207401,8530,30904,30,33,130,70,4330,5671,40,1295,650,382,1250,1129,870,148,2500,2554,140,67,2410,4259,290,899,300,950,1750,345,12980,65830,5380,16234,4850,13553,4380,6219,1860,1722,110,49,6380,25233,8980,30254,30,41,20,7,1610,3620,11690,39245
TX,77068,0,5350,2380,1980,890,2700,10380,3350,100,30,70,422236,5350,427555,4480,269045,1230,3704,910,8847,840,6560,40,52,1200,25136,840,35474,530,15312,890,21589,30,180,791,730,13284,390,27250,1510,5319,170,46,30,712,140,800,90,516,390,419,60,134,0,0,1620,41206,233804,60,492,1300,2719,1340,8227,1580,12256,1070,8317,1310,10481,4180,316666,4170,66545,130,664,50,40,1660,3155,310,1578,230,148,450,440,230,37,690,751,120,49,850,2910,110,333,120,372,390,101,5020,77385,1040,2590,890,2145,790,1044,500,461,50,24,3690,63988,4180,68409,150,285,200,1507,1150,6920,3930,12299
TX,77069,0,9070,4360,3430,1160,4280,16400,4440,200,50,150,979673,9070,992940,7340,597646,2960,9810,2630,34374,2480,24681,90,114,1810,38029,2420,66915,1390,43489,1830,44994,70,330,1573,1700,31820,950,99340,2610,13267,320,78,100,2497,360,2707,170,982,680,734,100,235,50,972,2940,83218,584811,130,1346,2460,6112,2490,14988,2880,22923,1920,15239,2500,26263,7540,793629,7490,186522,370,1669,70,56,2860,5625,980,3236,390,244,580,622,350,54,940,1081,180,62,1350,5586,140,360,160,388,500,120,8540,198736,1260,2845,1040,2421,790,944,590,526,80,37,6920,180950,7470,191218,550,1117,640,3003,2410,22513,5980,21535
TX,77070,0,24210,11540,8750,3510,10250,46570,15050,440,110,340,1765047,24210,1784650,21230,1354365,5310,8932,3970,24793,3700,18100,170,214,4460,53386,3490,85688,1970,43952,3450,68928,100,820,4073,2360,37974,1170,83043,6650,19603,910,231,120,2695,520,3047,410,1956,2080,2210,330,694,50,965,6260,136213,806025,190,1089,5000,10571,5020,23116,6070,35778,4450,29287,4960,33539,19920,1319840,19850,262651,390,1434,270,225,8090,13831,1200,5174,1420,859,2080,2164,990,153,4040,4924,400,175,3240,9881,480,1437,520,1602,1620,414,23220,293108,3870,9161,3220,7555,2780,3543,1950,1720,210,100,17950,250057,19690,264416,580,865,580,3030,5090,28301,18330,52972
TX,77071,0,12690,6060,3290,3110,7250,25090,9790,540,390,160,583156,12690,590525,10720,447190,1780,2360,1240,7409,1150,5496,30,29,3310,27170,1100,18598,750,13151,1640,34532,0,450,2191,1090,15280,360,11711,3560,7369,390,99,40,694,190,1030,190,908,760,845,130,326,0,0,2730,58220,240701,60,257,2220,3768,1970,6040,2610,10920,1730,9673,2370,16559,8970,367305,8980,65858,100,340,180,119,4050,4292,340,176,660,398,1230,1222,730,125,1940,2056,170,60,2310,5160,340,1123,390,1221,1180,237,12100,93548,3820,10193,3320,8377,2740,3782,1570,1454,150,84,7400,61568,9240,67845,100,98,140,359,2170,7708,10120,30647
TX,77072,0,25650,11730,7150,6460,16650,54080,22740,1270,1060,210,771425,25650,781939,21200,639656,1940,1374,1000,3256,870,2297,40,39,7560,72071,850,6441,680,8618,1620,20087,0,810,3739,870,9394,320,14068,7840,10514,270,69,0,0,170,541,250,1110,1030,993,200,486,0,0,2300,40127,131251,70,148,1750,2411,1200,3407,2120,6718,1120,5674,1560,6972,15870,378120,15930,59057,60,152,640,386,7530,8126,190,1221,870,518,2000,1789,1720,336,4140,4010,230,80,6270,11668,1340,4388,1390,4799,3950,758,24260,116458,9900,27734,8290,21912,7680,10825,2740,2476,540,180,12150,50931,17960,64016,50,80,60,107,4390,10637,20760,62561
TX,77073,0,18050,7770,4910,5110,10540,40070,18110,530,290,240,734675,18050,741369,16200,631219,1220,977,660,2349,570,1727,60,50,4050,26683,550,4680,500,7994,1630,25451,40,650,2994,660,8036,220,16814,4540,6694,440,114,0,0,100,381,150,660,1150,1171,190,406,0,0,3970,75475,280788,120,380,3080,5067,2860,9010,3800,15649,2840,16479,2930,13419,13030,411734,13030,69219,70,174,210,128,7000,8950,130,680,1230,792,1840,1796,1240,193,4420,5156,250,93,2770,5760,370,957,400,1059,2140,488,17510,115449,5770,16409,5100,13800,5190,7364,2280,2051,160,76,9970,60292,12750,67508,50,68,60,226,2320,7081,15500,52578
TX,77074,0,16020,7530,4610,3740,10110,34410,14450,1020,810,210,547520,16020,554266,13110,431713,1710,2693,1180,7364,1060,5297,30,25,4160,44129,1020,9964,710,10948,1240,21978,40,380,1688,930,11765,300,8113,4430,6746,270,65,30,286,150,729,160,727,630,616,110,239,0,0,1680,33146,124944,30,67,1310,2033,960,3390,1560,5904,800,4781,1170,5235,10060,294940,10060,47280,70,234,250,146,4620,4268,310,212,450,261,1120,1037,860,164,2560,2473,140,46,3420,6479,450,1345,480,1467,2360,436,15050,82136,5080,14498,4360,11862,4890,7221,1470,1309,190,77,7840,42804,11180,50158,50,56,70,156,2840,6906,12720,38284
TX,77075,0,16800,7050,5430,4080,10160,37890,16740,640,490,160,661709,16800,667239,14760,580168,1480,1092,560,1213,510,795,40,30,3800,33232,470,1919,470,5934,1480,22125,30,670,3014,680,7506,190,7698,4170,5530,360,92,0,0,70,187,130,543,800,755,130,331,0,0,3050,60058,206598,90,206,2430,4422,2050,6724,2930,12443,2040,11759,2150,9036,12090,360325,12100,53796,80,111,210,145,6340,7544,100,6,920,555,1600,1551,1170,206,4090,5003,280,119,2880,6023,420,1459,440,1640,2320,592,16240,94972,5010,13914,4310,11214,4280,5986,1780,1508,190,98,9680,46122,12380,53366,20,12,20,26,2310,5886,14300,46555
TX,77076,0,13070,5590,4000,3380,9080,31000,14590,390,270,120,400502,13070,404770,10620,330061,740,566,250,583,220,288,0,0,3660,39942,230,2176,260,2388,790,10671,30,300,1197,410,3669,90,9036,3740,4268,100,26,0,0,30,101,40,152,390,310,60,150,0,0,1120,21436,72424,30,65,910,1295,540,1536,1040,3229,480,2556,660,2444,8030,186055,8040,27832,20,42,110,57,4060,4122,40,0,400,256,790,691,810,143,2770,2946,120,47,3180,6259,250,902,260,962,2250,491,12360,61493,4610,13994,4040,10962,4470,6552,1000,857,90,38,6040,23615,9230,30648,0,0,0,0,2030,4109,10840,34683
TX,77077,0,27780,13970,9580,3720,13370,50560,14380,580,360,230,2950828,27780,2980896,23850,2011516,8150,22045,6660,83243,6270,64462,250,379,5290,81749,6030,146000,2540,69687,3660,78459,100,840,4261,3030,53436,1890,199979,7870,30068,800,200,240,4799,800,4813,570,2906,2330,2536,330,821,90,1447,7410,204239,1553488,310,2358,6000,18428,5520,39301,7130,61741,4570,37424,5910,46228,23250,2413435,23120,586650,1060,4115,280,210,9410,23671,2800,15665,1410,811,2360,2491,1130,174,3160,3449,420,147,3880,12975,500,1326,550,1509,1760,439,26460,655592,4130,9230,3490,7766,2590,3207,2330,2119,210,126,21210,567417,23110,589504,1720,3021,1810,5566,6980,54283,19430,79885
TX,77078,0,6430,2830,1240,2310,3940,14200,6750,250,150,110,179817,6430,181349,5500,152942,320,53,110,81,90,30,0,0,1550,8662,80,164,190,2596,730,12163,0,260,988,320,2680,0,0,1440,1532,90,21,0,0,0,0,30,134,190,166,30,80,0,0,730,13357,36131,0,0,580,908,360,663,660,1822,320,1428,560,3129,3870,78621,3880,10679,0,0,40,33,1970,1883,0,0,260,166,480,420,450,76,1170,1170,70,31,1100,1905,100,262,100,293,780,165,6260,29299,2850,8553,2610,7241,2260,3179,750,691,40,15,2850,8794,4050,10961,0,0,0,0,630,1115,5740,19530
TX,77079,0,15000,6450,6780,1530,7670,31040,10400,230,110,130,2715346,15000,2750864,12290,1675475,6490,17033,6190,104176,5890,85321,180,514,3200,97276,5640,358169,2060,73599,2420,64633,150,320,1669,2220,42961,2040,270097,4380,35518,470,115,320,8640,710,6073,270,1599,770,864,150,370,110,8074,6000,188302,1817163,240,3329,5110,15101,5310,53402,5900,72803,4110,44206,5240,53834,12770,2363531,12570,604190,1600,5951,120,71,5630,28352,2760,24052,840,494,810,876,400,69,1390,1606,360,110,2670,13300,220,680,250,752,710,203,14070,612151,1520,3709,1300,3014,1080,1411,810,733,100,49,11840,579132,12730,606247,2240,4982,2400,10276,4700,61987,8980,51091
TX,77080,0,18810,8490,5960,4170,11060,42070,18130,850,640,220,855904,18810,865409,15420,641979,2830,3814,2010,11282,1850,8035,30,31,4270,50841,1680,39437,1290,22719,1920,38771,70,370,1902,1500,21373,520,20812,4940,9505,350,85,50,718,270,1391,220,906,860,903,140,315,20,461,2700,53117,285879,60,254,2130,3767,2000,8214,2560,12710,1650,10607,2010,11317,12890,536835,12850,96285,120,316,230,126,5650,6845,520,1198,590,373,1000,997,880,160,3500,3618,230,82,3510,7900,410,1186,440,1316,2530,534,17700,132210,4450,12840,3890,10463,5220,8024,1130,1006,160,60,10370,89439,13540,99549,160,194,210,975,3410,14007,14770,43951
TX,77081,0,18570,9020,5110,4290,12080,40600,17520,1300,1180,130,670890,18570,679240,15930,556515,1400,1964,920,4424,860,3174,70,69,4630,45424,870,15329,310,5182,660,10182,0,420,1817,360,4374,300,24616,5130,8350,210,54,40,777,130,859,140,475,860,939,190,422,0,0,1510,32247,169978,80,398,1170,2108,570,4610,1360,7369,490,4590,1070,6760,11560,382715,11550,72588,120,358,250,154,5410,5010,300,336,340,202,1530,1370,820,142,3040,2708,50,21,3860,7261,520,1288,530,1388,3040,526,17570,112151,5500,15020,4700,12396,6170,9164,1940,1728,240,103,8640,67508,12690,76230,160,270,150,512,3200,9725,15060,43724
TX,77082,0,25930,12940,6910,5620,13750,48850,17170,790,580,210,1619361,25930,1638929,22540,1267955,3830,10251,2740,29745,2540,22458,160,226,6070,66010,2540,71143,1160,25407,2450,37849,40,980,4962,1470,20946,1060,91856,7540,19568,610,155,120,3246,460,2352,390,1890,2040,2205,310,725,30,393,4970,117586,731399,220,1806,3800,7328,3250,24299,4620,34816,2850,22115,3800,25259,19330,1179465,19310,265943,440,2074,450,298,8390,19706,950,11438,1290,758,2730,2722,1480,245,3630,3731,290,163,4380,10929,880,2856,950,3068,2660,572,24780,304656,7140,18497,6140,15247,4840,6411,3160,2914,410,216,16330,246372,19720,263710,570,1972,600,3214,4770,32237,20400,65347
TX,77083,0,33520,15110,10650,7250,20170,69940,28270,1160,910,250,1301708,33520,1316857,28740,1113122,3560,2799,1970,5395,1750,3908,90,74,9240,82989,1670,9304,1100,17101,2870,44612,50,1080,5615,1630,18853,670,15353,10200,15149,680,176,0,0,270,1084,450,2065,2010,2095,380,912,0,0,6100,114328,417367,180,563,4820,7583,4390,14536,5840,24676,4180,23866,4730,21936,23380,734369,23480,115456,190,401,910,596,11390,13992,370,1657,1700,1050,3580,3609,2280,425,6000,6765,580,235,7070,14439,1810,6407,1940,6978,4310,926,32020,185454,10690,28331,8800,22020,7570,10468,4280,3912,760,331,18870,101462,24760,118152,120,96,110,142,5750,14967,27170,81553
TX,77084,0,46880,21240,16530,8390,23740,98370,38070,1000,490,510,2537270,46880,2565265,41490,2128490,6550,6059,4250,14277,3890,10284,220,177,10170,115091,3650,39218,2140,38432,4720,77715,140,1490,7774,2500,33650,1320,96371,13300,27995,1350,340,120,2012,630,3112,700,3087,3710,3915,590,1297,40,936,10100,188020,941211,290,989,7730,14097,8020,31790,9670,49249,7510,44855,7700,35735,36130,1708353,36160,311444,400,896,730,498,16440,23960,1170,4522,2640,1642,4410,4547,2680,462,9480,11792,800,347,7720,18791,1400,4518,1500,4872,4900,1166,44970,390712,10210,25979,8480,20612,8250,11491,4470,3833,630,365,31110,287516,36850,311408,500,599,480,1056,8430,34383,37450,109327
TX,77085,0,7780,3450,2140,2060,4870,16620,7190,380,320,70,270134,7780,272830,6590,230157,560,124,230,187,210,103,0,0,1970,16562,190,620,230,2558,780,13383,0,230,1073,390,3930,60,1609,2020,2696,140,35,0,0,40,125,50,149,400,387,70,188,0,0,1310,22449,77544,20,42,1010,1511,890,2119,1240,4027,860,4437,1010,5038,5490,140298,5510,20249,0,0,110,53,2730,3064,0,0,370,236,710,698,570,92,1690,1831,90,45,1460,3028,230,677,230,712,1090,236,7440,37275,2400,6607,2030,5250,2040,2853,800,717,110,44,4320,17184,5700,20673,0,0,0,0,1210,2806,6460,19499
TX,77086,0,12110,5190,3680,3110,7750,27820,12780,360,250,130,404370,12110,408261,10260,346153,780,344,310,504,260,269,0,0,3160,28902,260,1390,250,4077,940,13701,30,360,1633,420,4573,120,4096,3240,3891,180,45,0,0,40,160,70,272,480,445,120,216,0,0,1700,31154,98430,40,98,1350,2172,1090,2884,1610,5811,1030,5364,1240,5507,7970,198163,7980,28292,30,49,160,79,4070,4500,30,10,500,305,980,918,780,133,2630,2990,150,78,2500,4995,320,970,330,1024,1750,378,11560,58465,4080,11769,3510,9383,3690,5322,1240,1076,140,53,6110,23756,8620,29452,0,0,0,0,1780,3656,10170,32287
TX,77087,0,15600,7030,4640,3820,10290,34990,15590,660,510,150,517055,15600,521191,13340,437700,1030,641,440,1059,380,668,0,0,3460,29456,350,1798,420,5278,1330,22861,0,530,2312,770,7201,110,2988,3460,4136,180,46,0,0,60,201,50,198,520,501,90,213,0,0,1790,34049,108292,40,112,1370,2181,880,2067,1650,4894,700,3357,1190,5535,10430,252732,10450,36413,30,44,180,114,5100,5292,70,8,440,281,1130,1019,1070,191,3290,3609,200,107,2710,5106,340,1104,360,1199,2460,554,14940,73620,4970,13966,4330,11400,4570,6443,1330,1150,140,77,8050,31032,10980,36994,0,0,0,0,2060,4534,13320,41315
TX,77088,0,24400,11210,5780,7120,14320,51360,22440,930,670,260,847718,24400,855725,21000,711541,2030,1502,1030,2943,910,1978,40,36,5840,39077,790,7489,880,12581,2820,49723,70,850,3922,1450,15385,230,4995,5910,8007,490,124,0,0,160,587,210,859,1050,1067,200,457,0,0,3870,71992,242743,100,321,2990,4626,2630,7330,3680,13596,2360,11850,3110,15995,16200,447637,16230,67569,70,158,240,166,7540,7829,170,105,1010,618,2050,1945,1530,260,4320,4617,300,128,4130,7739,490,1411,530,1577,2850,583,23550,129024,8550,24986,7640,20834,6790,9495,2980,2769,210,94,12810,59696,17040,68799,30,32,50,79,3160,7188,20870,66731
TX,77089,0,23690,10490,8330,4510,12410,49140,18840,570,350,220,1237129,23690,1248060,20700,1026876,3940,3095,2110,6103,1910,4103,80,68,4780,44773,1800,12840,1450,25766,3310,69567,60,930,4395,2000,27548,560,22861,5890,10931,770,201,30,489,260,1189,290,1308,1520,1529,290,666,0,0,5620,114070,494680,160,425,4480,8849,4280,16537,5400,27398,3990,24163,4400,22339,18600,800885,18600,133829,200,393,310,228,8650,11544,500,1170,1510,930,2460,2532,1390,248,4930,6226,460,179,3390,8036,610,1992,640,2140,2360,621,22920,179078,5230,13245,4340,10614,3820,5202,2480,2125,270,158,16070,122284,18560,132592,140,176,140,242,3940,13638,19280,58901
TX,77090,0,17730,8630,3260,5610,9080,34430,14140,460,240,230,689783,17730,697558,16170,562982,1310,1517,900,6410,800,3967,70,55,3360,15910,790,13806,650,14681,1630,25908,30,760,3885,820,11641,260,16778,3980,7775,470,116,20,585,100,559,140,564,1220,1226,190,439,0,0,2660,52944,219667,110,310,2010,3309,1390,5284,2440,9611,1270,7668,2000,9780,12540,408516,12530,70359,80,249,170,101,6050,7058,230,885,1140,682,2070,1932,1180,178,2990,2993,140,71,2080,4219,310,796,330,880,1800,332,17310,112622,6390,17988,5840,15890,4930,6566,2760,2556,140,63,9690,63550,11890,68925,70,69,100,359,2100,7010,15380,49768
TX,77091,0,11320,5390,2100,3700,6450,23120,10130,550,410,140,364311,11320,367722,9820,300540,880,644,450,1136,400,843,0,0,2630,15971,390,4819,400,5446,1290,26631,40,420,1721,660,6648,130,3242,2690,3411,220,58,0,0,60,243,80,240,500,513,80,206,0,0,1540,29337,104502,40,106,1150,1858,940,3113,1420,5545,810,5017,1220,6605,7010,190718,7020,29580,30,44,110,58,3140,2935,90,5,430,262,870,795,660,112,1690,1585,90,53,1900,3332,200,481,210,537,1260,216,10970,58222,4530,13408,4160,11438,3570,4975,1440,1363,80,33,5430,26594,7460,30402,30,20,30,37,1390,3807,9800,32168
TX,77092,0,15600,7880,4190,3380,8670,32110,12870,520,290,230,677226,15600,685350,13120,539828,2130,2499,1370,6263,1260,4229,0,0,3320,38220,1170,11988,870,12277,1620,29796,60,400,2005,1100,13445,380,22429,3950,8124,310,77,40,569,220,1117,190,908,820,825,110,254,0,0,2280,40795,193726,50,201,1720,2807,1600,6090,2130,9407,1380,8254,1650,7160,11150,425392,11140,75667,80,267,150,78,4470,6442,320,2287,520,313,850,780,750,129,2690,2751,180,62,2680,5961,280,827,290,879,2000,406,14750,104837,3830,10459,3330,8646,3870,5677,970,833,110,71,9220,69222,11600,76480,100,150,120,316,2690,8976,12460,35962
TX,77093,0,18140,7500,5510,5040,12810,44680,21820,540,350,180,517660,18140,523028,14710,437536,870,436,230,202,200,121,0,0,5210,51145,180,909,280,2744,1190,14889,20,470,2195,510,4310,90,2877,5040,5368,110,28,0,0,40,97,60,190,500,405,90,150,0,0,1380,25119,72160,30,48,1100,1772,590,1417,1240,3921,460,2373,850,3250,10760,218562,10780,29883,20,19,160,85,5690,5826,0,0,520,353,1030,919,1160,207,4010,4280,120,42,4360,8286,330,1025,350,1100,3370,692,17290,80405,7100,22112,6320,17363,7000,10467,1430,1232,150,51,7710,23999,12630,33326,0,0,0,0,2470,4604,15420,51805
TX,77094,0,4500,1720,2470,250,2100,9700,3170,30,0,30,843385,4500,853231,3860,607125,2350,7282,2100,21756,2000,15533,50,78,900,29161,1910,78495,500,15603,630,16861,50,110,547,490,9973,660,49613,1280,9846,130,33,90,3057,220,1810,140,944,200,184,60,119,30,292,2250,66686,592794,70,794,1930,5801,2080,20318,2230,27682,1650,14091,1920,18532,3910,729862,3870,181814,560,2134,40,34,1730,7516,930,6243,200,103,270,309,80,15,370,452,120,33,770,3789,70,206,80,252,130,44,4240,180437,240,410,170,283,120,148,250,219,30,12,3730,174896,3910,183138,860,1695,880,3029,1540,19419,2570,12143
TX,77095,0,32280,13880,13540,4360,13660,67360,24420,470,190,270,2602154,32280,2631500,28890,2118174,7700,7563,5780,29845,5390,22369,210,257,6340,87584,5110,94202,2180,44810,4340,91080,140,1070,5637,2460,37526,1800,101226,9610,29346,1540,401,200,4777,680,4148,650,3421,2980,3214,530,1106,80,1071,10580,222856,1372700,280,1623,8430,18734,9290,43744,10300,66933,8610,59323,8540,46245,26670,1963462,26570,387873,770,1960,330,308,11740,21373,1740,7569,2270,1366,3150,3437,1250,216,6030,7783,700,272,4640,14205,640,2010,710,2253,1920,555,30990,420236,4340,10294,3630,8201,3190,4156,3020,2658,290,162,24210,367087,26440,387198,1160,1404,1060,2311,7160,45691,24070,72595
TX,77096,0,15920,7440,5850,2400,7900,31200,10440,510,330,190,1417037,15920,1438311,13110,975448,5210,13386,4650,42496,4400,31242,90,86,3680,67674,4210,80759,1830,46959,2410,60882,70,400,1980,2100,37896,1410,88156,4910,21274,520,130,260,5803,610,4133,350,1845,1150,1264,210,526,70,302,4800,120916,831557,140,1361,4070,9322,4090,28142,4690,39500,3140,27705,4140,28475,12670,1107030,12490,237104,730,2378,160,111,5700,7040,1780,2241,1070,605,1300,1412,620,109,1930,2110,310,156,2910,10314,290,852,330,900,940,225,15000,264707,2630,6761,2250,5723,2010,2730,1280,1190,140,78,11240,230141,12640,245640,950,1261,1010,2611,4020,24808,10830,35525
TX,77098,0,8290,5680,2060,430,3770,12110,2010,90,50,40,1538379,8290,1561018,7010,799063,3250,13580,3010,78441,2860,61189,170,762,1730,73435,2790,183653,710,21057,880,23231,50,160,785,840,15450,1180,235365,3040,22639,200,47,190,6362,590,3958,190,946,1050,1273,130,353,110,1184,2560,128086,1026216,270,5524,2060,5800,2010,25521,2490,37380,1560,19406,2140,43466,7590,1332084,7500,357203,530,2965,50,33,2420,12160,1390,10631,210,124,450,462,180,31,350,373,60,17,1490,10031,100,265,130,281,300,90,7890,372306,410,531,280,411,200,255,260,230,60,37,7290,348014,7550,366487,930,2376,1040,8916,2630,37147,4990,28589
TX,77099,0,21230,9650,5710,5620,13230,44630,18870,920,730,190,677064,21230,685016,18160,561903,1570,1457,920,3820,810,2876,30,14,5580,47706,700,5538,540,6209,1470,19584,20,660,3073,800,8955,290,12988,5800,7952,230,61,0,0,130,444,190,871,970,906,170,394,0,0,2310,41388,145800,60,146,1790,2360,1210,3530,2140,6840,1160,5833,1680,7437,13540,346072,13560,56050,50,86,400,225,6570,7077,190,756,800,490,1840,1757,1440,260,3620,3574,220,88,4330,8268,860,2943,900,3161,3170,601,20300,108993,8040,22464,7020,18365,6300,8725,2520,2307,370,147,10360,49468,14650,58925,30,64,50,496,3200,7513,17680,55266
TX,77301,0,12790,5650,3830,3140,6960,28010,12000,280,80,200,482230,12790,487290,10950,374731,1200,1398,680,2698,610,2102,30,32,2610,27668,610,7937,510,7250,1350,23650,50,290,1277,800,9108,230,7219,2900,5060,200,51,0,0,150,745,70,241,610,628,90,148,0,0,1860,36798,151186,60,300,1490,2798,1310,5021,1790,8497,1140,7290,1300,6296,8350,271363,8350,40054,60,156,120,62,3870,4334,170,413,490,276,700,605,810,141,2530,2654,180,77,2030,4335,280,865,280,915,1550,280,12190,67732,3920,10820,3500,9152,3780,5481,850,714,130,72,6590,35720,8640,40949,50,47,60,165,1680,5661,10760,31995
TX,77302,0,7850,3100,3560,1080,3690,17170,6190,120,40,80,513394,7850,518584,6580,390901,1530,2378,1050,5825,990,4287,40,33,1650,19937,980,13249,630,15222,1290,28557,140,230,1104,980,14566,390,21424,2020,5190,200,54,20,706,180,978,90,463,400,374,70,126,0,0,1960,45100,249190,50,232,1570,3502,1670,8421,1890,12481,1440,11200,1540,9146,5940,361189,5930,69523,160,518,80,50,2480,3960,310,1226,320,195,390,377,390,71,1490,1932,150,47,1280,3254,140,393,150,436,700,174,7490,81927,1570,4023,1330,3236,1320,1952,420,341,60,25,5230,65563,6100,70061,200,242,220,416,1510,8342,6040,19099
TX,77303,0,7590,3100,3090,1290,3310,16330,6040,180,60,110,364896,7590,368620,6550,295006,1020,785,530,1615,480,1056,30,13,1480,15780,470,4111,430,6144,1090,21627,120,200,804,700,8088,170,10197,1760,3724,180,44,0,0,110,564,70,280,430,445,50,98,0,0,1360,27418,111964,40,104,1040,1953,1050,3172,1280,5584,910,5794,940,4744,5690,229256,5690,37847,40,98,70,46,2400,2847,110,26,340,203,440,408,450,70,1620,2018,130,40,1090,2491,150,463,160,477,720,165,7300,53321,1860,4746,1620,3995,1520,2089,460,375,70,31,4900,34738,5680,37921,40,51,30,61,1160,3792,6250,18629
TX,77304,0,12090,5390,5180,1350,5540,23800,7140,200,60,140,975134,12090,986968,10090,658845,3350,6802,2300,18361,2160,14095,100,112,2320,42142,2160,46593,1370,33048,2400,60956,140,330,1655,1800,28150,880,74928,3510,11834,560,142,80,1564,370,2206,200,1160,1110,1191,120,230,20,420,3730,90999,538715,130,834,3080,6999,3200,19541,3670,27955,2710,21785,3020,21657,10020,733284,9980,153139,300,1078,110,73,3950,7105,720,3011,630,383,850,813,580,85,1940,2466,180,86,1770,5999,170,482,190,530,790,214,11520,167405,1650,3695,1390,3064,1210,1686,760,627,70,31,9150,146036,9890,155166,370,635,440,1559,2650,19225,8860,26850
TX,77306,0,4720,1820,1890,980,2510,11130,4790,60,0,60,191524,4720,193269,4050,155714,410,216,190,289,150,181,0,0,1100,11172,180,3314,180,2454,510,8248,70,140,631,300,3149,60,5039,1150,1745,60,13,0,0,60,242,20,45,160,145,20,44,0,0,520,11034,46657,0,0,420,776,340,855,490,1756,290,2101,370,1832,3090,109561,3090,18358,20,80,40,23,1420,1594,20,1,140,78,210,209,270,49,1010,1229,60,20,900,1846,80,294,90,306,630,131,4540,29213,1490,4262,1320,3421,1390,2069,250,211,40,27,2500,16757,3320,19016,0,0,0,0,640,2640,4000,12682
TX,77316,0,9130,3230,4940,850,4210,20610,7200,120,30,90,965646,9130,978296,7740,678859,2800,4329,1880,13161,1760,9682,130,175,2030,42251,1790,38650,860,22230,1710,45673,210,240,1280,1170,17455,740,79106,2610,12650,340,87,70,1475,320,2176,160,1011,560,535,110,204,40,2048,3690,100844,655908,140,1122,3070,8090,3390,23281,3640,33282,3120,31811,2990,19157,7480,750216,7430,165416,430,1152,70,53,2980,5829,550,2422,530,346,510,528,340,58,1570,2100,150,65,1530,5903,110,360,130,391,470,132,8720,182585,1170,2727,980,2261,860,1182,490,399,50,38,6940,159799,7520,168464,560,859,520,1121,2150,19608,6590,24904
TX,77318,0,6940,2760,3190,860,3100,13890,4210,160,110,50,522538,6940,528874,5600,341931,1850,3417,1270,9646,1190,7016,30,61,1390,23454,1190,27739,880,20445,1620,41545,120,240,1281,1290,20182,410,31938,1700,6336,170,45,30,804,200,1166,130,730,400,370,50,95,30,790,2120,53478,290209,50,298,1760,3983,1890,11802,2090,16774,1590,12035,1690,11778,5470,381386,5430,76159,190,732,60,39,2020,3361,400,1288,310,172,360,382,300,44,1040,1325,110,34,1020,3358,90,263,100,303,430,100,6550,85814,1110,2788,980,2386,840,1173,370,323,40,17,4960,72151,5470,76936,190,302,220,610,1490,10354,5100,16522
TX,77320,0,9550,4150,3330,1950,4800,18970,6650,160,0,160,446013,9550,450324,8120,315145,1830,2086,930,5561,850,4336,40,28,1750,9559,840,8810,670,10821,2030,52781,450,200,937,1210,15258,310,16217,2120,4311,290,74,0,0,120,594,130,611,600,620,90,210,0,0,1470,32347,150057,60,147,1210,2232,1100,4359,1430,7173,830,5615,1120,6516,7130,282380,7110,47411,60,202,60,20,3010,3273,220,288,470,280,680,671,700,90,1630,1825,130,51,1080,2160,110,294,120,300,630,130,9200,67203,2520,6652,2250,5872,1840,2520,770,685,50,12,6020,43877,6890,47070,40,40,70,251,1400,5057,7890,23563
TX,77327,0,7620,3000,3150,1370,4130,17260,6860,110,0,110,373557,7620,376861,6520,299324,1000,2358,570,2420,530,1590,30,21,1540,13053,470,5943,380,6363,1070,20374,300,290,1206,690,7665,180,20995,1720,3304,190,53,0,0,90,520,70,339,300,291,40,79,0,0,1170,26794,111538,80,244,930,1867,840,2549,1130,4998,670,4322,790,4825,5320,236575,5320,44165,70,238,70,35,2270,2958,110,310,180,112,320,305,420,66,1610,2076,80,26,1150,2412,130,484,140,499,850,232,7280,62034,2060,5470,1830,4597,1650,2335,370,295,60,34,4540,41098,5540,44389,40,123,60,217,1060,3892,6350,21355
TX,77328,0,6460,2520,2860,1020,3460,14430,5390,90,0,90,318232,6460,320783,5380,245907,890,1676,460,1593,410,1092,40,26,1360,12386,420,5745,400,6152,1030,21041,280,220,1064,730,8626,160,3550,1450,2551,120,30,0,0,70,406,60,208,250,221,30,50,0,0,1060,24278,97310,40,118,830,1535,750,2360,1000,4310,650,4518,710,3855,4630,200805,4620,34888,60,168,60,28,1860,2279,90,194,150,81,260,230,370,67,1280,1635,80,31,1020,2162,110,308,110,345,710,178,6160,51085,1600,4249,1380,3395,1290,1786,280,219,30,9,4030,32621,4860,35401,30,35,40,136,930,3129,5330,17083
TX,77331,0,2640,950,1240,420,1360,5340,1570,0,0,0,160317,2640,162234,1980,102619,750,864,410,3055,380,1960,0,0,550,6502,400,4554,370,7238,760,19476,150,80,437,580,7707,120,1892,610,1917,90,21,0,0,90,510,30,139,90,104,0,0,0,0,570,14045,71429,30,85,460,1015,480,2329,550,3637,330,2388,430,2843,1960,110552,1960,20808,40,189,20,17,690,966,100,144,60,34,110,109,120,20,360,425,40,15,390,1066,50,177,50,188,140,34,2500,26388,590,1540,510,1306,380,480,110,96,30,6,1770,19841,2000,21256,50,81,60,113,470,2112,2040,6604
TX,77335,0,860,350,360,150,510,1750,580,0,0,0,34616,860,34903,690,25995,150,142,60,71,50,46,0,0,160,1180,50,97,70,862,150,2585,30,40,206,120,1227,0,0,190,287,0,0,0,0,0,0,0,0,30,25,0,0,0,0,90,1823,7409,0,0,60,99,60,108,90,255,40,191,60,299,570,20828,570,3233,0,0,0,0,200,193,0,0,0,0,20,14,50,8,130,147,0,0,130,210,0,0,0,0,80,20,820,5165,260,625,230,540,170,218,30,20,0,0,500,2997,600,3346,0,0,0,0,120,310,710,2094
TX,77336,0,5860,2160,2780,870,2730,12900,4610,120,0,120,482025,5860,486417,5080,364499,1360,2139,800,4533,740,3355,30,64,1090,11499,760,13811,480,11670,1060,24684,100,210,1178,700,9937,310,32321,1400,4392,220,57,0,0,120,856,70,376,300,300,50,73,0,0,1750,43523,259035,40,261,1440,3504,1540,8603,1710,12799,1360,11284,1400,7719,4710,358448,4690,74514,130,368,40,18,1900,3231,210,1043,260,156,350,377,250,41,1150,1479,90,27,800,2373,90,295,90,271,370,102,5610,84039,1000,2524,880,2084,740,989,350,301,40,19,4240,71283,4660,75187,180,296,170,680,1100,8325,4570,15833
TX,77338,0,17570,8120,4660,4500,9300,36030,14730,440,170,270,724368,17570,731125,15860,629776,1650,1447,770,3115,700,2436,60,58,3420,20183,750,6793,670,9518,2110,35514,70,660,3112,970,10988,230,8528,3890,6757,490,124,0,0,130,529,150,581,1120,1162,190,417,0,0,3610,69067,253885,130,341,2730,4556,2570,8595,3450,14758,2500,14372,2790,12535,12940,423596,12960,67668,100,290,190,119,6060,7123,150,122,980,598,1600,1505,1230,208,3620,4294,250,122,2120,4601,340,911,380,1004,1770,389,17030,107211,5230,14099,4670,12181,4140,5606,1890,1656,160,62,10540,60335,12570,66406,50,100,60,198,2330,7398,14950,47253
TX,77339,0,18790,8250,8210,2070,7780,37700,11990,310,40,270,1695116,18790,1716265,15960,1203254,5230,10197,4080,42821,3820,33339,240,337,3310,60320,3590,92518,2260,64170,3810,90707,120,470,2622,2860,48504,1120,76029,5540,21149,990,269,160,3789,520,3349,360,1693,1780,1955,250,527,50,1195,6080,143104,892657,270,1810,4830,10594,5250,29987,5940,44137,4450,29765,5080,34629,15900,1311935,15830,276215,530,2309,170,134,6600,12247,1310,4252,1030,637,1470,1548,740,128,3290,4565,460,165,2540,8913,280,868,310,967,910,265,17930,297875,2070,4438,1690,3632,1450,1888,1360,1158,130,57,14760,264070,15740,278797,670,1474,730,2889,4560,34517,13340,40131
TX,77340,0,10430,5460,3290,1550,4800,18260,5430,190,0,190,532685,10430,538318,8790,335881,2280,3638,1390,8572,1280,6427,50,103,1700,13136,1300,39438,960,19930,2100,61817,350,180,867,1430,21199,490,23113,2390,5633,370,99,30,519,190,1067,140,580,800,824,140,373,0,0,1880,42841,217681,60,234,1600,3021,1430,6442,1820,11150,1040,6600,1540,10799,7810,361476,7760,65924,100,456,50,21,3200,3485,400,296,440,260,990,865,670,82,1360,1516,110,32,1100,2659,100,274,100,293,590,127,10050,84192,2230,5205,1970,4636,1480,1984,1100,956,40,19,6690,62600,7350,66658,50,70,120,889,1580,7178,8400,22243
TX,77345,0,12100,4330,6930,710,4940,27390,9760,110,0,110,1892117,12100,1916203,10380,1320769,5200,9725,4640,59635,4360,47321,220,442,2190,61717,4180,123429,1720,64640,2530,73422,80,240,1216,1910,36971,1250,130552,3570,24086,670,175,240,6821,510,4359,270,1538,830,932,220,462,80,2212,6070,174287,1359341,310,3319,4990,13803,5670,43678,5990,61795,4850,39874,5380,51010,10400,1578585,10280,379732,1040,3310,80,79,4480,13265,1760,8472,640,385,810,933,210,37,1620,2271,350,120,1760,9168,100,349,130,405,230,102,11520,387429,520,955,410,753,360,479,750,644,50,41,9940,367636,10300,385004,1480,3017,1410,5012,3640,37931,7680,31348
TX,77346,0,26920,10600,12200,3720,11970,58670,21840,360,80,280,2347718,26920,2371044,24200,1882291,6400,14799,4500,27117,4210,19117,320,500,4980,67906,3950,78319,2070,48408,4580,104284,120,860,4523,2600,40931,1290,92840,7720,23326,1610,428,130,2701,560,4027,460,2297,2550,2718,410,865,60,536,10900,254408,1453998,400,3067,8740,19718,9780,54581,10710,79379,9120,64814,9020,54696,22560,1751865,22490,356038,810,2268,230,195,10360,19688,1360,6643,2270,1396,2430,2562,1020,167,5830,7967,640,283,3360,11122,360,1029,420,1180,1280,370,26120,395285,3390,7889,2890,6458,2500,3219,2280,1938,150,82,20640,336913,22110,354734,950,1583,830,2945,5530,33260,20660,68074
TX,77351,0,11190,4430,4760,1850,6570,23230,7840,50,0,50,576869,11190,583984,8740,383866,2910,4521,1430,9558,1300,6602,70,82,2160,28290,1320,22842,1180,21611,2460,54676,490,390,2101,1880,22647,480,25820,2560,7115,280,71,30,692,320,1925,150,777,420,385,80,158,0,0,1890,44132,207220,90,366,1570,2952,1460,5723,1840,9547,1030,6743,1370,9533,7880,379780,7840,69616,130,381,100,55,2950,3906,330,868,300,186,440,419,600,95,1760,2157,130,41,1710,4479,190,602,200,644,1040,252,10510,87944,2930,7607,2610,6523,2020,2639,440,375,90,43,6940,64245,8130,70367,100,152,160,638,1880,11026,8730,26449
TX,77354,0,15510,6190,7550,1560,7080,33710,11970,210,40,160,1541823,15510,1560493,13340,1082443,3980,7386,2960,17117,2750,11980,160,240,3280,56302,2720,170935,1330,32016,2410,57559,230,380,2069,1630,24755,1080,94704,4450,18670,540,139,110,2495,450,3073,240,1246,1050,1098,180,325,70,2528,5500,145156,958457,210,1561,4470,11370,4910,32618,5390,46501,4460,41007,4430,33332,12380,1202347,12320,260302,620,1915,110,81,4970,11130,850,5474,770,465,1030,998,520,93,2640,3385,270,83,2550,8339,210,691,230,751,1030,267,14790,281206,1980,4792,1630,3795,1700,2451,970,799,100,52,11330,251326,12660,264539,810,1377,790,4207,3550,28217,11330,39030
TX,77355,0,11230,4270,5660,1160,5160,24670,8640,150,20,130,1078843,11230,1091688,9670,755145,2930,5569,1920,14900,1780,11065,110,165,2380,43743,1750,62357,960,22754,1880,45167,200,320,1659,1300,19827,760,102449,3030,12845,380,95,70,1769,310,2130,170,936,620,631,80,153,60,2883,3790,97737,674160,110,744,3110,7968,3410,22136,3720,31477,3060,28256,2990,21975,8980,835886,8950,188735,390,1284,110,84,3550,7554,560,3353,510,282,650,645,420,71,2020,2733,210,112,1850,5935,180,539,200,602,830,213,10750,198520,1630,3854,1350,3090,1330,1831,630,515,90,53,8160,181809,9150,191126,550,1061,530,1852,2370,27790,8380,31002
TX,77356,0,13210,5000,6830,1160,6600,26630,7460,180,60,130,1540352,13210,1562887,9980,890374,5110,15087,3940,46941,3680,34842,200,412,2970,74228,3800,116060,2480,81330,3580,109208,330,310,1755,3150,57684,1590,134799,3840,22535,480,127,170,4642,680,4598,250,1452,730,754,130,283,100,2486,5850,167594,1052680,270,2740,4930,12542,5350,40599,5780,56917,4360,39730,4860,37482,10970,1223077,10870,281738,770,3772,100,85,4260,11198,1420,7236,510,316,640,697,350,58,1820,2416,250,88,2280,9855,170,512,190,580,550,170,12330,289781,1300,2912,1060,2290,870,1101,620,535,70,37,10290,270607,11020,287396,770,1672,920,4075,3700,40569,8520,31051
TX,77357,0,9610,3710,4050,1700,5140,21970,8830,220,40,180,474839,9610,479273,8020,380413,1230,1492,660,2288,600,1461,30,28,2090,24291,620,5664,480,7799,1370,27293,100,290,1516,860,10786,210,13877,2270,4434,160,39,0,0,110,666,70,351,370,374,50,115,0,0,1720,38159,174877,50,209,1360,2648,1300,5585,1670,8805,1120,7555,1230,6997,6760,298612,6760,52147,90,202,80,51,2780,3331,130,77,250,145,450,408,490,82,1890,2341,130,65,1670,3813,150,439,150,492,1070,247,9200,73835,2380,6635,2060,5366,2200,3334,470,355,70,29,5770,48713,7190,53500,80,86,80,109,1550,5401,7810,24799
TX,77358,0,2250,970,890,360,1130,4500,1470,20,0,20,130664,2250,132093,1880,92870,530,747,250,1428,220,889,0,0,450,3540,240,7719,180,2661,450,9996,210,40,215,300,3630,130,7437,540,1429,70,16,0,0,50,319,30,109,100,91,0,0,0,0,450,11142,50431,0,0,360,705,350,1488,440,2367,290,2336,330,2116,1700,89849,1700,16281,30,134,0,0,610,722,50,82,70,43,110,114,130,22,360,417,20,7,330,768,30,91,30,112,140,35,2120,19389,470,1275,420,1090,360,465,100,89,0,0,1510,15369,1720,16447,30,34,50,144,390,2580,1770,5275
TX,77359,0,310,110,140,70,180,640,200,0,0,0,15165,310,15268,230,10479,70,14,0,0,0,0,0,0,70,274,0,0,30,333,100,2204,40,0,0,60,783,0,0,80,103,0,0,0,0,0,0,0,0,0,0,0,0,0,0,50,1191,5800,0,0,50,78,40,101,50,214,30,198,40,276,240,9561,240,1436,0,0,0,0,80,67,0,0,0,0,0,0,0,0,40,51,0,0,60,61,0,0,0,0,0,0,300,2071,80,202,70,174,60,64,0,0,0,0,210,1519,240,1623,0,0,0,0,60,216,230,706
TX,77360,0,2150,910,890,320,1060,4210,1240,0,0,0,91682,2150,92568,1590,60823,580,449,230,702,210,414,0,0,310,3134,230,1838,260,4989,580,11778,30,90,411,470,4949,70,1735,390,886,30,8,0,0,40,227,30,108,60,47,0,0,0,0,330,7155,28849,0,0,250,487,250,983,310,1659,200,1180,210,847,1490,55720,1490,9054,0,0,0,0,470,601,50,63,40,21,50,46,120,21,270,327,20,6,250,596,30,83,40,111,240,50,2010,12931,560,1379,490,1179,360,462,50,40,0,0,1330,8297,1550,9064,0,0,0,0,330,858,1710,4751
TX,77362,0,2350,950,1080,300,1070,5050,1790,40,0,40,161488,2350,163224,1980,122862,500,602,310,1521,260,1154,0,0,530,6997,280,4258,190,3856,390,7937,40,70,372,270,4037,140,7031,660,1736,60,16,0,0,50,316,30,124,150,157,0,0,0,0,610,13445,79218,0,0,480,1047,530,2471,600,3657,470,3613,470,2994,1850,116105,1840,22826,40,127,0,0,720,929,60,64,110,62,160,150,100,16,450,577,30,8,440,1207,30,90,30,104,170,40,2240,26184,370,965,310,785,340,496,140,116,0,0,1650,21713,1900,23453,60,111,60,130,520,2795,1760,5238
TX,77363,0,1480,650,580,230,720,3020,1020,0,0,0,86470,1480,87428,1210,61765,310,335,130,289,120,182,0,0,320,4909,140,2650,90,1255,230,4851,120,40,186,170,1952,60,2172,330,958,0,0,0,0,40,219,0,0,60,59,0,0,0,0,230,4941,23352,0,0,180,312,200,639,200,999,160,1139,160,923,1060,61824,1050,13389,0,0,0,0,360,384,20,4,30,11,40,37,80,16,240,280,0,0,250,682,20,62,20,61,130,21,1380,15620,350,752,280,602,220,308,50,41,0,0,940,12909,1120,13895,0,0,20,133,250,1260,1150,3140
TX,77364,0,980,400,410,170,530,1840,470,0,0,0,51709,980,52139,680,31066,300,201,140,689,130,474,0,0,200,958,120,839,160,3342,350,7772,50,50,254,240,2954,20,344,200,430,0,0,0,0,0,0,0,0,30,30,0,0,0,0,180,3998,17538,0,0,150,255,160,467,170,834,120,707,130,640,710,34402,710,6073,0,0,0,0,220,252,30,55,20,12,20,14,50,9,110,108,0,0,120,250,0,0,0,0,70,12,900,7292,230,551,190,479,140,178,20,20,0,0,640,5586,720,6031,0,0,0,0,200,1091,750,2267
TX,77365,0,14370,5490,6510,2190,7530,32230,12140,230,60,180,955594,14370,965844,12330,747667,2600,4256,1530,6881,1400,5224,130,128,2960,43251,1420,18725,900,16888,2030,45117,80,430,2142,1310,19004,520,33882,3820,10250,490,133,40,1047,210,1347,150,766,880,908,130,259,30,564,4080,94934,528444,160,762,3220,6976,3500,21098,3990,29713,3210,23981,3110,17982,10910,665932,10900,130734,260,669,130,96,4600,6603,400,1250,670,405,830,807,630,113,2960,3622,200,102,2280,6363,220,620,230,718,1420,349,13770,155445,2830,7621,2410,6062,2630,3862,800,667,90,44,9540,123399,11260,131960,310,414,290,572,2670,14908,11300,36678
TX,77371,0,2850,1080,1140,600,1550,6420,2550,0,0,0,126714,2850,127616,2420,100994,370,448,140,469,130,236,0,0,540,5171,130,1430,140,2130,400,7319,120,120,516,230,2404,60,941,600,902,70,18,0,0,0,0,0,0,120,101,0,0,0,0,470,11174,42827,30,61,360,755,300,823,440,1772,230,1407,310,1613,1950,74994,1950,11247,40,80,0,0,800,914,0,0,60,36,120,124,180,33,550,705,30,11,400,889,30,98,40,113,290,72,2750,18414,850,2389,770,2029,660,930,130,104,0,0,1700,10330,2040,11443,0,0,0,0,320,1030,2450,8189
TX,77372,0,4880,1900,2110,830,2480,10890,4170,80,0,80,233347,4880,234966,4170,192626,570,378,270,400,230,223,0,0,900,8373,220,1031,240,3015,740,13287,70,200,942,430,4524,70,7641,1040,1619,100,26,0,0,60,250,30,63,210,192,30,41,0,0,730,15909,67369,20,53,570,1174,550,1511,700,2870,470,2860,510,2590,3590,145213,3580,23898,30,63,40,18,1530,1857,30,0,180,101,250,218,270,45,1080,1422,50,17,670,1450,80,214,80,235,520,125,4680,34725,1180,3019,990,2423,920,1275,240,188,30,15,3130,21966,3680,23850,0,0,20,13,600,2360,4170,12697
TX,77373,0,26870,12150,9140,5140,11730,54820,20440,630,150,480,1444194,26870,1456760,24080,1220921,3800,2908,2210,5637,2000,3555,150,133,4980,38121,1870,17686,1480,22022,3850,70875,100,990,4973,2100,26980,520,20730,6820,12566,970,251,40,647,270,1356,320,1311,2320,2420,310,627,0,0,6830,134948,613231,210,661,5260,9854,5570,21510,6590,33633,5310,31557,5290,26819,21160,954526,21140,162798,230,560,250,175,9270,12946,450,1740,1720,1090,2380,2382,1580,255,5510,6943,520,210,3300,7474,460,1410,520,1512,2100,521,26010,215333,5740,14940,4980,12526,4410,6111,2520,2185,210,121,18400,149889,20860,160170,200,254,190,557,4250,14561,22110,67397
TX,77375,0,21010,8650,9060,3000,9160,46140,17440,370,80,290,1608714,21010,1627415,18610,1268400,4240,5244,2890,14458,2680,9688,270,392,3960,54573,2600,55810,1350,25059,2940,57785,160,690,3353,1680,23014,890,100812,5990,18701,900,240,60,1126,350,2140,300,1293,1950,2054,270,501,40,2081,7040,158989,923546,330,2466,5400,11771,6220,34700,6880,50206,5810,43516,5450,28125,17140,1174226,17070,240432,470,1307,200,165,7750,14825,760,4851,1660,1041,1660,1628,990,153,4770,6382,350,127,2970,8538,370,1213,420,1332,1430,367,20170,274695,3350,8123,2830,6666,2780,3840,1540,1260,160,87,15340,226294,17020,238733,630,1017,550,1833,4030,23231,16380,54924
TX,77377,0,16020,6250,7980,1550,7050,35110,12470,230,50,170,1653248,16020,1672039,13840,1228385,5070,9173,3840,24706,3600,13576,170,259,3260,59697,3530,110431,1490,31536,2590,60690,220,490,2665,1790,28028,1270,97625,4890,18791,700,182,120,2566,520,3532,330,1784,1290,1370,220,417,80,2364,6770,164232,1079539,190,1349,5540,13505,6220,40339,6680,56278,5600,43527,5620,36377,13440,1291633,13370,273943,640,2131,130,108,5650,10926,1110,3771,1150,697,1140,1183,480,86,2930,3998,300,106,2530,8806,230,712,270,786,810,225,15260,293618,1510,3331,1220,2612,1200,1582,1040,872,110,54,12550,264702,13520,278445,880,1237,850,3914,3980,30341,11380,38818
TX,77378,0,7080,2840,2650,1480,3260,15780,6440,160,110,60,322564,7080,325944,6140,252606,940,1752,480,1833,460,1257,0,0,1420,16728,440,4850,360,6867,960,18007,140,180,896,610,7424,230,10461,1580,3380,160,37,0,0,120,613,60,237,320,320,40,72,0,0,1170,27969,110947,30,88,940,1998,920,3574,1130,6034,810,5624,830,4255,4960,193784,4960,32683,70,171,50,33,2150,2369,120,85,290,151,320,290,410,64,1450,1633,80,42,1050,2741,100,356,110,384,800,182,6800,48338,1890,5075,1680,4240,1780,2716,360,304,50,12,4110,30134,5040,33473,50,60,60,115,980,3832,5920,18349
TX,77379,0,34700,14010,16920,3280,15220,74610,26160,520,90,430,3787197,34700,3833285,29710,2729795,11430,24823,9240,81203,8650,62000,380,546,7090,142892,8350,193220,3810,106742,5940,147059,240,990,5582,4380,78023,3190,277912,10560,46088,1660,420,350,8179,1160,8803,790,4491,2840,3049,550,1143,160,4252,14280,363783,2472691,490,4875,11740,28653,12970,88102,14020,123813,11380,90536,12040,87877,28940,3004660,28750,675309,1700,5641,370,328,12460,28719,3040,14633,2170,1338,2740,2970,1110,204,5680,7700,790,294,5380,20463,590,1871,690,2166,1590,512,33050,701578,3620,8257,2940,6470,2610,3470,2600,2238,260,133,26860,639452,28860,674618,2320,4158,2350,7981,9000,75217,24000,85757
TX,77380,0,12300,6100,4630,1360,5380,22880,6650,140,40,100,1757617,12300,1783675,10500,1103337,3560,16653,2920,70575,2760,54895,190,533,2280,65432,2780,206093,1190,37210,1900,48322,60,380,1916,1470,24759,1120,158474,3610,26058,350,89,180,5547,460,3309,240,1261,1020,1106,160,357,60,2278,3560,121268,1133872,270,4623,2810,8429,2900,29823,3460,43682,2310,23739,2960,34542,10280,1493790,10210,400481,610,3887,100,65,3920,18253,1240,13974,440,258,780,790,450,75,1500,1820,210,62,1830,8396,200,598,220,648,730,169,11690,418759,1520,3364,1270,2790,1080,1428,740,626,100,53,9520,385048,10180,402811,930,3692,990,7527,3060,39788,8490,45553
TX,77381,0,16010,6310,8460,1050,6980,33340,10430,170,40,130,3044143,16010,3081305,13460,1934613,7160,24587,6390,107860,6040,83473,270,1143,3130,103265,5940,313886,2240,74804,3210,93448,120,380,1971,2490,45658,2000,297788,4740,37162,600,153,320,10184,760,6059,360,2191,1050,1157,200,394,130,5579,7640,243916,2251492,340,6339,6440,18619,7060,66768,7530,93208,5730,51615,6640,74879,13620,2631590,13440,690336,1440,5164,120,122,5670,27147,2580,22518,690,384,920,1046,350,65,1650,2241,400,117,2620,13219,200,600,250,691,420,148,15170,737596,1090,2111,890,1769,620,808,850,767,100,55,12930,652166,13520,681386,2270,6183,2300,11982,5150,60561,9660,53687
TX,77382,0,14880,5390,8400,940,6890,35550,14050,100,30,70,3205275,14880,3242040,12750,2165664,7080,26162,6390,89941,6060,67247,400,1170,2820,97300,5960,382887,1690,47700,2430,66893,100,310,1823,1590,28110,1990,284931,4410,36765,550,142,330,10993,710,6622,330,2005,810,887,180,460,120,3131,8210,283403,2576689,540,9378,6740,23548,7670,89266,8140,123760,6720,73746,7100,72028,12780,2767359,12590,727592,2060,8180,90,101,5760,28918,2620,23171,810,456,880,1025,220,35,1830,2469,340,101,2400,14327,150,502,190,570,310,155,14030,718139,670,1265,520,946,480,637,790,710,80,64,12110,701593,12620,732879,2810,7288,2610,10609,4900,79135,8850,42960
TX,77384,0,7450,3260,3550,560,3270,14770,4230,100,0,100,888507,7450,898288,5860,552651,2930,4624,2210,15046,2060,10808,140,149,1340,24934,2010,36602,1190,28472,1810,49405,60,160,888,1480,24230,570,46619,2060,9781,260,66,70,1727,250,1702,150,741,560,612,110,209,0,0,3080,76986,607821,150,1335,2540,6001,2720,17522,3030,25295,2280,18997,2560,15552,6380,724875,6320,154101,330,1003,40,21,2240,6054,750,4033,360,205,430,453,190,33,790,1057,120,35,990,3863,90,217,80,240,240,67,7030,165316,520,1039,410,815,330,421,390,331,40,14,6090,148787,6370,154915,480,681,450,1711,1960,14144,5030,18313
TX,77385,0,9950,4020,4600,1190,4090,21810,8020,130,50,80,730450,9950,738540,8780,602519,2180,1644,1410,4560,1310,3170,90,81,1860,22784,1280,16185,760,14247,1610,32903,60,270,1304,940,13094,440,24869,2860,8090,460,117,30,854,210,1274,160,688,1010,1047,130,246,0,0,3590,75396,416196,110,504,2780,5890,3220,16483,3510,23610,3030,20706,2800,14079,8090,525449,8080,98748,190,386,90,56,3630,5541,380,1064,670,403,780,755,420,69,2200,2949,210,66,1370,3836,150,382,170,435,560,139,9600,113758,1360,3234,1120,2661,1090,1536,720,577,70,31,7390,93208,8040,98607,250,267,210,314,1970,9930,7680,23260
TX,77386,0,21120,8110,10110,2550,8560,47760,18080,210,60,150,2049477,21120,2069139,19180,1682518,5320,6325,3780,17684,3500,12645,330,476,3920,54245,3510,73669,1340,26839,2930,63557,100,660,3557,1580,22481,1120,99761,6150,19662,970,253,110,2721,440,2607,380,1796,2100,2196,310,602,50,1351,9180,219135,1376491,430,3394,7070,17055,8300,53210,9030,75522,8000,67001,7400,42024,17900,1564657,17860,331539,890,2441,180,127,8200,19946,1140,9430,1900,1171,1640,1694,750,117,4720,6536,400,285,2820,8844,310,960,340,1050,1080,329,20390,356574,2390,5501,1990,4585,1920,2564,1490,1250,160,85,16510,311779,17620,326726,1170,1751,950,2071,4490,32086,16030,56276
TX,77388,0,20690,8670,9100,2560,8860,43430,15340,340,70,260,1628328,20690,1645325,18130,1274878,5270,5271,3770,15756,3510,10965,170,201,4070,55389,3240,43239,1730,35546,3440,76560,110,630,3271,2260,34546,1090,50345,5970,16997,980,256,100,1860,450,2630,420,2130,1810,1995,280,563,40,582,7290,155216,903996,220,1095,5860,12302,6430,31812,7110,46717,5890,40390,5950,32064,17110,1207497,17060,231876,460,1319,200,164,7360,13978,1050,4950,1430,866,1810,1922,830,140,4050,5517,410,154,2980,8668,360,1125,390,1217,1190,347,19870,256154,2640,6033,2100,4708,1910,2586,1700,1455,170,112,15750,218156,17110,230407,630,732,600,1389,4620,23086,15420,46135
TX,77389,0,12820,4490,6980,1180,6180,29820,11010,110,30,80,1716799,12820,1736081,11140,1313769,4380,9253,3460,29838,3260,20860,260,772,2650,65909,3220,90856,1160,31462,2000,51619,90,330,1662,1350,23750,1180,99624,3800,19282,470,122,150,4300,460,3671,220,1252,940,1002,120,272,60,1148,5930,171342,1280129,320,3987,4780,12806,5500,53518,5860,71878,4970,50069,4880,33453,10770,1391190,10710,335081,1020,3656,80,63,4630,20163,1270,15343,850,521,750,788,400,66,2100,2805,200,73,2080,8305,170,513,180,537,650,195,12280,336603,1270,2987,1050,2375,1120,1600,730,624,90,51,10010,314926,10820,330994,1360,2972,1260,3365,3410,37040,8850,35146
TX,77396,0,21220,8920,7010,4930,11300,47000,19900,370,180,190,1306937,21220,1319140,19210,1124709,2840,2837,1720,6659,1590,4973,190,251,4560,35031,1590,19809,680,11786,2370,43536,60,730,3549,990,12155,540,35911,5650,12203,810,212,60,1375,220,1294,240,1084,1660,1782,230,484,0,0,6030,136222,707348,250,1525,4660,9943,4790,28542,5820,41641,4580,34370,4860,26564,16400,887022,16400,175401,490,1252,150,111,8020,10583,500,1262,1680,1051,1950,1932,1190,190,4720,5650,350,220,3020,7775,310,943,340,1058,2050,492,20590,220992,5100,13938,4490,11690,4630,6694,2090,1818,130,61,13620,164821,16200,175840,560,832,480,742,3390,16614,17500,59706
TX,77401,0,7970,3230,4240,410,4570,17330,6120,70,20,50,2674032,7970,2717176,6340,1450306,4900,22206,4740,86960,4540,67575,140,732,2090,107277,4430,473535,1010,31677,1150,30874,90,120,641,1080,21414,2120,412297,2860,43144,160,43,480,16891,670,7158,240,1699,260,314,70,184,160,5688,4410,185775,2201453,240,6200,3810,14253,4070,63193,4350,84631,3140,47792,3950,54069,7020,2424576,6840,681001,1490,6455,40,25,3310,12595,2210,9398,610,364,320,403,90,19,370,464,130,143,2010,16213,70,256,80,267,150,92,7310,721811,250,367,170,262,120,162,270,241,30,18,6690,674572,6940,710682,2280,7384,2330,16751,2840,60417,3800,33731
TX,77406,0,18050,6830,9150,1760,8060,38880,13260,150,50,100,2114169,18050,2141600,15840,1564065,6130,10411,4630,31597,4310,23963,220,354,3720,79113,4140,99575,1800,50937,3190,78929,230,490,2662,2040,34626,1550,162792,5760,27431,1040,274,200,4759,620,4667,380,2259,1680,1835,270,589,130,4369,8350,211457,1467297,250,2861,6770,17107,7640,53314,8230,74730,7010,61194,6910,42882,15330,1691690,15240,383117,900,2693,140,160,6480,16306,1530,8542,1440,912,1360,1548,480,82,3020,4007,380,150,2800,11222,230,747,290,877,630,221,17300,399542,1560,3425,1290,2760,1170,1569,1210,1096,110,75,14360,367457,15220,385797,1290,2275,1210,3365,4620,40852,12530,45858
TX,77407,0,19140,7070,8740,2980,9640,43970,17370,300,190,110,1517429,19140,1534813,17420,1272238,4080,3050,2510,7650,2270,5552,220,204,4490,51975,2340,17756,870,15841,2110,36750,30,670,3631,880,12429,1060,53928,6570,17384,920,242,50,1063,340,1656,380,1938,2290,2403,370,928,30,520,8420,188780,969501,300,2598,6510,13176,7420,42449,8280,60367,7390,55969,6560,28873,15940,1081993,15950,209513,430,1059,360,323,8100,15917,710,4743,2110,1428,2170,2408,870,156,4750,6342,330,214,3130,8740,690,2423,750,2672,1440,458,18540,236209,2990,7206,2410,5392,2280,3069,2110,1939,310,161,14210,194601,15900,206246,460,519,340,448,3940,18476,14870,50804
TX,77414,0,9200,3630,3410,2050,4920,19260,7120,20,0,20,498795,9200,503638,7990,379816,2250,2173,1080,5683,1000,4442,60,57,1450,13227,950,12206,740,13895,1650,36401,270,530,2246,1090,14769,300,7741,1970,4843,250,64,20,346,180,965,100,575,430,431,70,139,30,82,1680,36719,166202,80,302,1330,2601,1180,4713,1610,7865,840,4798,1280,6748,6660,334456,6630,58574,110,293,70,50,2630,3320,270,277,280,162,500,527,410,74,1570,1929,140,85,1140,3009,130,396,150,434,1010,261,8920,75611,2390,6668,2170,5923,1840,2449,550,497,50,23,5800,55252,6730,59472,60,60,110,342,1410,8288,7510,23743
TX,77417,0,860,360,320,180,490,1840,700,0,0,0,39688,860,40034,760,31868,160,52,70,51,60,34,0,0,160,890,40,34,60,534,150,3028,60,30,118,90,996,0,0,210,346,0,0,0,0,0,0,0,0,40,44,0,0,0,0,140,2650,12086,0,0,100,170,100,323,120,535,90,535,100,422,630,24674,630,3904,0,0,0,0,270,329,0,0,40,31,50,46,50,8,180,213,0,0,120,243,0,0,0,0,90,17,830,5629,210,549,190,456,170,219,50,39,0,0,550,3542,650,3880,0,0,0,0,120,496,740,2204
TX,77418,0,4480,1920,1900,640,2590,8810,2830,0,0,0,439971,4480,446355,3530,212690,1670,4413,990,8059,910,6070,0,0,980,22974,890,18457,540,9938,1000,22354,510,90,514,760,10866,360,57594,1270,6384,150,39,40,862,220,1352,80,434,240,255,40,91,40,1518,1170,27430,208148,20,140,1010,2201,1020,5230,1140,7727,780,6591,950,7830,3450,349783,3400,64038,80,364,30,17,1340,2379,270,947,180,119,200,234,210,31,670,863,60,22,800,2942,80,233,70,223,380,84,4130,71884,740,1919,650,1663,560,774,210,202,40,27,3110,61691,3510,65732,120,266,180,631,980,7910,3180,12364
TX,77420,0,1050,400,420,240,630,2230,840,0,0,0,55542,1050,56152,880,41165,300,174,120,644,100,351,0,0,220,2297,90,1790,80,1237,210,3807,90,40,186,120,1516,40,-66,240,610,30,8,0,0,0,0,0,0,30,28,0,0,0,0,160,3084,16759,0,0,130,236,130,384,160,645,90,497,110,595,790,36808,790,6120,0,0,0,0,370,431,30,8,50,28,60,65,70,13,220,267,0,0,170,393,0,0,0,0,90,19,1000,8046,250,684,220,568,200,275,70,49,0,0,680,5641,790,6218,0,0,0,0,170,626,840,2613
TX,77422,0,5670,2210,2450,960,2650,11720,3930,190,0,190,346727,5670,349945,4750,266238,1790,1354,820,3748,750,2388,20,11,940,8294,630,6744,530,10367,1310,27201,300,310,1370,830,10866,140,11637,1080,3218,100,28,0,0,80,332,70,412,220,198,60,94,0,0,1150,24944,116538,50,180,900,2046,860,2423,1100,5073,690,4062,880,4677,4430,241805,4420,43397,70,193,40,28,1750,2028,180,30,190,123,360,327,290,53,1020,1313,160,146,630,1692,70,237,80,268,490,141,5480,55497,1080,2755,960,2355,760,973,340,279,30,11,4010,41338,4460,43860,50,67,70,210,910,4257,4610,15165
TX,77423,0,4690,1810,1870,960,2570,10880,4550,30,0,30,254639,4690,257383,4080,205015,730,688,440,1776,400,1197,0,0,1040,13481,400,7889,200,4099,560,10378,150,110,511,330,4259,160,5167,1300,2744,160,43,0,0,80,396,30,147,320,304,40,72,0,0,1060,24024,121367,30,58,810,1635,900,5068,1030,6932,800,6217,780,4268,3450,164163,3450,28927,50,142,50,27,1550,1894,110,53,260,164,240,228,250,42,1040,1272,40,14,830,2139,80,244,90,258,540,120,4460,39117,1180,3338,1040,2797,1090,1608,320,296,30,19,2880,26960,3520,29724,60,59,70,214,850,3980,3750,12575
TX,77426,0,990,440,420,110,670,1880,530,0,0,0,82867,990,84094,770,48304,410,1106,250,2711,210,2092,0,0,210,3353,250,8942,140,3547,220,5186,160,20,87,170,2872,90,4267,280,1227,0,0,0,0,40,200,0,0,50,51,0,0,0,0,270,8624,51174,0,0,240,525,230,1356,270,2012,170,1714,240,2111,770,62831,760,13318,20,113,0,0,310,287,70,22,20,11,60,69,50,10,120,143,0,0,180,647,0,0,0,0,60,10,920,15976,160,381,150,342,100,121,50,55,0,0,680,12921,760,13970,40,63,50,276,230,2204,700,2002
TX,77429,0,35790,13840,17350,4060,15080,79190,29560,400,120,280,4014268,35790,4057358,31860,2911551,10370,16376,8220,58667,7680,43306,330,605,6910,125852,7360,320197,2950,69198,5230,118025,340,1100,5808,3250,53152,2710,346828,10470,43090,1720,442,320,7459,1020,7756,710,3787,2850,3034,470,974,180,4815,14350,339518,2620663,470,3746,11590,28346,13050,81590,14060,116034,12010,94449,11600,78896,30150,3222618,29980,725414,1580,4700,300,256,13600,25454,2670,9127,2790,1709,2900,3146,1140,190,7090,9564,760,337,5300,19344,510,1558,590,1770,1680,515,34380,768880,3720,8566,3070,6909,2920,3954,2760,2383,230,157,27820,701184,29820,733698,2330,4075,2170,6656,8660,78368,25750,94625
TX,77430,0,1000,420,510,80,520,2070,630,0,0,0,72623,1000,73406,840,56538,340,151,180,709,160,474,0,0,170,3388,180,1342,90,1709,210,4203,120,30,119,160,2128,40,1052,260,783,0,0,0,0,20,125,0,0,50,41,0,0,0,0,240,5196,30642,0,0,200,538,200,984,240,1576,180,1385,180,999,830,53366,820,10028,0,0,0,0,280,716,40,412,30,13,60,59,30,6,160,214,0,0,150,552,0,0,0,0,70,11,960,10804,150,339,110,286,90,120,60,43,0,0,760,8972,830,9701,30,39,30,21,240,1328,750,2349
TX,77433,0,31430,11170,15510,4290,14240,75130,30890,360,150,220,3058067,31430,3091428,28390,2500250,7960,10093,5650,28491,5280,19127,410,649,6370,91071,5200,109673,1920,42024,4170,88597,210,1000,5248,2000,31646,1860,150862,9680,33361,1670,443,180,5082,640,4739,510,2687,2960,3216,510,987,120,3722,14010,350654,2127566,480,3151,11020,27424,12740,91280,13760,126737,12230,105632,11230,61302,26120,2303664,26030,483797,1510,4195,330,283,12800,25081,1760,8122,3160,1937,2810,3008,1160,186,7270,9814,550,253,4560,14673,510,1553,610,1812,1850,563,30360,532740,4200,10653,3540,8447,3550,4966,2770,2414,240,132,23570,458732,25890,482912,1850,2421,1530,3537,6730,49576,23780,89868
TX,77434,0,2030,810,630,560,1170,4360,1800,0,0,0,81513,2030,82638,1800,61203,340,259,150,624,150,470,0,0,360,3083,140,2688,100,1087,280,4697,100,40,241,160,2032,80,3443,440,1125,40,10,0,0,40,238,0,0,80,61,0,0,0,0,190,3545,14844,0,0,140,209,130,411,170,703,90,456,150,632,1440,47940,1440,7849,0,0,20,10,640,606,40,3,70,41,90,97,150,24,380,425,20,4,290,737,50,145,50,157,220,48,1950,12496,650,1813,580,1607,520,707,120,104,0,0,1170,7240,1410,8238,0,0,0,0,300,1405,1680,5333
TX,77435,0,2300,930,1020,330,1260,4860,1750,0,0,0,153655,2300,156504,1980,109025,740,786,350,1034,350,741,0,0,410,5879,320,7848,240,3456,450,9276,260,50,281,280,4257,140,4205,680,2849,110,30,0,0,80,571,30,110,130,123,20,28,50,333,440,9321,60476,0,0,360,756,360,1542,410,2411,280,1980,340,2140,1800,111138,1800,20485,40,143,0,0,740,889,70,9,110,72,150,163,130,23,450,552,30,10,370,1431,30,85,30,86,160,41,2190,24323,370,941,330,829,290,403,160,129,0,0,1620,19578,1790,21356,40,43,60,99,470,2848,1720,5086
TX,77437,0,7840,3220,2980,1610,4980,16610,6450,0,0,0,445772,7840,454388,6820,304041,2130,3055,1010,6130,930,4853,0,0,1390,23799,930,17773,550,8271,1070,18600,610,180,841,820,11022,480,25495,2020,8616,300,78,50,1081,360,2301,130,722,320,343,70,105,170,1057,1280,29849,155673,20,57,1140,2045,1010,4705,1260,7008,720,4721,970,5493,5770,305919,5730,57519,100,314,40,22,2410,2824,260,37,320,192,430,432,430,68,1460,1852,80,29,1330,4581,90,268,100,282,840,177,7510,74114,1890,5217,1690,4594,1470,2015,460,407,50,21,4990,54849,5800,60841,70,100,130,1151,1330,9389,6180,20251
TX,77441,0,5250,1380,3570,240,2610,13190,4760,20,0,20,980771,5250,990888,4560,730928,2610,3723,2150,19028,2000,14341,180,262,1130,36470,1970,39348,690,24437,1030,31763,120,110,586,720,14483,700,76948,1670,10117,300,74,80,1724,250,1934,110,718,320,334,40,93,40,973,3390,101969,775991,170,1376,2760,8121,3200,31574,3370,41703,2940,32466,2840,19307,4680,820759,4660,202702,680,1953,0,0,2020,8632,830,6805,470,291,240,276,60,9,670,850,70,20,900,4720,40,112,40,120,90,42,5050,194516,240,519,190,432,170,230,210,183,0,0,4520,194071,4680,203074,980,1647,880,1635,1720,27375,3230,15408
TX,77442,0,420,160,170,70,260,860,300,0,0,0,24058,420,24938,320,13699,140,206,60,368,50,275,0,0,70,411,80,1043,50,597,70,919,80,0,0,60,820,40,1785,140,880,0,0,0,0,30,163,0,0,0,0,0,0,0,0,60,1300,6527,0,0,40,87,40,116,50,226,0,0,40,267,330,16606,320,2809,0,0,0,0,130,152,0,0,20,20,20,20,0,0,80,99,0,0,100,433,0,0,0,0,30,7,360,3069,80,205,70,180,70,89,0,0,0,0,280,2657,320,3166,0,0,0,0,100,1061,270,897
TX,77444,0,400,200,150,60,210,770,270,0,0,0,20914,400,21145,350,16835,80,13,40,36,30,42,0,0,70,293,40,149,20,443,60,775,50,0,0,50,567,0,0,110,231,0,0,0,0,0,0,0,0,20,16,0,0,0,0,60,978,6153,0,0,50,99,40,186,60,305,40,266,30,59,300,14495,300,2478,0,0,0,0,110,132,0,0,0,0,20,24,0,0,70,84,0,0,80,169,0,0,0,0,30,4,370,3099,70,204,60,175,60,76,20,20,0,0,280,2345,330,2592,0,0,0,0,80,332,290,859
TX,77445,0,5400,2300,1910,1110,3120,11320,4380,60,40,20,304914,5400,308790,4640,215574,1020,2838,550,4934,490,3810,0,0,1020,12675,510,21317,350,5448,800,17438,470,130,653,570,7440,190,23225,1190,3876,150,36,0,0,100,690,80,395,220,218,30,61,0,0,960,23410,133404,0,0,800,1580,800,4167,950,6007,620,5127,770,5779,3870,208034,3860,42332,60,241,50,26,1600,1924,120,154,200,130,320,289,260,40,980,1153,40,15,760,1929,90,273,90,280,530,119,5190,59889,1340,3648,1220,3203,1180,1713,400,370,40,20,3200,40366,3820,43349,80,165,90,669,790,4178,4430,15553
TX,77447,0,6300,2580,2790,860,3250,13910,5200,90,30,60,432133,6300,437009,5490,331908,1140,2071,680,3834,630,2515,30,19,1360,15916,610,16001,410,7753,870,17883,220,150,762,550,7657,320,28377,1710,4876,170,38,0,0,130,945,90,446,400,393,50,111,20,744,1570,35227,213353,50,201,1200,2614,1330,6730,1530,10014,1230,9596,1200,7209,4920,309019,4920,63152,90,385,60,42,2050,2996,200,485,270,172,410,424,290,51,1280,1659,100,32,1040,2832,130,339,140,372,660,156,6040,77196,1190,3204,1020,2559,1100,1645,430,352,50,24,4300,60155,5040,64565,140,305,140,755,1210,6442,4910,16604
TX,77449,0,48030,20570,17020,9650,23910,105950,44350,1040,490,550,2284887,48030,2309131,42900,2034435,5180,2361,2800,6277,2540,4495,210,176,10420,97084,2350,11877,1710,23435,4980,71939,100,1700,8707,2080,23234,860,24798,13670,24244,1510,388,60,1010,420,1868,540,2219,4280,4445,610,1389,0,0,11410,206907,864958,340,1079,8500,14362,9310,34007,10970,52312,9130,53418,8340,34581,36730,1405821,36770,224789,270,607,660,446,18400,26262,540,2382,3320,2087,4790,5004,2920,504,11730,15122,780,312,7580,17548,1320,4045,1430,4419,5180,1272,46270,317325,11300,29378,9580,23679,9510,13504,5060,4490,640,287,30640,198527,36760,220209,240,180,200,260,7800,23659,39500,119567
TX,77450,0,31360,12710,15000,3200,12860,68110,24740,390,130,260,3399187,31360,3438184,27540,2651404,10170,16958,8090,64070,7580,48686,280,508,6100,122202,7230,160214,2610,64406,4370,100011,180,870,4782,2920,48051,2380,181433,9320,38997,1370,356,280,7322,900,6235,690,3892,2530,2805,360,905,120,3091,11230,273411,2058654,370,3815,9180,23697,10120,73759,10970,103250,8810,66801,9290,62760,26000,2730052,25840,614720,1710,4833,350,323,11410,34314,2870,22037,1840,1100,2560,2929,980,163,5200,6777,750,247,4790,17542,630,2186,680,2408,1510,451,29900,629961,3320,7639,2690,5901,2340,3120,2380,2175,280,169,24070,581360,25920,611252,2530,4268,2360,6574,8120,65938,21740,68772
TX,77455,0,890,380,370,140,530,1790,590,0,0,0,52891,890,54083,740,36149,300,178,110,362,110,266,0,0,200,1700,110,2417,70,671,120,2446,140,0,0,90,1124,50,3914,280,1192,30,8,0,0,70,421,0,0,40,36,0,0,30,65,130,2899,18442,0,0,120,224,110,401,130,635,70,506,110,507,690,37352,690,6639,0,0,0,0,280,315,20,1,30,13,50,53,50,8,180,228,0,0,190,597,0,0,0,0,80,21,830,7552,140,327,120,284,110,143,50,43,0,0,620,6320,700,7108,0,0,20,98,180,1701,660,1907
TX,77459,0,30060,11690,14460,3380,14490,65570,23450,440,290,150,3228522,30060,3265933,26190,2508563,9940,17402,7570,42434,7060,29948,420,983,6330,104958,6900,117826,2830,66514,5390,133447,140,920,5135,3560,61675,2700,180751,9180,37411,1380,352,330,7856,880,6139,730,4119,2590,2834,530,1236,90,1315,14370,363767,2330798,530,5667,11700,27354,13000,97768,14130,133856,11710,97792,12460,81585,25350,2513303,25200,553843,1680,4912,350,363,10910,19575,2360,7551,2510,1530,2720,3211,900,180,4650,5927,660,345,4460,16580,650,2457,740,2737,1150,358,28700,587504,3020,6601,2500,5294,1970,2618,2580,2438,300,200,23550,536191,25170,561612,2040,3376,1850,5088,7930,61056,20790,76490
TX,77461,0,4870,2030,2040,730,2600,10250,3690,60,20,40,293597,4870,296703,4140,231611,1240,1262,660,2100,620,1385,0,0,920,13036,580,6217,410,5952,910,17561,370,100,496,530,6581,190,6014,1280,3106,170,44,0,0,90,472,60,307,280,266,50,77,0,0,1060,22304,116642,0,0,870,1759,910,4024,1010,6151,790,5686,820,3307,3830,203865,3810,35924,60,195,40,21,1580,1919,150,10,310,183,320,328,220,35,990,1246,80,22,790,1984,100,338,110,349,370,83,4630,44266,870,2260,750,1887,670,918,330,266,50,30,3440,33810,3860,36411,60,87,70,154,890,3994,3800,11451
TX,77465,0,3040,1220,1240,550,1730,6650,2570,0,0,0,155818,3040,158179,2420,106042,720,690,300,1317,270,956,0,0,710,9305,300,3489,220,2927,550,11230,160,170,735,370,4275,110,7937,920,2361,110,30,0,0,80,427,70,227,120,99,30,54,0,0,490,11060,49274,30,68,410,749,360,1150,490,2077,230,1208,350,1865,2150,100857,2150,18089,30,98,40,24,870,1049,60,19,70,40,160,164,140,30,560,721,40,16,630,1808,110,387,120,399,420,104,2900,21717,790,2067,640,1623,600,831,160,136,50,24,1870,17002,2300,19358,0,0,30,305,590,5151,2360,6944
TX,77468,0,100,30,30,30,60,200,60,0,0,0,5169,100,5169,90,3864,0,0,0,0,0,0,0,0,0,0,0,0,0,0,0,0,0,0,0,0,0,0,0,0,0,0,0,0,0,0,0,0,0,0,0,0,0,0,0,0,0,0,0,0,0,0,0,0,0,0,0,0,0,0,70,3456,70,586,0,0,0,0,30,16,0,0,0,0,0,0,0,0,0,0,0,0,0,0,0,0,0,0,0,0,90,691,30,64,20,58,0,0,0,0,0,0,60,520,70,568,0,0,0,0,0,0,80,213
TX,77469,0,19230,7850,7480,3590,9600,41140,15620,300,120,180,1316022,19230,1330561,16950,1026641,3950,5100,2500,15123,2290,8659,120,151,3800,45625,2250,36956,1380,29416,3010,64519,180,610,3216,1850,27972,950,56982,5300,14539,690,180,80,1595,340,2070,260,1384,1640,1702,240,564,60,542,6230,140070,749453,170,1090,4850,9946,5360,30176,6050,42557,4970,38209,4890,27066,15280,927720,15270,180922,370,1177,270,246,6910,11486,660,2150,1380,862,1640,1770,1000,167,3980,5034,300,95,2790,7798,480,1547,520,1767,1410,377,18540,213439,3820,9885,3330,8336,2990,4040,1630,1472,210,105,13420,169632,15110,181179,410,674,420,1614,3670,20399,15000,49150
TX,77471,0,17200,7410,5450,4150,8820,36130,14480,290,110,180,773714,17200,781003,15100,633682,2470,2594,1270,5248,1150,4108,80,73,3040,29237,1080,10286,940,14223,2410,44853,210,470,2343,1280,15885,320,15454,3990,7289,450,114,0,0,220,1038,150,601,1020,992,140,338,0,0,3060,59546,266803,120,348,2250,4079,2330,9833,2840,14983,2120,13849,2140,9947,12720,476978,12700,78639,100,503,170,113,5710,6717,260,304,1040,647,1170,1189,1140,178,3530,4082,220,81,2400,5322,340,1061,350,1131,1610,357,16610,116038,4850,13512,4320,11701,3930,5356,1270,1129,150,73,10500,71922,12460,78843,100,86,100,276,2430,8755,14370,44605
TX,77474,0,6180,2480,2580,1000,3440,13140,4850,20,0,20,383122,6180,387953,5340,286078,1670,2115,940,8944,880,6255,20,15,1070,12272,820,16715,540,9807,1010,19687,510,210,1044,690,9937,280,18253,1440,4831,180,46,20,371,200,1065,60,351,300,326,40,91,20,1044,1310,30005,161055,30,63,1100,2393,1120,4643,1280,7325,940,7442,1000,7799,4740,267697,4710,50241,80,491,50,31,1970,3290,220,967,290,182,320,355,350,67,1210,1589,80,48,880,2237,90,280,90,296,540,127,5890,61196,1200,3007,1040,2628,1010,1362,350,316,40,32,4170,46950,4700,50321,110,121,140,547,1100,6215,4820,15438
TX,77477,0,15940,7390,5060,3220,8300,31440,11390,470,370,110,797447,15940,806942,14100,667632,2570,2850,1560,5230,1420,3612,80,57,3370,30847,1400,12118,800,13054,1790,32476,40,540,2722,1090,14424,530,20942,4490,9495,450,117,40,522,230,1042,270,1363,1330,1496,240,548,0,0,2870,56297,261498,110,404,2280,4119,2000,7387,2760,12624,1800,10712,2390,13857,12260,527302,12270,91286,110,317,310,246,5270,6659,370,816,850,518,1610,1754,1040,196,2780,3158,190,93,2370,5519,560,1891,620,2099,1540,360,15310,116968,3750,9442,3170,7805,2700,3626,1660,1529,250,121,10560,84105,12300,90975,120,149,140,307,3090,10952,12470,35413
TX,77478,0,12220,5130,5900,990,6160,24220,7030,200,130,70,1647863,12220,1673408,10000,979079,5180,22465,4150,53104,3900,40317,120,383,2800,68056,3950,125894,1540,43569,2150,56010,90,310,1634,1960,38146,1810,251970,3950,25545,360,90,190,4454,620,4407,460,3041,710,792,220,559,70,2677,4400,134589,1084987,160,1422,3680,9715,3910,29916,4310,45303,2970,23815,3700,46995,10240,1366947,10150,341696,610,2565,210,168,4160,9595,1520,5204,530,307,960,1188,380,82,1310,1639,240,90,2290,9285,440,1714,480,1801,590,214,11430,358114,1220,2514,930,1814,660,915,870,830,190,109,9610,334208,10370,349594,820,1993,1000,6199,3550,38211,7690,32605
TX,77479,0,35550,12280,20660,2120,16940,83380,30760,300,150,150,5611109,35550,5686256,30870,4028396,17000,55548,13540,127640,12750,95819,500,1340,7380,232689,12880,342072,3240,86532,4680,124724,170,720,4312,3710,69589,5790,579835,11290,75147,1120,288,690,18819,1570,12802,1310,8961,1930,2163,580,1526,240,7223,16880,479030,3956562,700,11964,14150,39238,15600,152895,16680,207489,13370,124200,14250,103927,30310,4707449,30060,1167690,3670,11437,550,617,14210,46428,5230,31311,2690,1528,2910,3644,770,172,4690,6050,780,446,6200,29434,990,4189,1160,4741,1500,700,33480,1175981,2320,4825,1800,3532,1480,1993,2630,2521,500,302,28610,1123106,30300,1176921,4580,8276,4510,14677,11590,136207,21410,95181
TX,77480,0,3210,1140,1470,540,1550,6960,2440,50,0,50,210720,3210,212347,2690,163935,990,596,500,2057,460,1638,0,0,510,4311,360,3804,370,12739,770,16008,200,170,738,490,6524,80,2355,640,1627,80,21,0,0,40,225,30,174,140,140,30,34,0,0,670,14313,72529,40,198,520,1191,490,1636,650,3203,400,2404,490,2704,2550,149214,2530,26723,50,92,20,12,1040,1435,90,170,120,72,230,225,150,26,630,828,70,61,300,791,40,96,40,109,270,73,3110,32711,630,1630,550,1456,460,595,250,203,0,0,2310,25146,2540,26448,40,40,40,49,550,2979,2580,9062
TX,77482,0,1020,370,470,180,520,2210,770,0,0,0,59439,1020,59863,900,48380,280,116,100,246,100,168,0,0,170,659,100,294,80,1642,230,4332,60,70,330,120,1451,0,0,220,424,30,9,0,0,0,0,0,0,50,48,0,0,0,0,170,3778,17667,0,0,130,274,130,333,170,698,110,675,110,584,800,40264,800,6693,0,0,0,0,320,392,0,0,30,14,70,71,50,10,210,260,0,0,120,289,0,0,0,0,90,23,990,8758,220,579,210,516,160,204,70,53,0,0,710,6301,790,6759,0,0,0,0,170,769,830,2645
TX,77484,0,5120,2070,2340,660,2870,11260,4090,60,30,30,332173,5120,336097,4310,241267,1160,2319,630,3756,570,2466,0,0,1130,14241,580,14715,350,6025,840,19680,430,120,565,620,7964,250,23550,1330,3924,150,39,0,0,140,851,60,309,270,271,30,64,0,0,1080,25109,133158,0,0,930,1941,900,4388,1060,6566,760,6053,830,4456,3970,233544,3970,45764,70,244,40,27,1590,2245,140,365,160,104,280,278,220,36,1010,1289,70,26,900,2420,100,280,100,284,490,115,4840,53593,930,2311,760,1877,850,1226,270,256,40,15,3490,43520,4000,46797,90,110,100,417,1030,7225,3910,12701
TX,77485,0,1500,650,600,240,740,2960,990,0,0,0,80789,1500,81709,1270,61952,400,357,190,373,160,285,0,0,240,2712,150,1357,140,1694,280,5248,120,30,182,160,1938,70,647,360,920,40,9,0,0,30,197,0,0,80,65,0,0,0,0,250,4700,22312,0,0,200,410,190,709,240,1152,150,945,190,905,1170,55110,1180,9487,0,0,0,0,470,543,30,1,70,36,100,88,90,17,280,346,0,0,200,500,20,73,30,80,110,23,1430,11552,290,688,250,598,190,233,100,78,0,0,1050,8913,1140,9608,0,0,0,0,280,1266,1170,3488
TX,77486,0,3180,1240,1430,490,1480,6600,2180,70,0,70,198223,3180,200026,2640,148789,990,639,560,2083,530,1658,0,0,520,4741,460,3967,410,8898,800,18107,130,130,524,530,7508,90,3080,720,1803,130,33,0,0,60,283,40,214,180,176,40,61,0,0,730,16128,75851,20,88,570,1229,570,2085,700,3627,460,2590,560,3297,2540,137506,2520,23798,40,85,30,13,990,1117,150,17,120,76,190,190,170,32,560,721,70,56,390,1075,50,155,50,168,290,67,3070,29813,610,1453,520,1260,440,555,210,179,0,0,2270,22628,2520,24119,40,32,50,51,620,2434,2460,7902
TX,77488,0,6100,2600,1930,1520,3250,12150,4470,0,0,0,285847,6100,289115,5180,206953,1560,1656,690,5227,640,3657,0,0,1090,8890,570,7784,490,8345,1160,22214,300,230,960,750,9054,240,10306,1360,3268,190,48,0,0,140,739,50,262,280,268,40,71,40,348,890,20510,90361,0,0,720,1255,670,2494,850,3998,480,2994,700,4508,4370,182401,4360,31360,50,168,50,24,1800,2109,180,156,260,163,380,359,360,59,1030,1176,80,28,820,2044,130,351,120,338,500,107,5840,44182,1780,4809,1600,4247,1250,1644,430,371,70,39,3690,29253,4310,32043,20,20,70,215,990,4260,4910,15632
TX,77489,0,18840,9040,3980,5360,9950,35260,13640,740,510,240,777553,18840,783866,16830,658001,1900,704,1060,1688,890,1264,40,23,4150,7363,680,1573,980,15136,3340,68039,50,790,3907,1630,18840,230,3373,4390,6313,680,169,0,0,110,308,200,657,1390,1523,230,540,0,0,4950,90616,335386,100,273,3920,6464,3760,10393,4750,18694,3520,18107,4360,25090,14020,460484,14050,72836,70,107,260,203,6110,6603,130,27,1190,730,1990,2009,1220,210,3050,3261,390,172,2150,3891,490,1331,510,1471,1290,263,18350,113143,5430,14281,4860,12378,3730,4885,2440,2277,210,102,11620,66164,13600,71143,30,21,30,16,2730,6984,15850,47884
TX,77493,0,12520,5000,5570,1750,5690,27640,10530,200,60,140,891906,12520,902883,11060,718464,2810,3205,1800,9738,1630,7085,90,103,2550,36532,1540,23956,820,16362,1790,34722,160,380,1905,1080,14830,570,32444,3770,10977,590,153,50,1261,290,1668,190,942,1200,1303,140,313,30,366,3970,87655,481628,120,516,3140,6503,3530,18572,3890,26387,3290,23699,3110,18345,10150,636204,10100,121170,250,868,120,63,4630,7388,490,1537,780,505,1070,1158,570,99,2750,3706,230,95,1980,5855,220,658,250,684,980,235,11990,138844,1890,4804,1620,3863,1700,2398,990,880,100,63,8990,113781,10080,121957,320,379,300,738,2500,15511,9600,29900
TX,77494,0,37730,11330,23240,2670,16370,98080,40400,280,90,190,5536297,37730,5590463,34150,4623387,15430,18124,12050,79333,11370,61905,840,1432,6780,157243,11160,200718,2770,66453,4810,118198,260,940,5253,2690,45788,3530,240031,11580,54166,1820,472,380,9473,1080,8293,930,5398,2910,3166,620,1483,170,4724,20940,557824,4176029,990,7615,16620,46193,19460,184795,20700,242453,18290,170613,16810,94079,33000,4513516,32810,1043199,4080,11327,300,299,15840,54454,4590,37201,3660,2202,2630,3173,680,111,7200,9702,630,261,5350,21407,540,1821,600,2004,1230,511,36270,1031276,2350,5224,1890,3966,1820,2354,2420,2287,270,148,31300,989265,32830,1029437,5250,7718,4350,7389,10940,110371,25210,99782
TX,77498,0,21930,9280,9250,3080,11030,47070,17870,400,250,150,1478485,21930,1496311,19220,1162363,5010,5028,3420,13823,3170,9830,150,183,5000,60340,3070,36417,1240,23272,2560,50114,80,710,3682,1600,23213,1440,83851,6770,17826,740,188,80,1346,410,2237,470,2609,1760,1898,310,758,30,792,5720,125090,681244,220,1150,4580,9150,4810,24712,5580,36206,4270,28128,4710,26294,17110,1056079,17120,206793,390,933,490,411,7920,13256,940,3850,1280,770,2360,2669,1090,210,4050,5166,400,170,3870,9633,990,3841,1090,4202,1820,489,20980,242334,4170,10452,3430,8043,2890,3964,2430,2284,470,228,15060,193551,17460,206304,470,496,460,1015,4710,23596,16580,50250
TX,77502,0,15680,6510,5470,3580,9920,36510,16290,490,310,180,614663,15680,618991,13450,505746,1700,1577,690,3015,630,2234,40,21,3080,30213,540,3846,750,11448,1650,28997,60,790,3481,1000,11492,160,4918,3240,4328,220,54,0,0,100,464,70,285,460,432,100,181,0,0,2460,50023,165079,80,150,1900,3772,1470,3802,2280,8395,1250,6008,1690,8176,11010,331675,11000,47557,60,115,160,92,5460,6340,170,38,610,396,1110,1024,1000,168,3630,4468,270,163,2450,5131,300,953,310,1018,2740,712,15110,86357,4510,13102,3970,10664,4250,6158,1230,980,130,81,8810,41216,11460,47531,0,0,30,63,1940,5083,13490,43547
TX,77503,0,10460,4580,3490,2290,5960,23110,9810,270,160,100,438901,10460,441366,9270,382085,1190,687,420,921,400,646,20,16,1640,13582,380,2429,450,6863,1150,16616,40,570,2565,660,7192,80,1014,1900,2465,200,51,0,0,40,124,50,170,370,344,70,151,0,0,1630,33462,122681,50,128,1280,2581,960,2535,1540,5901,890,4438,1110,4720,7660,254406,7660,39297,40,50,90,70,3620,4511,90,35,530,335,840,807,640,110,2400,3020,170,79,1270,2424,170,460,190,528,1670,437,10160,62526,2760,7638,2420,6380,2390,3382,860,665,80,34,6420,34724,7830,38040,0,0,0,0,1170,2675,9140,28841
TX,77504,0,9880,4420,3190,2160,5350,20820,8260,410,310,100,501724,9880,506179,8590,379523,1610,2786,810,6514,740,5157,0,0,1770,21539,670,9420,610,10968,1290,27192,50,410,1816,870,12626,220,16902,2140,4455,230,63,0,0,90,510,90,474,430,409,70,152,0,0,1790,36549,162818,40,132,1450,2852,1230,4765,1680,8147,1040,6239,1360,7578,7330,327490,7310,60588,60,174,90,61,3180,3750,200,148,450,277,760,715,510,81,1930,2337,130,51,1390,3279,160,476,170,531,1250,307,9540,83991,2510,7157,2210,6025,2160,3018,780,626,80,37,6220,57002,7470,61594,60,68,80,846,1450,5041,8180,25783
TX,77505,0,10690,4740,4360,1440,5230,21470,7270,180,100,80,781172,10690,788152,9370,594629,3020,3474,1590,6133,1470,4362,50,66,1790,25586,1320,17461,910,19315,1840,46261,80,360,1870,1140,17236,450,38950,2630,6980,510,134,40,734,160,1038,170,842,690,722,120,283,20,605,3130,71893,395247,70,403,2570,5792,2670,12213,3040,19202,2330,14345,2540,15321,8790,570717,8760,110613,160,457,90,68,3540,4553,440,221,530,312,930,986,430,67,1840,2397,260,116,1370,3990,140,476,170,544,800,216,10360,126258,1560,3647,1320,2999,1150,1514,900,741,60,39,8030,106060,8760,111739,210,262,230,613,2070,13337,8350,25916
TX,77506,0,13890,5520,4600,3710,9140,34010,16250,480,330,160,459549,13890,462617,12070,397725,840,366,260,952,220,480,30,14,2880,26998,180,2138,260,3237,920,12369,30,720,3274,460,3946,90,1317,2900,3068,90,22,0,0,0,0,30,93,290,247,60,102,0,0,1450,30126,93579,60,146,1060,2039,590,1291,1290,3942,460,2193,830,3140,9040,217342,9060,29002,40,89,130,80,4670,5099,40,6,400,269,860,724,900,155,3260,3820,160,69,2420,4371,240,764,260,861,2720,653,13480,71330,4800,14483,4270,11838,4680,6893,990,798,90,37,6860,23915,9790,29273,0,0,0,0,1510,2818,12270,41126
TX,77510,0,6560,2710,2870,910,2920,13230,4200,110,40,70,429592,6560,432887,5510,332350,1860,1924,900,2811,790,2037,0,0,920,10553,750,8417,760,15528,1520,35260,180,260,1387,960,13258,200,5422,1220,3295,160,39,0,0,100,615,90,411,310,306,70,125,0,0,1560,31577,173844,20,76,1270,2763,1360,5927,1540,9188,1190,8035,1170,5434,5320,307979,5300,54446,80,188,50,36,1970,2296,180,66,320,195,390,391,300,50,1140,1500,120,43,630,1747,70,221,80,259,400,110,6310,67145,990,2294,860,2006,630,801,390,296,30,13,4930,52055,5260,54821,70,66,70,141,1160,4647,5230,16285
TX,77511,0,20120,8260,8360,3260,10040,43270,15900,290,90,200,1102848,20120,1111179,17410,896048,3760,4071,2030,7848,1870,6014,70,70,3460,34021,1690,16151,1580,33150,3150,63226,410,770,3627,2120,28325,530,20314,4300,8331,590,153,30,523,240,1209,170,791,1050,1028,190,308,0,0,3960,80342,411632,110,366,3170,6396,3270,13134,3830,20724,2800,18311,2930,14905,15410,735375,15400,125822,180,472,220,139,6540,8715,450,1041,860,510,1460,1369,1100,183,4070,5279,350,135,2570,5930,360,1009,390,1157,2200,548,19400,164179,4350,11313,3790,9572,3440,4691,1480,1143,140,51,13540,117106,15600,124807,150,170,150,274,3160,12642,16510,50980
TX,77514,0,2190,850,940,390,1080,4690,1680,0,0,0,132158,2190,133199,1850,101350,510,487,260,1627,250,1417,0,0,440,3278,220,2529,170,3471,440,10254,150,70,326,280,4078,80,1617,470,1041,60,17,0,0,40,236,0,0,80,69,0,0,0,0,460,10516,52765,0,0,350,845,360,1262,440,2276,280,1862,350,2034,1670,91225,1660,16220,20,61,0,0,600,849,50,122,70,42,100,115,80,16,390,495,30,7,310,676,30,86,30,99,180,43,2090,21064,470,1151,410,991,340,438,100,92,0,0,1500,15218,1680,16270,20,33,30,51,390,2030,1710,5676
TX,77515,0,12190,5100,4780,2180,5600,25450,9190,260,0,260,740237,12190,746107,10630,581231,3410,2728,1520,5423,1410,3952,40,26,1910,17691,1200,14657,910,14254,2420,53517,320,500,2258,1380,17673,300,17491,2490,5870,370,95,30,510,150,800,130,590,660,722,150,279,0,0,2620,56019,286370,160,578,2000,4940,2080,8509,2530,15022,1750,10766,2010,10588,9490,515339,9480,91901,160,357,90,59,4060,5382,370,582,580,358,860,841,640,107,2360,3023,390,386,1360,3474,170,500,190,588,1210,324,11760,118097,2520,6469,2260,5694,1910,2526,850,709,60,26,8430,87161,9430,92325,120,162,150,398,1960,8397,9940,32308
TX,77517,0,2640,1010,1270,320,1220,5470,1780,20,0,20,189907,2640,191165,2240,150186,790,949,370,1510,340,1167,0,0,460,3036,330,3843,300,6917,580,12697,110,100,443,350,4614,80,3713,500,1258,70,18,0,0,30,147,30,118,120,121,0,0,0,0,700,14248,90700,0,0,580,1357,610,2893,690,4512,540,3944,520,2415,2150,139346,2140,25559,40,116,0,0,810,1370,80,246,120,75,170,184,100,21,450,598,50,21,290,758,30,58,30,76,160,52,2540,29919,380,875,330,732,260,322,170,132,0,0,2000,24189,2150,25501,50,44,50,149,450,2481,2090,6706
TX,77518,0,4080,1680,1440,910,1970,8800,3490,210,210,0,185676,4080,187357,3430,147490,610,893,280,1440,250,1367,20,14,900,8459,270,2002,180,3246,500,10087,0,190,959,340,4078,110,4950,1000,1681,60,17,0,0,50,183,30,107,180,180,0,0,0,0,650,13636,56076,30,82,470,821,470,1859,600,2897,410,2706,460,1965,2750,116454,2740,20642,30,74,50,38,1070,1302,60,25,120,79,180,170,180,29,660,799,40,12,720,1480,100,387,110,430,450,108,3860,29535,1090,3062,950,2492,980,1414,200,161,50,18,2360,18842,2980,21102,20,46,30,90,630,2517,3300,9944
TX,77519,0,460,170,230,60,280,980,330,0,0,0,24942,460,25176,370,21559,70,7,0,0,0,0,0,0,100,1249,0,0,0,0,60,1003,40,30,149,40,479,0,0,100,234,0,0,0,0,0,0,0,0,0,0,0,0,0,0,60,1457,6187,0,0,60,114,50,72,60,204,30,153,50,426,350,16691,350,2696,0,0,0,0,130,177,0,0,0,0,0,0,0,0,100,132,0,0,70,209,0,0,0,0,50,21,440,3716,100,179,70,146,50,57,0,0,0,0,330,2483,360,2794,0,0,0,0,60,180,370,1200
TX,77520,0,16560,6990,5290,4110,8540,36790,15820,470,40,420,768116,16560,771920,14810,610145,2200,2294,1210,16179,1130,12558,70,68,2320,16015,870,9820,860,21630,2030,34424,70,1220,5159,1300,16856,220,13971,2680,3804,260,65,0,0,80,383,100,355,510,471,130,215,0,0,3010,67837,275763,130,350,2350,4505,1660,5436,2840,11563,1310,6561,2260,10443,11940,466695,11910,81503,150,273,130,78,5610,7684,280,1095,650,419,1320,1172,840,139,3600,4594,280,148,1710,3217,210,572,230,669,2290,648,16110,122276,4680,13281,4280,11585,4030,5491,1500,1166,70,26,9870,73931,11810,78812,40,68,80,430,1860,6070,14380,48393
TX,77521,0,24410,10320,8750,5030,12060,52730,21160,490,80,420,1430613,24410,1440559,21960,1170761,4500,3932,2450,20917,2270,18134,190,410,3470,24361,1850,18736,1680,47336,3610,70452,180,1490,6906,2220,31958,530,30785,4790,9946,830,216,40,823,220,1431,210,1018,1310,1260,270,540,0,0,6530,149274,645177,290,1307,5140,11352,4880,19017,6290,33649,4380,26073,4990,26384,19240,949317,19180,163827,380,739,160,125,8700,12579,590,1725,1280,825,2140,2062,1060,175,5560,7336,520,222,2330,5505,290,775,330,948,2430,781,23770,216761,5010,13439,4490,11633,4190,5648,2200,1739,130,52,16770,151248,18730,159756,170,186,240,550,3460,13557,20390,67685
TX,77523,0,8890,3190,4450,1140,4270,20410,7850,60,0,60,799930,8890,805373,8140,654830,2590,2776,1380,8351,1290,7002,80,80,1350,14386,1160,17955,730,20251,1620,34781,150,360,1738,840,13167,430,26508,2000,5443,520,138,30,604,130,896,100,526,500,459,140,226,0,0,3360,79200,466294,90,405,2770,7491,2950,11324,3310,20037,2780,21883,2670,15846,7530,598997,7510,115515,240,522,40,48,3390,5262,370,889,740,481,780,823,230,40,1980,2740,250,91,850,2603,60,184,70,224,470,150,8660,131597,970,2323,850,1997,750,985,750,593,0,0,7020,110253,7420,114989,240,235,230,590,1660,9824,7020,25050
TX,77530,0,13290,5460,4610,3110,8450,32090,14920,270,200,80,562457,13290,566326,11730,480378,1230,1177,520,1743,460,1062,30,35,2680,23949,410,3872,450,6575,1290,19630,60,550,2605,680,8014,140,8597,2720,3869,220,55,0,0,70,240,100,401,430,376,90,166,0,0,2030,42063,154652,70,187,1570,2920,1260,3652,1890,7418,1140,5739,1450,7152,9650,309451,9640,47977,90,187,140,109,4850,6223,90,44,550,373,1030,972,740,122,3390,4356,260,122,1960,4392,220,641,250,740,1990,505,12870,80833,3640,10119,3190,8248,3520,5261,1120,913,80,34,7650,41531,9640,47059,30,27,40,109,1580,5040,11520,38588
TX,77531,0,6850,2920,2440,1450,3300,14410,5490,150,0,150,355076,6850,357258,6210,300274,1530,922,620,2139,580,1620,30,20,950,5753,480,3304,400,5501,1000,18752,50,360,1713,570,6785,110,5748,1210,2182,140,35,0,0,50,272,50,239,290,262,70,102,0,0,1370,29741,127692,140,519,1050,2647,900,2972,1320,6811,730,3943,1100,5088,5240,229648,5240,39415,80,133,60,32,2340,3031,140,87,330,203,520,460,390,70,1400,1779,280,323,660,1408,100,291,110,300,980,259,6670,54299,1620,4368,1460,3853,1320,1741,530,417,30,14,4540,36303,5190,38391,40,45,50,104,920,3914,5830,19074
TX,77532,0,12650,5070,5410,2020,6340,27120,9830,190,60,140,833538,12650,840427,11020,666324,2840,3921,1500,6348,1380,4837,60,56,2140,20771,1260,20423,1020,22395,2270,46182,280,580,2616,1480,20691,420,25009,2760,6889,490,129,30,758,220,1317,140,693,670,634,110,219,0,0,3410,74611,380784,110,439,2730,6279,2860,12720,3320,20410,2530,16450,2630,13390,10080,585479,10060,104560,170,416,80,56,4210,5902,370,739,660,426,850,876,520,92,2650,3536,260,97,1440,3707,160,526,180,563,870,249,12180,125883,2090,5346,1830,4496,1650,2256,860,716,80,55,9110,98659,10050,104118,150,134,170,416,2130,12193,10160,32847
TX,77534,0,1360,550,630,170,680,2970,1070,0,0,0,98195,1360,98957,1180,77161,420,210,190,316,180,183,0,0,250,1557,150,1117,110,1867,260,5215,100,20,88,140,1886,50,1286,320,762,50,13,0,0,30,169,0,0,80,77,0,0,0,0,300,6845,37451,0,0,250,649,270,1137,300,1890,240,1592,250,1234,1090,71889,1090,13403,20,48,0,0,460,583,50,3,70,34,100,97,60,10,280,376,40,34,160,450,0,0,0,0,100,25,1300,16331,190,485,170,421,150,205,110,82,0,0,1000,12812,1080,13530,20,13,0,0,230,1338,1090,3601
TX,77535,0,12270,4610,5520,1980,6230,27420,10280,110,50,70,716764,12270,721888,10860,602102,2330,1686,1110,4615,1020,3707,80,66,1970,18244,840,10235,840,18852,1960,35230,490,670,3126,1300,16459,270,9266,2340,5124,340,89,0,0,130,817,100,503,510,501,100,219,0,0,2560,56919,259168,120,428,1970,4550,1960,6369,2430,11895,1680,11123,1780,9940,9540,480559,9520,80925,190,475,70,65,3890,5428,210,446,470,283,690,713,580,96,2660,3592,250,86,1370,3503,150,523,170,575,1150,329,11900,108111,2510,6468,2210,5502,1980,2685,740,609,70,51,8470,75310,9510,80398,80,74,90,340,1770,7888,10220,34761
TX,77536,0,15660,6820,6530,2140,7520,31920,10870,170,60,100,1090207,15660,1096750,13610,869982,4480,3484,2150,8166,1990,6028,60,40,2180,17883,1760,18085,1650,35536,3190,74039,120,650,3315,2080,30079,470,24077,3120,6543,650,167,30,556,140,843,150,732,870,856,150,280,20,517,4500,93990,509326,120,319,3680,8323,3790,15500,4370,24955,3360,21155,3560,20292,12920,787102,12880,142764,220,491,100,57,5150,7171,590,779,1020,625,1120,1145,590,94,3020,4092,380,141,1510,3483,180,524,190,571,970,268,15150,168707,2090,4942,1800,4218,1520,2045,1100,863,70,32,11920,135626,12780,141367,200,213,220,560,2750,12048,12490,37778
TX,77538,0,380,140,210,30,220,840,280,0,0,0,23924,380,24040,320,18125,80,33,50,112,40,100,0,0,70,571,30,725,30,310,70,1043,50,0,0,70,814,0,0,70,116,0,0,0,0,0,0,0,0,0,0,0,0,0,0,70,1489,8415,0,0,50,100,60,148,60,323,40,280,40,260,300,16629,300,2839,0,0,0,0,110,143,0,0,0,0,20,21,20,4,80,102,0,0,50,114,0,0,0,0,40,9,370,3539,60,147,60,119,50,67,0,0,0,0,270,2696,290,2898,0,0,0,0,70,321,310,1027
TX,77539,0,18950,8110,7200,3350,8620,38890,13820,470,300,170,1113108,18950,1123300,16540,890488,3950,3483,2020,7802,1860,5779,110,125,3270,36588,1780,16847,1380,27912,3070,69592,170,750,3653,1840,25851,540,32322,4530,10192,700,176,50,1009,280,1512,210,899,1360,1437,200,394,30,176,5020,103639,519456,180,689,3850,7719,4200,20190,4870,29564,3790,24975,3760,17095,14570,762195,14570,135915,200,602,200,144,5780,7715,450,1001,990,618,1300,1318,790,135,3480,4230,320,133,2380,5949,320,1047,370,1203,1570,396,18320,174071,3960,10301,3500,8756,3140,4338,1320,1103,130,65,12960,128200,14650,136495,200,217,200,431,3100,12984,15370,48579
TX,77541,0,7010,2820,2390,1740,3620,15090,6030,190,0,190,318977,7010,321050,6240,263269,1300,902,540,2032,510,1608,30,22,1110,6522,420,5449,390,6500,960,19263,90,460,1884,590,6989,100,2684,1210,2073,100,27,0,0,40,189,60,299,180,201,60,83,0,0,1230,27762,101966,160,760,900,2201,760,1942,1190,5776,530,2647,970,3612,4950,192158,4950,31260,80,142,70,46,2240,3011,120,298,230,134,450,423,360,70,1370,1684,300,369,790,1436,130,454,140,489,1240,318,6810,49066,2060,5978,1900,5239,1670,2277,520,431,60,27,4180,28250,5130,30482,30,25,50,115,790,2889,6080,21059
TX,77545,0,10430,4560,2730,2930,5550,21870,9490,280,200,80,505189,10430,509672,9390,442602,870,437,450,927,400,567,40,26,2710,7705,380,4136,340,4810,1390,21903,30,400,2261,440,5146,170,4433,2910,4483,470,118,0,0,60,249,100,330,990,1048,150,376,0,0,3540,75633,272605,80,338,2720,4785,2840,11614,3410,17671,2820,19637,2930,16454,7870,287412,7880,49636,90,239,100,62,4010,5357,80,174,1020,640,1190,1269,580,89,2400,2818,200,105,1450,3102,210,597,230,626,830,202,10140,68812,2680,7122,2330,5883,2240,3084,1300,1206,90,48,6450,40759,7730,44857,50,69,40,113,1550,4928,8770,28750
TX,77546,0,23210,9480,11180,2250,9630,49430,17430,270,90,190,2605922,23210,2642655,19910,1784979,8900,15808,6020,51297,5640,39158,220,300,4240,84653,5370,166622,2530,56292,4380,113521,170,620,3233,2910,45726,2050,273056,6520,36733,1110,283,240,5917,700,5609,490,2963,1670,1815,340,812,120,9195,8690,223219,1609988,260,1618,7290,18582,7960,53665,8570,76184,6850,57261,7420,52795,19420,2093330,19280,477677,1120,4321,220,244,8090,13167,1840,3650,1460,849,1940,2196,740,129,3630,4890,530,233,3260,12696,380,1225,430,1442,1010,340,22220,503127,2170,4741,1780,3825,1470,1944,1780,1542,190,101,18140,465203,19260,487519,1470,2446,1440,5609,5740,53319,16350,56762
TX,77547,0,4040,1710,1400,890,2740,9640,4470,60,60,0,149435,4040,150315,3560,129272,290,164,90,295,80,244,0,0,740,6591,70,495,110,1059,370,5587,0,180,784,190,1892,20,1490,740,880,50,13,0,0,0,0,0,0,90,77,0,0,0,0,470,9844,32946,0,0,340,628,260,698,420,1515,210,919,320,1674,2870,77230,2870,11245,0,0,40,27,1450,1719,0,0,110,76,300,288,270,47,1030,1261,60,27,570,1144,70,226,70,251,750,191,3910,21050,1160,3184,1000,2657,1060,1559,350,289,30,10,2270,9514,2920,10996,0,0,0,0,450,1100,3510,11334
TX,77550,0,10440,5850,2270,2180,4430,17910,5700,540,220,320,487531,10440,493333,8940,352128,1870,3567,1100,8466,990,6235,40,27,1510,21936,960,18768,560,11283,1600,39623,30,360,1633,1050,12915,300,10956,2140,5802,200,50,30,750,180,877,90,429,630,731,140,364,0,0,1280,27368,179757,60,492,980,1806,970,4490,1210,6906,760,5237,990,6076,7370,334549,7340,83295,90,341,110,67,2380,2545,300,248,250,138,620,565,450,84,1100,1120,90,25,1160,2996,220,662,230,705,950,167,10050,98543,2900,7158,2570,6430,1850,2290,620,534,90,40,6470,68414,7370,72567,110,164,140,1016,1640,6844,8510,23521
TX,77551,0,9400,4900,2530,1850,4260,16880,5560,350,140,210,478065,9400,483280,7940,323804,2020,3814,1190,11731,1100,9379,50,49,1480,20309,1050,17456,690,13169,1620,40748,30,280,1192,1160,17040,350,15773,2050,5215,230,60,30,714,160,703,110,532,550,618,90,201,0,0,1280,28372,175392,60,294,1020,2026,1020,4565,1230,7579,760,5588,1010,6366,6920,330782,6870,63540,100,401,100,56,2580,2544,380,218,260,150,650,582,470,83,1260,1343,80,24,1150,3080,160,420,180,465,850,175,9030,80048,2280,5694,1990,5014,1580,1994,680,564,70,28,6030,60954,6850,65418,120,160,160,659,1540,7971,7530,20190
TX,77554,0,3770,1910,1510,310,1840,6330,1280,40,0,40,413551,3770,419702,2960,241197,1450,3911,1000,13318,920,10103,50,83,750,18339,960,19585,520,15453,900,27180,50,100,507,750,12755,390,40653,1100,6151,110,27,40,1042,170,1148,90,497,230,286,50,104,0,0,1310,36014,246241,70,767,1100,2809,1170,8802,1300,12645,910,8340,1090,6431,3110,338830,3080,79833,160,717,30,25,960,1802,340,581,90,57,210,209,100,22,280,327,50,16,610,2684,70,192,80,215,190,47,3550,88057,390,664,300,538,200,205,190,153,30,14,2940,78050,3130,82686,220,499,260,1124,1010,7902,2500,8085
TX,77560,0,470,180,190,100,240,960,340,0,0,0,24714,470,24818,410,19726,90,51,40,534,40,496,0,0,70,180,20,39,20,345,80,1652,50,20,105,40,548,0,0,80,104,0,0,0,0,0,0,0,0,0,0,0,0,0,0,90,2115,8416,0,0,60,104,60,169,70,296,40,271,50,440,350,16098,350,2613,0,0,0,0,130,146,0,0,0,0,0,0,0,0,90,111,0,0,40,82,0,0,0,0,40,5,450,3634,120,283,110,242,70,89,0,0,0,0,310,2468,340,2661,0,0,0,0,60,280,380,1257
TX,77562,0,4940,2140,1910,850,2400,10230,3640,140,30,120,276195,4940,278115,4300,221024,1030,991,530,3367,500,2889,20,11,730,6810,400,4220,410,8647,850,14830,70,290,1422,600,7606,110,7146,860,1920,100,24,0,0,40,199,30,157,170,168,40,68,0,0,930,20699,88297,30,66,720,1453,620,2072,870,3850,540,3174,680,4054,3850,186359,3820,32247,40,92,30,27,1460,1800,80,79,200,125,310,288,210,38,930,1191,70,27,500,1192,40,129,50,167,440,118,4740,41928,960,2410,850,2045,740,1000,320,241,0,0,3420,30390,3820,32082,40,44,40,80,680,3561,4100,12830
TX,77563,0,4490,1970,1470,1000,2090,8560,2820,90,40,40,243806,4490,245786,3830,189995,1030,752,470,1669,430,1362,20,18,760,4825,420,3019,390,8845,980,20667,40,230,1093,630,7905,150,5040,870,1980,100,25,0,0,70,314,40,219,180,188,30,80,0,0,1010,20671,101615,40,172,800,1612,780,3419,980,5355,660,4671,750,3039,3350,166128,3340,29269,50,96,40,24,1160,1229,100,27,160,98,220,202,210,34,620,693,80,28,500,1026,80,260,80,265,380,99,4330,38699,1110,3094,1020,2763,770,1021,260,214,30,16,3000,27865,3350,29449,50,31,50,32,710,2727,3640,11324
TX,77564,0,670,250,330,80,340,1410,450,0,0,0,37210,670,37495,560,29323,120,42,70,246,60,204,0,0,100,1138,50,204,50,1268,110,1973,60,40,164,90,1235,0,0,120,285,0,0,0,0,0,0,0,0,20,9,0,0,0,0,100,2288,11279,0,0,90,175,80,224,100,476,60,341,60,329,520,24919,520,4063,0,0,0,0,190,244,0,0,0,0,20,23,30,3,140,184,0,0,80,169,0,0,0,0,70,22,630,5426,140,327,120,274,90,107,20,16,0,0,470,3811,520,4116,0,0,0,0,90,364,540,1704
TX,77565,0,3680,1800,1410,400,1800,6710,1800,60,30,30,438450,3680,443674,2970,242620,1250,4589,850,16374,800,13253,60,82,800,13877,800,35630,390,9063,760,20650,30,150,877,550,8618,360,51424,1070,5224,120,31,30,714,160,991,80,426,230,258,30,45,20,604,1250,33012,245348,80,430,1000,2580,1050,7299,1220,10583,880,8454,990,5284,3080,363756,3050,85295,150,644,40,36,1030,2136,280,1008,120,74,210,214,100,17,460,562,50,12,590,2460,80,242,80,272,210,67,3450,89427,370,716,290,546,250,310,210,177,30,17,2890,84502,3110,89122,170,349,220,1654,970,15426,2510,10455
TX,77566,0,14010,5870,6240,1740,5800,28660,9450,250,0,250,1214162,14010,1225725,11970,880729,6050,6536,3450,25873,3250,20520,130,129,2040,34840,2830,36756,1670,34203,3230,85920,160,480,2273,2020,31795,640,60104,3210,11563,500,126,80,1648,260,1481,220,1173,810,853,280,404,40,1741,4100,98093,617687,230,1331,3250,8386,3450,15378,4000,26339,2780,17724,3410,24603,11770,929890,11700,190534,380,1340,100,71,4950,7705,1060,2147,680,415,1110,1070,530,86,2360,3153,510,426,1490,4964,170,453,190,528,960,275,13510,220269,1800,4279,1570,3737,1280,1664,1020,801,70,33,10840,182894,11550,191376,450,618,560,1566,3050,18817,10400,36345
TX,77568,0,7300,3400,1930,1860,3100,13850,4970,220,120,110,319770,7300,322010,6290,250992,1220,1076,510,1765,450,1433,20,10,1060,4617,420,2789,550,10310,1490,33181,30,450,2036,840,9553,90,2734,1280,2240,180,44,0,0,60,265,60,212,360,356,70,152,0,0,1460,28919,116040,40,100,1100,2098,1140,4278,1390,6805,990,5859,1120,5370,5350,198432,5350,31974,40,68,80,47,2020,2174,100,12,370,220,470,441,420,69,1160,1306,70,25,680,1245,130,352,150,414,570,124,7080,47040,2030,5149,1840,4615,1370,1730,570,497,40,11,4610,29753,5190,31633,30,22,30,54,1000,3366,6150,18475
TX,77571,0,16890,7390,6550,2680,7990,34190,11900,220,120,100,1083308,16890,1090064,15090,876454,3710,3642,1680,7034,1540,5056,80,66,2390,17832,1370,20297,1330,27466,2850,58747,130,790,3674,1740,23789,390,42672,3320,6756,570,149,30,553,150,888,160,757,940,929,180,383,20,329,4250,92505,464212,140,597,3450,7664,3410,13374,4100,22667,3110,18549,3200,16174,13750,763218,13740,138163,200,575,130,99,5430,7328,400,611,970,608,1230,1235,690,109,3320,4319,400,153,1610,3666,190,547,230,629,1330,359,16440,167634,2820,6878,2470,5885,2020,2691,1250,991,80,44,12540,130411,13590,136491,130,151,150,760,2660,10453,13870,42507
TX,77573,0,36350,14490,17340,3990,14240,78580,27870,410,140,280,3363382,36350,3397669,32370,2683645,12160,11454,7370,36192,6820,27328,430,531,6420,91607,6460,69588,3230,79013,6310,159392,210,1110,5568,3700,57808,2010,154106,10350,34287,1930,500,230,4811,820,5643,690,3737,3280,3435,490,1054,100,2329,14650,327979,2091737,510,2443,11710,28384,13180,77443,14390,110890,12230,95273,11980,58474,30930,2575718,30830,518212,1220,3339,330,309,13190,21853,2180,5964,2940,1830,2810,3146,1100,180,6970,9406,800,244,4600,14483,550,1621,630,1902,1640,506,35100,563815,3650,8091,3030,6681,2690,3530,2550,2196,250,138,28920,496439,30610,519211,1480,1833,1260,2326,8240,48875,26960,86392
TX,77575,0,5960,2400,2460,1020,3250,13040,4930,50,50,0,343252,5960,346384,5140,262166,1280,1624,710,3739,650,3161,30,11,1040,12081,600,7128,460,8945,970,20386,290,240,1035,690,8901,230,16999,1230,3132,190,45,0,0,100,592,70,295,260,264,40,79,0,0,1190,26713,127354,50,147,930,1915,860,3290,1130,5578,610,3498,850,6910,4420,232508,4380,43169,70,192,40,42,1800,2194,130,22,180,105,290,292,240,39,1230,1632,80,27,740,2095,80,244,90,281,600,165,5700,55662,1310,3228,1170,2853,1020,1361,340,291,40,17,3860,40919,4410,44003,40,102,80,368,850,4324,4880,15930
TX,77577,0,550,220,250,70,260,1160,390,0,0,0,30246,550,30444,460,23695,140,64,60,157,60,86,0,0,120,436,40,56,50,986,110,1887,30,20,118,80,1165,0,0,100,198,0,0,0,0,0,0,0,0,0,0,0,0,0,0,120,2433,10678,0,0,100,197,100,385,110,627,80,547,90,288,410,20219,400,3354,0,0,0,0,160,212,0,0,20,12,30,29,20,4,100,126,0,0,70,114,0,0,0,0,50,12,520,4432,120,339,110,286,80,120,40,25,0,0,370,3143,440,3380,0,0,0,0,90,237,440,1453
TX,77578,0,7580,2960,3440,1050,3610,16600,6020,90,40,50,696931,7580,703236,6690,554883,2100,2742,1290,6124,1200,4255,80,71,1550,21747,1170,16933,570,11347,1230,28223,130,250,1351,700,10107,410,23717,2190,6305,310,81,30,633,120,734,130,699,720,734,130,259,0,0,3120,71608,447636,100,569,2530,5910,2730,17362,3070,24531,2540,20337,2510,13391,6420,530248,6390,112031,250,715,60,44,2780,4645,370,1115,690,430,670,749,290,48,1490,1944,170,84,1040,3245,110,303,120,341,410,127,7270,125611,930,2188,790,1783,680,900,630,554,50,31,5900,107491,6370,112475,330,449,270,584,1620,9953,5710,20185
TX,77581,0,20600,8620,9200,2450,9520,43350,15110,300,90,210,1744517,20600,1763845,17620,1311945,6160,9799,4040,21986,3750,16520,100,192,3740,56225,3530,59340,2130,41860,3960,98186,160,650,3318,2700,40948,1190,101854,5570,19328,960,248,120,2508,440,2884,350,1864,1610,1666,300,651,50,1782,7730,177409,1041953,170,813,6380,14414,6860,40498,7600,58470,6090,43855,6330,37171,17290,1306937,17190,262482,580,1671,170,161,7270,10660,1110,2031,1540,992,1710,1824,740,122,3840,4989,440,199,2750,8802,310,937,350,1068,1150,334,19810,295056,2440,5398,1990,4415,1800,2343,1620,1384,140,104,15910,252165,17060,265776,660,877,630,2178,4560,27149,15300,48272
TX,77583,0,10060,3810,4110,1990,5430,23230,9650,170,110,60,600766,10060,606956,8740,513524,1530,1342,790,1987,720,1220,70,93,2460,23866,700,6752,440,8694,1380,28914,220,380,1916,640,8766,260,8934,3010,6190,370,95,30,638,120,654,100,451,860,904,150,290,0,0,3160,70471,330050,100,401,2420,4967,2670,14001,3090,20486,2580,19446,2440,13279,7680,393745,7690,70127,130,309,90,54,3670,5211,170,493,700,448,850,904,500,77,2360,2955,210,110,1750,4410,190,641,200,603,1080,270,9670,92684,2220,6175,1920,4907,2070,3010,880,762,90,49,6580,64915,8000,70724,140,180,110,225,1830,7441,8090,28727
TX,77584,0,34460,13210,15990,4590,15490,77330,29120,450,230,230,3238882,34460,3271381,30870,2706734,9930,8154,6670,25154,6220,17679,450,600,7040,78429,5990,70780,2510,48520,5300,124959,190,1110,6027,2810,42692,2070,142220,10510,32499,1560,410,250,4953,640,4033,670,3335,3650,4014,700,1642,60,789,15130,345633,2073118,550,4385,12100,27933,13330,86108,14860,121813,12400,93720,12580,69940,29460,2457333,29410,504411,1340,3052,320,273,13440,21330,1970,4894,3540,2194,3240,3674,1140,201,6980,9123,750,347,4670,14536,540,1734,610,1941,1590,512,33330,552927,3770,8645,3090,7087,2860,3886,2950,2626,240,172,27360,483158,29190,505474,1680,2191,1310,2152,7880,46778,25610,88609
TX,77585,0,340,110,190,40,200,780,260,0,0,0,20790,340,20849,300,18211,60,7,0,0,0,0,0,0,50,303,0,0,0,0,50,587,20,0,0,40,545,0,0,50,59,0,0,0,0,0,0,0,0,0,0,0,0,0,0,60,1421,6283,0,0,40,90,40,66,60,182,0,0,40,331,260,14044,260,2188,0,0,0,0,100,131,0,0,0,0,0,0,0,0,80,111,0,0,30,56,0,0,0,0,50,11,320,3248,70,171,60,137,40,61,0,0,0,0,240,2056,270,2188,0,0,0,0,40,108,270,926
TX,77586,0,11080,5150,4660,1110,4550,21420,6510,140,70,80,1129722,11080,1145549,9450,773208,3880,5810,2720,26022,2510,21063,110,120,2020,37306,2470,73748,1280,37634,2160,58680,60,390,2166,1470,25342,820,82989,3080,15827,430,116,110,2621,370,2631,250,1355,840,872,120,270,40,1449,3940,97964,665404,170,1838,3200,7799,3410,21722,3840,32075,2950,24046,3190,20748,9410,900427,9350,196233,440,1577,70,62,3510,6559,860,2844,540,312,770,823,330,52,1500,1972,250,88,1500,5642,140,393,160,453,570,162,10620,213738,1070,2258,880,1871,690,845,710,615,70,36,8820,190058,9360,200011,540,819,540,2653,2750,21851,7850,25958
TX,77587,0,6870,2860,2320,1610,4580,15890,7060,320,280,40,236688,6870,238655,5810,199293,560,390,190,433,150,242,0,0,1610,16425,160,1243,170,2404,560,7804,20,270,1290,320,3065,60,2392,1630,1967,70,19,0,0,20,75,20,88,180,165,30,65,0,0,820,16000,56827,0,0,640,1214,450,1447,760,2960,360,1707,530,2130,4530,119883,4530,17955,30,40,60,36,2210,2370,0,0,220,129,460,414,450,81,1480,1686,80,33,1330,2659,140,392,140,408,1340,319,6540,35316,2210,6622,1930,5283,2000,2891,510,402,70,34,3590,15582,5030,18813,0,0,0,0,930,2417,5840,18695
TX,77590,0,13100,5880,3820,3300,5710,25890,9760,330,190,140,592976,13100,596959,11320,460440,2150,2260,1030,3697,940,2649,30,19,1720,11194,860,6658,1080,24874,2420,50577,70,640,2907,1410,17367,220,8667,2120,3983,250,65,0,0,90,453,90,385,510,491,110,219,0,0,1890,38922,167043,40,112,1460,2656,1270,3707,1770,6969,1030,6012,1440,7393,9350,377278,9350,63810,80,211,90,43,3720,4244,220,113,550,322,770,666,670,110,2240,2507,190,58,1190,2263,190,578,190,599,1160,262,12740,91754,3760,10176,3430,9070,2730,3605,910,721,90,48,8030,59566,9240,63144,50,47,70,94,1650,5832,11170,33993
TX,77591,0,6660,3200,1420,1950,2780,12600,4850,210,100,110,274113,6660,275971,5850,217549,910,530,410,974,370,631,0,0,890,4520,310,2377,410,8128,1310,27985,20,350,1457,680,7936,70,1554,1160,1858,170,45,0,0,30,105,50,202,380,418,60,134,0,0,1290,24871,96058,30,80,960,1684,930,2809,1220,4907,840,4748,1010,5329,4870,165348,4880,26625,30,41,60,29,1970,2114,60,5,360,224,510,446,400,64,1110,1228,100,42,550,1060,100,256,120,303,540,109,6500,39764,2000,5403,1830,4910,1400,1857,630,529,40,14,4120,24512,4660,26013,0,0,0,0,810,2874,5750,17363
TX,77597,0,350,140,150,60,200,670,200,0,0,0,24149,350,24201,310,18837,90,15,40,41,40,35,0,0,50,-16,30,230,30,671,60,1393,20,30,163,60,882,0,0,50,52,0,0,0,0,0,0,0,0,0,0,0,0,0,0,100,2315,10681,0,0,70,142,70,191,90,391,60,378,70,241,280,17442,280,3119,0,0,0,0,90,73,0,0,0,0,0,0,0,0,50,53,0,0,30,31,0,0,0,0,30,4,340,3476,70,171,60,148,40,46,0,0,0,0,260,3003,280,3104,0,0,0,0,50,176,290,878
TX,77598,0,11400,6360,2770,2090,4610,20100,6380,340,200,140,528736,11400,533373,10380,456545,1620,1174,930,3746,880,2585,70,45,1550,10291,800,6947,560,9848,1280,23542,30,460,2255,650,7505,200,6965,2680,4637,330,81,0,0,70,363,110,431,1090,1142,130,295,0,0,1670,31503,145748,90,256,1230,2162,990,3799,1560,6570,870,5474,1290,5972,9170,351585,9170,59738,70,189,160,101,3560,4024,230,370,550,310,1090,1022,700,109,1850,2052,110,38,1080,1997,270,694,300,800,1090,230,11070,78386,2490,5815,2160,5123,1760,2216,1070,910,110,50,7970,55530,8790,58528,60,49,70,165,1650,5479,9530,24963
TX,77611,0,4280,1680,1990,570,2170,8980,2960,30,0,30,283937,4280,286301,3640,214666,1420,1548,570,2177,540,1579,40,45,610,8000,490,5757,490,9743,920,17576,40,220,1070,640,8800,130,9046,860,2364,110,30,0,0,30,335,70,303,220,186,30,74,0,0,910,18668,104814,60,181,710,1424,770,2627,870,4378,620,3724,660,3782,3510,203086,3510,35979,40,117,30,17,1450,1869,170,19,230,140,280,307,190,32,920,1279,40,10,440,1202,50,158,60,181,300,83,4140,43510,680,1527,580,1303,440,535,270,229,0,0,3230,34047,3480,35763,30,41,50,110,710,3294,3480,10283
TX,77612,0,3550,1230,1810,480,2320,7720,2540,0,0,0,222571,3550,224082,3090,183259,830,635,310,616,270,376,60,49,600,3376,240,1113,270,4842,750,15334,380,230,878,450,5628,100,2698,670,1511,100,27,0,0,40,200,40,186,160,136,0,0,0,0,770,18435,87831,60,182,640,1315,590,1648,760,3324,470,2683,580,3451,2820,151927,2810,27398,40,91,0,0,1090,1570,70,103,100,46,220,238,130,24,740,1000,50,13,340,820,40,129,50,136,350,118,3430,34953,630,1640,550,1411,440,583,210,176,0,0,2610,25536,2860,26947,0,0,20,25,480,1583,2970,10256
TX,77616,0,450,140,250,60,300,1090,380,0,0,0,26345,450,26398,400,23302,90,21,30,38,30,24,0,0,50,30,0,0,20,235,80,1697,40,30,169,60,575,0,0,60,53,0,0,0,0,0,0,0,0,0,0,0,0,0,0,60,1286,5822,0,0,50,99,40,88,60,219,30,148,30,188,360,17382,360,2765,0,0,0,0,160,221,0,0,0,0,0,0,30,5,130,182,0,0,30,30,0,0,0,0,60,25,440,3937,90,206,80,176,70,75,0,0,0,0,320,2543,350,2666,0,0,0,0,60,138,390,1396
TX,77619,0,7370,3110,3090,1110,3680,15400,5360,40,0,40,407192,7370,409558,6180,315820,2170,1456,1000,4218,950,3063,70,58,960,10695,820,5321,970,20291,1490,26670,30,420,1604,1090,13849,150,4821,1250,2366,160,41,0,0,70,395,70,268,320,282,40,70,0,0,1240,28008,118667,130,384,920,1700,970,3096,1210,5489,750,3914,920,5343,5910,270986,5870,44157,50,158,50,30,2480,3141,260,59,360,197,500,559,290,47,1580,2119,130,39,680,1618,90,271,100,293,750,214,7080,56940,1310,2985,1130,2609,950,1230,500,435,40,17,5280,40917,5810,43391,30,43,40,80,1190,4070,6000,17504
TX,77622,0,740,310,360,70,390,1540,490,0,0,0,47534,740,47963,630,36567,230,139,100,414,90,266,0,0,140,1655,80,759,70,1522,180,3850,80,30,135,110,1599,30,305,150,429,0,0,0,0,0,0,0,0,30,18,0,0,0,0,170,3801,18358,0,0,140,278,130,431,160,754,100,636,120,741,620,32932,610,5439,0,0,0,0,230,319,0,0,50,30,50,54,0,0,150,212,0,0,90,318,0,0,0,0,60,18,720,6764,100,191,80,160,60,81,40,36,0,0,560,5121,610,5528,0,0,0,0,150,596,570,1761
TX,77624,0,340,110,150,80,210,770,290,0,0,0,16374,340,16464,270,12912,70,15,0,0,0,0,0,0,50,209,20,8,30,294,70,1376,20,0,0,60,588,0,0,60,90,0,0,0,0,0,0,0,0,0,0,0,0,0,0,70,1361,5617,0,0,50,71,40,102,70,222,30,173,30,147,230,9849,230,1568,0,0,0,0,80,88,0,0,0,0,0,0,0,0,60,61,0,0,20,50,0,0,0,0,30,5,320,2504,80,223,70,201,80,141,0,0,0,0,200,1442,230,1588,0,0,0,0,50,58,280,962
TX,77625,0,3660,1370,1750,510,2180,7690,2480,0,0,0,207313,3660,209018,3140,163237,920,1304,430,1745,380,1170,40,28,650,3926,330,4933,320,6193,710,15023,220,190,925,480,6109,130,4531,660,1705,70,20,0,0,50,333,40,224,130,121,0,0,0,0,700,15707,73934,40,135,570,1138,530,1432,690,2830,410,2550,480,3276,2840,138862,2830,23328,40,133,0,0,1080,1397,70,69,90,46,210,232,170,31,720,954,40,11,390,925,40,124,40,132,370,116,3510,30908,670,1672,590,1457,460,585,200,180,0,0,2580,21862,2820,23288,30,29,50,128,540,2397,3000,9456
TX,77627,0,10690,4720,4530,1310,5300,21130,6630,40,0,40,693491,10690,699990,8960,522912,3760,3746,1760,7884,1650,5600,110,108,1470,22390,1490,16947,1410,29867,2160,41592,90,480,2015,1560,20999,440,19316,2220,6499,380,98,30,1043,180,1218,140,773,580,554,100,199,0,0,2380,51976,272478,140,614,1910,3860,1990,8106,2300,12897,1570,9557,1810,11217,8800,495279,8750,88032,120,380,80,55,3470,4139,540,245,550,333,740,814,460,70,1920,2525,160,42,1060,3386,140,428,150,478,710,208,10260,104902,1480,3284,1250,2816,930,1205,720,627,60,19,8130,83891,8660,88675,120,163,150,408,1900,9866,8440,24683
TX,77630,0,11470,4660,4280,2380,6080,23470,8310,270,30,230,610657,11470,615252,9790,463662,2770,2982,1290,5874,1190,4068,160,193,1630,15627,1130,10669,1070,20306,2400,50291,120,620,2550,1530,20080,310,11553,1880,4595,250,65,0,0,100,670,90,394,400,338,80,180,0,0,1990,45385,225235,190,618,1580,3212,1600,5470,1930,9669,1250,8070,1600,10800,8350,408552,8330,70803,110,321,80,55,3240,4031,360,538,430,238,620,669,550,88,1910,2296,130,47,1050,2618,130,413,140,466,870,211,11110,94112,2970,8002,2700,7165,2040,2589,740,649,40,15,7440,66781,8300,70667,80,76,120,327,1630,7700,9600,29848
TX,77632,0,9210,3460,4430,1210,4750,19320,6350,140,0,140,618959,9210,623349,7950,491250,2840,2338,1310,4789,1210,3454,170,261,1260,11361,1130,7500,1030,17568,2140,46659,310,470,2087,1410,19403,280,15868,1620,4390,270,70,20,352,90,494,100,563,390,341,90,163,0,0,2020,44070,246027,190,762,1590,3331,1710,5899,1970,10418,1390,8432,1590,10376,7390,442501,7370,81355,100,249,70,39,2960,4287,350,737,370,203,640,719,380,57,1760,2388,140,44,800,2065,100,309,120,344,640,169,8910,97595,1470,3589,1300,3194,1020,1247,650,552,40,34,6810,77069,7260,80371,90,115,120,183,1500,7027,7460,23010
TX,77640,0,7000,3180,1720,2030,4080,13840,5440,150,70,80,279949,7000,281366,6090,227043,1130,819,430,1792,390,1222,40,21,1060,986,320,3126,480,9230,1190,21167,60,500,2263,760,8951,100,2132,1050,1417,140,34,0,0,20,78,40,111,230,219,40,111,0,0,1050,23233,84235,100,370,770,1209,640,2042,980,3839,420,2515,830,5247,4780,165568,4780,26989,20,23,60,37,1830,1974,100,58,210,113,390,377,340,61,1110,1279,60,17,610,990,90,278,100,339,630,157,6780,42503,2250,6036,2060,5420,1490,1904,540,497,30,7,4110,24891,4710,26365,20,23,30,82,840,2792,6020,18729
TX,77642,0,15550,6260,5010,4130,9470,35690,15970,270,80,180,637455,15550,641504,13720,526316,2280,2163,930,5697,830,4284,180,137,2450,12021,760,8256,860,16211,1740,32778,50,1530,6259,1210,15528,230,6696,2640,4049,240,59,0,0,80,443,90,437,410,374,110,256,0,0,2310,51724,191281,300,861,1650,2742,1390,4346,2170,8453,950,4903,1710,10206,10500,359876,10510,56654,110,268,140,115,4890,6372,250,469,400,227,910,915,560,93,3460,4474,220,116,1750,3184,230,815,260,978,2450,708,15100,94100,5000,13937,4510,12192,4140,5626,1220,1122,70,34,8580,50281,10600,54776,50,36,60,109,1830,5404,13440,44261
TX,77651,0,6180,2590,2850,670,3040,12400,3840,30,0,30,454619,6180,459247,5040,313623,2510,3525,1330,7720,1260,5889,60,47,810,15504,1110,15689,1040,25914,1490,29873,60,250,1015,1110,16560,280,21019,1250,4628,240,66,20,1175,110,761,100,504,300,306,60,130,0,0,1550,34138,205612,90,266,1240,2562,1320,6092,1510,9179,1000,6168,1230,7959,5140,335481,5100,63869,90,292,30,23,2020,2570,410,287,310,189,460,522,230,34,1050,1399,100,25,590,1910,40,118,40,139,390,117,5940,74423,780,1690,660,1471,510,631,440,395,0,0,4770,61301,5060,64405,90,130,110,548,1160,5734,4790,13811
TX,77655,0,160,80,70,0,80,320,100,0,0,0,9652,160,9652,140,8271,40,4,0,0,0,0,0,0,0,0,0,0,0,0,20,227,0,0,0,20,248,0,0,0,0,0,0,0,0,0,0,0,0,0,0,0,0,0,0,0,0,0,0,0,0,0,0,0,0,0,0,0,0,0,130,6899,130,1225,0,0,0,0,40,38,0,0,0,0,0,0,0,0,0,0,0,0,0,0,0,0,0,0,0,0,150,1464,30,56,20,41,0,0,0,0,0,0,120,1095,130,1129,0,0,0,0,0,0,140,399
TX,77656,0,7110,2740,3040,1220,4000,14830,5020,0,0,0,370259,7110,373057,6060,289222,1540,1752,740,2676,700,2078,40,35,1080,6669,620,6126,600,9196,1380,26443,200,350,1355,960,10688,170,10643,1260,2798,180,49,0,0,80,563,70,399,310,293,40,90,0,0,1320,30942,123102,70,205,1060,1998,990,2747,1260,5453,750,4031,1010,7119,5300,239503,5310,40896,70,190,40,25,2120,3073,180,609,210,114,390,389,340,64,1360,1749,90,29,710,1609,100,370,100,399,720,198,6860,56439,1700,4263,1510,3816,1120,1433,390,349,40,19,4750,37821,5270,40366,20,21,50,305,980,3579,5920,18415
TX,77657,0,9080,3450,4460,1080,4400,19330,6520,0,0,0,667179,9080,673522,7900,499738,2800,3674,1370,6389,1260,4325,80,119,1480,18034,1130,24224,1050,23570,1710,34418,120,330,1459,1200,16021,390,25991,2110,6343,330,87,30,713,180,1170,120,627,620,576,100,207,30,871,2500,59577,310768,110,468,2020,4641,2190,8454,2460,13907,1860,13369,1960,13213,7380,481693,7350,88656,150,356,30,17,3080,4730,360,828,510,326,600,689,350,56,1930,2595,130,35,1050,3044,80,278,80,280,670,192,8760,104449,1310,2950,1110,2529,880,1114,540,496,40,22,6810,84451,7320,89068,150,194,170,458,1640,9537,7180,23281
TX,77659,0,2180,800,1130,240,1090,4670,1500,0,0,0,172778,2180,174598,1820,121273,730,1408,430,2295,400,1604,0,0,440,6286,350,4193,310,7802,480,9438,100,80,303,350,4732,140,8589,570,1820,100,26,0,0,60,421,40,257,110,100,0,0,0,0,580,14769,79647,20,71,450,1025,490,1891,550,3205,380,2528,450,2977,1760,127380,1740,25513,40,95,0,0,730,1052,140,167,90,57,140,150,80,14,400,572,50,10,310,891,0,0,0,0,140,41,2060,28984,310,736,270,635,210,268,120,102,0,0,1620,24256,1760,25708,40,68,60,125,440,3190,1650,5999
TX,77660,0,620,220,330,80,370,1400,460,0,0,0,32476,620,32658,540,25889,130,33,50,71,50,49,0,0,110,771,40,146,40,699,110,2095,60,30,137,70,674,0,0,120,182,0,0,0,0,0,0,0,0,0,0,0,0,0,0,110,2282,10499,0,0,90,161,80,136,110,312,60,296,70,365,460,20796,460,3089,0,0,0,0,170,213,0,0,0,0,0,0,30,3,130,186,0,0,90,138,0,0,0,0,90,29,600,4427,150,381,130,309,100,129,0,0,0,0,420,2839,480,3093,0,0,0,0,80,197,530,1568
TX,77662,0,10680,4170,4690,1720,5590,22620,7870,20,0,20,534156,10680,538192,9210,434011,2270,1786,910,2527,840,1750,90,75,1580,14102,770,5189,890,16749,1890,32402,200,630,3083,1260,14108,230,9789,1910,4036,240,62,0,0,130,700,100,531,450,400,70,154,0,0,1720,38310,161144,150,401,1310,2804,1340,3764,1660,7393,1010,5661,1130,7625,8020,341280,8000,55037,80,178,60,32,3280,4449,220,494,380,231,570,601,570,93,2170,2842,160,49,1100,2640,120,408,130,425,1030,279,10330,77968,2510,6121,2220,5284,1700,2161,600,510,50,25,7120,50586,8020,53908,40,33,50,118,1310,4191,9090,27639
TX,77664,0,1150,390,600,150,670,2520,840,0,0,0,58303,1150,58662,960,47273,250,131,100,190,100,140,0,0,190,1084,90,217,100,1980,250,4304,100,70,338,180,1865,0,0,210,359,30,8,0,0,0,0,0,0,40,37,0,0,0,0,180,4026,15440,0,0,150,257,130,336,180,645,90,507,120,670,890,36694,890,5624,0,0,0,0,340,424,0,0,20,9,70,69,40,5,230,330,0,0,120,169,0,0,0,0,140,43,1100,8053,230,532,200,472,150,198,60,53,0,0,800,5162,890,5453,0,0,0,0,190,398,940,2984
TX,77665,0,2890,1200,1290,400,1710,6350,2350,0,0,0,165363,2890,166848,2550,132776,690,584,340,1615,320,1179,30,29,470,4956,310,2771,210,3517,450,8460,200,100,494,300,3902,140,3359,570,1485,90,26,0,0,50,344,30,152,100,96,0,0,0,0,560,12414,63261,30,93,460,966,430,1175,540,2389,330,2071,420,2769,2190,111349,2180,19825,30,66,0,0,910,1062,80,7,110,54,160,170,120,21,600,763,30,8,330,783,40,95,40,142,310,87,2780,24548,560,1409,490,1258,490,678,170,139,0,0,1930,18602,2140,19668,30,30,30,41,430,1642,2350,7909
TX,77701,0,5620,2650,1210,1740,3330,11850,5290,60,60,0,177813,5620,179309,4980,139813,470,219,160,661,150,516,30,10,910,6823,120,1636,160,2717,600,8757,0,270,1130,310,2589,50,4638,920,1496,60,16,0,0,30,253,0,0,140,117,30,74,0,0,600,13975,53473,30,51,450,656,270,816,540,1703,180,945,370,2668,3270,89696,3300,16700,30,20,60,29,1390,1280,30,2,80,48,290,254,330,55,870,883,50,17,650,1256,110,356,110,386,650,132,5500,31262,2200,6016,2020,5285,1700,2355,420,377,40,10,2620,15375,3400,17021,0,0,0,0,490,1225,5070,15304
TX,77702,0,1350,690,330,300,710,2560,970,0,0,0,74271,1350,75234,1150,45434,250,430,170,3258,160,2410,0,0,240,3499,160,4529,90,1173,170,3059,0,50,198,140,2028,60,8165,280,963,20,6,0,0,40,252,0,0,60,58,0,0,0,0,240,6627,36072,0,0,170,356,180,943,220,1394,110,830,170,2003,940,51417,930,11101,20,74,0,0,370,352,50,17,0,0,70,70,60,9,190,212,0,0,170,598,30,88,30,92,130,28,1300,14647,390,979,360,833,310,412,110,95,0,0,790,10726,920,11769,20,42,30,240,210,1156,1090,3109
TX,77703,0,5590,2500,980,2060,3390,11720,5380,40,40,0,147689,5590,148514,5020,126187,400,162,130,205,110,109,0,0,910,3445,90,413,180,2688,610,8510,0,260,1075,300,2860,0,0,840,825,70,16,0,0,0,0,0,0,120,105,0,0,0,0,540,11206,31255,30,40,390,490,260,456,500,1179,160,685,390,2367,3100,64615,3110,8977,0,0,40,17,1370,1149,0,0,140,71,250,218,340,51,840,779,60,21,620,936,110,297,110,308,500,91,5480,25313,2660,7880,2500,7060,1990,2678,480,422,40,8,2370,7752,3140,8894,0,0,0,0,410,642,5120,17060
TX,77705,0,11350,5110,3240,2860,6470,22770,8860,50,50,0,498315,11350,502029,9960,396642,2140,1516,930,4285,850,2823,70,71,1760,12706,770,9715,830,16741,1880,34803,200,540,2218,1170,14219,210,6590,2010,3714,250,65,0,0,100,693,60,284,380,387,90,220,0,0,1980,42014,184959,110,321,1570,3113,1450,5081,1890,9018,1130,7250,1560,9337,7590,310511,7580,52239,70,217,100,68,3050,3473,230,471,380,197,700,666,530,85,1770,1935,120,40,1210,2595,170,557,190,637,850,193,11010,77263,3600,9936,3300,8901,2550,3414,990,887,70,39,6440,48752,7500,52191,70,68,80,233,1410,5699,9700,30308
TX,77706,0,13650,6530,5110,1840,7240,25660,7690,30,30,0,1404915,13650,1422860,11230,763016,4860,17623,3460,40597,3240,31232,150,294,2330,61786,3070,104172,1920,49914,2700,62942,60,370,1795,2360,38289,1240,170619,3600,17945,520,138,150,3730,510,4418,280,1687,940,1010,160,404,60,676,4390,136350,899933,190,1507,3650,8224,3680,23489,4290,34806,2690,19759,3710,34188,11260,1109037,11150,250591,460,2194,90,110,4530,6961,1290,1855,580,336,1020,1110,520,80,1850,2250,200,74,1760,8285,180,596,220,674,690,187,13020,281635,2020,4766,1780,4233,1320,1638,1020,940,100,53,10250,242718,10930,256300,520,1024,690,4015,3040,24544,9750,39121
TX,77707,0,7830,3550,2560,1630,4200,15730,5790,30,30,0,472765,7830,476790,6710,341170,1880,2499,1040,8897,970,7129,60,55,1320,9976,920,23680,790,17060,1410,32298,40,270,1319,1050,14307,300,14227,1660,4025,230,55,0,0,120,861,80,405,440,424,70,184,0,0,1960,49131,237533,70,263,1590,2831,1550,7116,1890,10737,1310,7690,1590,11720,5870,324090,5860,62299,80,372,60,34,2420,3017,320,390,330,204,560,611,390,62,1330,1563,120,33,880,2263,110,370,120,395,530,130,7550,78906,1780,4869,1580,4278,1380,1948,640,592,50,25,5160,57192,5780,60904,90,151,120,708,1200,6409,6380,20262
TX,77708,0,5600,2550,1420,1570,3170,11030,4330,50,50,0,228296,5600,229924,4990,183814,950,788,410,1668,390,1246,0,0,940,2092,340,2753,400,8065,940,17466,20,240,1060,580,6939,80,3136,1040,1628,160,42,0,0,40,174,40,142,310,303,30,63,0,0,1150,24500,92868,40,82,920,1491,850,2765,1100,4647,750,3923,940,6475,3860,134113,3860,21214,20,38,50,20,1630,1664,100,43,240,130,410,419,300,51,890,963,60,18,560,1042,100,288,100,311,400,84,5470,35020,1850,5278,1710,4753,1350,1711,540,485,40,11,3230,19385,3770,20868,0,0,20,49,620,1770,4880,15605
TX,77713,0,6110,2730,2400,860,3140,11950,3800,20,20,0,445855,6110,450204,5360,326402,1660,2303,920,5954,860,4355,90,120,1010,8460,760,24364,570,12984,1100,23771,150,210,914,710,9980,280,24212,1500,4349,230,56,0,0,110,763,70,308,450,471,80,182,0,0,1660,41506,224027,90,467,1330,2848,1360,6461,1610,10119,1160,8323,1360,9098,4980,325851,4980,64066,90,329,50,28,1960,3021,280,687,250,140,490,542,290,46,990,1224,80,26,690,1793,70,247,90,278,390,111,5900,75536,1000,2335,870,2013,660,833,480,436,30,14,4510,61086,4880,63783,110,180,140,357,1100,6900,4860,16464
TX,77801,0,5370,3040,1200,1090,2250,10220,4080,150,0,150,165791,5370,167821,4990,139699,510,290,320,1041,320,748,0,0,710,7761,280,1527,110,1581,410,6352,40,100,376,180,2322,90,3064,1210,2030,90,21,0,0,50,191,50,167,430,447,80,244,0,0,340,6214,27934,0,0,230,352,230,802,310,1284,210,1014,250,1438,3560,89306,3550,14012,0,0,40,19,1590,1361,70,7,170,92,500,410,340,55,760,731,50,13,620,1214,70,124,70,140,530,85,5260,24700,1580,4362,1450,3931,1400,2010,490,424,30,7,2820,12518,3420,13983,0,0,0,0,590,1343,4690,12198
TX,77802,0,11290,5740,4080,1320,4620,20410,5800,330,0,330,750599,11290,760591,9280,450614,3500,6433,2350,20552,2160,16201,60,82,1780,25585,2130,46490,1330,21975,2420,65367,230,200,816,1920,28647,640,37526,3200,9992,460,117,70,1011,330,1693,190,928,1180,1285,190,454,40,433,2670,61838,339089,60,329,2160,3932,2200,10826,2590,15771,1680,10129,2210,19597,9300,546598,9220,104125,160,783,60,40,3760,4385,790,275,590,323,960,917,540,86,1710,2179,180,56,1380,4192,110,243,120,262,560,117,10810,120176,1700,3877,1490,3463,1170,1481,770,676,50,25,8340,99980,8930,106259,140,218,270,2122,2340,14838,8320,22602
TX,77803,0,12100,5480,3120,3400,6040,27760,13200,550,0,550,370708,12100,374059,10960,312057,870,998,340,754,290,378,0,0,1850,17531,300,1694,270,2948,1320,19680,100,290,1031,600,5286,110,2987,2300,3351,120,30,0,0,90,393,60,184,510,543,50,134,0,0,890,17541,62515,30,66,570,972,520,1615,760,2977,510,2581,590,2912,7770,174959,7750,25707,40,60,80,36,3870,3615,60,3,500,287,590,502,1020,168,2490,2515,230,85,1540,2863,140,402,150,404,1550,269,11830,56932,4570,13605,4220,12081,4050,5827,680,594,70,45,5820,22087,7680,25652,0,0,0,0,1190,2737,10780,33759
TX,77807,0,4190,1890,1580,700,1990,8740,3220,110,0,110,244583,4190,247589,3680,175270,900,1768,550,4119,490,3178,20,18,740,10293,490,11872,250,4114,670,15053,160,100,385,420,5672,180,9695,1150,3006,120,31,0,0,90,583,60,233,360,411,60,142,0,0,770,19751,110091,40,341,580,1253,630,3506,740,5229,530,3806,590,6389,3170,167306,3140,32576,60,271,20,10,1370,1419,150,34,200,113,290,272,220,36,750,880,70,24,610,1575,30,72,30,83,360,69,4060,41026,980,2676,890,2324,840,1167,250,211,0,0,2690,31144,3120,33663,50,133,80,546,740,4154,3350,9921
TX,77808,0,5590,2230,2680,610,2810,11720,3890,90,0,90,409462,5590,415533,4670,261828,1690,3504,1000,4557,910,3337,30,16,1180,20028,980,15296,490,8129,1110,28012,550,100,411,790,11565,420,24107,1700,6071,160,44,40,499,250,1372,110,622,430,416,70,160,30,321,1610,34810,207280,40,87,1310,2786,1420,6597,1570,9841,1240,9543,1240,8098,4520,299548,4490,59689,90,1792,30,16,1810,2382,260,228,340,203,370,362,260,43,1010,1376,70,27,990,3147,60,160,70,188,370,88,5330,66779,860,2111,750,1779,670,930,340,275,30,8,4070,57307,4490,62031,80,101,170,1031,1310,12172,4000,12333
TX,77830,0,1310,550,590,140,760,2550,750,0,0,0,88888,1310,89839,1030,55211,430,456,200,909,190,714,0,0,280,4183,210,7242,150,2588,260,5672,270,30,117,200,2870,60,1363,360,951,40,11,0,0,50,227,0,0,80,68,0,0,0,0,250,5637,31465,0,0,210,407,210,783,250,1259,160,1329,190,923,1030,65730,1030,12114,0,0,0,0,380,455,50,10,50,25,70,73,60,11,220,293,0,0,230,642,0,0,0,0,80,21,1190,13199,220,488,180,423,150,176,80,68,0,0,930,11647,1010,12749,0,0,30,202,310,2739,920,2836
TX,77831,0,1230,460,540,190,620,2520,820,0,0,0,67839,1230,68325,950,41848,310,334,130,704,110,456,0,0,250,2148,120,1250,100,1432,270,5976,190,30,162,190,2387,40,3226,280,486,0,0,0,0,20,68,0,0,60,34,0,0,0,0,220,4934,20824,0,0,180,302,160,481,200,884,150,1108,130,734,880,46346,880,9222,0,0,0,0,300,528,20,184,0,0,50,50,70,11,190,233,0,0,200,489,0,0,0,0,80,17,1140,8864,320,862,280,729,210,294,60,54,0,0,780,8593,910,9346,0,0,30,135,240,1800,930,3014
TX,77833,0,12010,5330,4780,1790,7030,23420,7650,100,0,100,800558,12010,813284,9620,445696,3860,7161,2550,19319,2380,14990,30,14,2250,40022,2390,102557,1450,22184,2600,56016,1160,250,965,1990,27506,920,64528,3150,12726,330,90,70,1451,490,2620,240,1286,720,719,90,186,130,2659,2540,62254,360366,80,643,2220,4182,2170,9539,2490,14774,1560,11309,2080,20907,9230,580548,9120,112326,160,837,80,61,3790,4262,710,411,550,333,700,729,750,122,1930,2378,130,83,1920,5868,140,418,150,464,740,166,11260,135170,2240,5600,1930,4957,1700,2293,740,650,60,40,8180,109057,9040,117898,150,281,310,2966,2440,16308,8800,26660
TX,77835,0,1190,520,530,130,770,2250,630,0,0,0,77612,1190,78880,910,46101,480,689,330,1569,320,1240,0,0,250,2775,300,4318,200,3400,300,6785,290,0,0,240,3354,140,4959,340,1268,50,12,0,0,60,336,30,130,60,57,0,0,0,0,270,6577,31607,0,0,230,463,240,1016,260,1553,140,1293,220,1428,980,55355,970,10046,0,0,0,0,380,347,80,12,50,22,60,58,80,16,190,226,0,0,220,604,0,0,0,0,50,9,1080,11222,180,459,160,405,150,173,50,48,0,0,860,9700,960,10515,0,0,40,94,300,2077,790,2337
TX,77836,0,5030,2110,2190,680,2970,10250,3410,60,0,60,302631,5030,306955,3990,187259,1580,2239,710,2807,650,2129,0,0,1000,13903,780,14246,390,4965,1120,25245,820,80,324,740,8614,250,23830,1290,4324,140,33,0,0,220,1333,70,375,250,237,50,83,20,323,780,17198,97834,0,0,650,1214,650,1936,750,3326,460,3275,580,4300,3840,213935,3810,41033,60,202,40,22,1430,1666,170,20,190,103,250,245,250,39,850,1152,40,9,860,2638,70,260,80,271,320,76,4670,47400,910,2367,810,2052,670,909,250,207,30,17,3460,39161,3850,42689,40,73,90,490,990,8484,3720,11340
TX,77837,0,610,270,170,170,290,1190,430,0,0,0,23975,610,24226,500,14750,90,94,50,406,40,244,0,0,100,442,60,1056,30,346,140,2718,70,20,84,90,929,0,0,120,251,0,0,0,0,0,0,0,0,0,0,0,0,0,0,60,1427,5055,0,0,50,67,40,68,50,170,0,0,40,206,380,14353,380,2321,0,0,0,0,150,133,0,0,0,0,20,21,50,9,80,83,0,0,70,123,0,0,0,0,30,5,580,3402,250,617,220,542,130,169,40,37,0,0,330,2166,390,2447,0,0,0,0,80,299,510,1522
TX,77840,0,12830,8660,2600,1390,3570,18610,5110,340,0,340,475016,12830,481828,11950,354405,1860,1910,1300,6029,1200,4341,50,38,1400,14282,1190,27456,490,9554,1100,27024,70,200,766,680,11882,340,17830,3070,6812,220,56,30,481,140,732,130,540,1270,1287,420,1285,0,0,1060,25332,138727,60,377,800,1476,760,3803,960,5808,530,3407,820,8331,9010,306531,8970,54346,80,239,100,57,3650,3685,370,625,340,180,1770,1363,600,94,1170,1270,60,18,1110,2304,170,371,180,427,740,114,12470,70929,2400,5490,2150,4934,1620,2108,1500,1302,70,23,7540,50325,8340,53920,70,96,130,809,1580,6655,10920,22306
TX,77845,0,23570,10040,11220,1990,9600,48800,16530,380,0,380,2138942,23570,2170108,20640,1439240,8380,15647,5800,38781,5410,29626,250,286,4710,89825,5370,113775,2140,51529,3980,121938,540,320,1495,2690,47469,2050,164286,8010,31166,1090,289,250,4313,930,5581,530,2970,2630,2933,460,1130,120,2613,8120,197494,1301832,330,2248,6560,14922,7430,45972,7990,64260,6300,50854,6690,52532,19660,1645101,19500,345152,770,2773,170,154,9010,13554,2060,2440,1920,1091,2180,2273,860,143,4320,6022,410,190,3890,12397,280,719,310,844,840,227,22630,378682,2530,5710,2170,4950,1950,2634,1850,1664,120,70,17900,331868,19010,351306,900,1232,1200,4492,5380,41786,16940,54272
TX,77853,0,470,200,180,70,310,920,300,0,0,0,26410,470,26732,360,16858,130,120,80,248,60,142,0,0,80,658,80,297,40,479,110,2237,110,0,0,70,915,0,0,120,322,0,0,0,0,0,0,0,0,30,16,0,0,0,0,70,1321,6830,0,0,50,71,50,150,70,260,40,195,50,227,350,18319,350,3500,0,0,0,0,120,132,0,0,0,0,20,22,0,0,60,86,0,0,60,124,0,0,0,0,30,7,450,4413,100,190,80,171,50,70,20,16,0,0,330,3367,350,3627,0,0,0,0,100,331,320,972
TX,77856,0,1990,800,910,240,1170,4130,1420,0,0,0,120952,1990,122718,1480,75224,610,1085,330,1861,310,1425,0,0,400,7678,340,4669,200,2537,470,10952,450,30,150,340,3987,110,3061,540,1766,60,18,0,0,110,535,0,0,100,92,0,0,0,0,390,9266,44451,0,0,330,664,320,1009,370,1765,240,1978,270,1954,1500,84327,1490,14760,20,82,0,0,610,780,80,9,100,51,110,110,70,12,380,531,20,3,370,1168,20,83,30,95,140,29,1780,17283,340,841,290,715,250,326,110,97,0,0,1370,13926,1540,15390,20,12,40,188,470,2938,1350,4284
TX,77857,0,370,150,180,50,220,780,250,0,0,0,22799,370,23069,290,18147,110,43,60,60,60,62,0,0,80,656,60,193,30,477,100,2299,100,0,0,60,737,0,0,110,270,0,0,0,0,0,0,0,0,0,0,0,0,0,0,70,1557,7831,0,0,50,85,60,145,70,263,30,289,40,193,280,15905,280,2928,0,0,0,0,100,139,0,0,0,0,0,0,0,0,60,84,0,0,80,218,0,0,0,0,30,8,350,3582,70,181,60,150,40,56,0,0,0,0,260,2637,290,2974,0,0,0,0,90,382,260,896
TX,77859,0,3130,1270,1020,790,1600,6550,2600,40,0,40,139564,3130,141158,2680,94531,570,547,240,1084,210,891,0,0,530,4422,260,9374,170,2051,570,11564,290,80,325,310,3733,100,3427,640,1594,70,16,0,0,80,413,30,144,130,118,0,0,0,0,440,9588,36989,0,0,310,552,310,950,390,1646,230,1446,310,1863,2130,86846,2120,14097,30,135,0,0,860,862,60,4,110,59,110,110,190,31,530,613,20,6,380,988,30,84,30,97,260,50,2960,21124,970,2733,880,2479,760,969,160,131,0,0,1770,13191,2100,14815,0,0,30,253,470,2435,2540,8251
TX,77861,0,1050,410,540,110,560,2190,670,0,0,0,80156,1050,80845,830,47034,340,358,160,1137,120,883,0,0,200,2860,150,3547,100,1970,260,5918,200,20,114,180,2366,70,5105,260,689,20,7,0,0,0,0,0,0,60,58,0,0,0,0,240,5448,32651,0,0,200,424,180,800,230,1310,160,1258,170,1495,830,59996,830,11847,0,0,0,0,320,544,40,191,40,22,40,49,40,6,180,254,0,0,150,484,0,0,0,0,60,22,970,11947,170,378,150,320,110,130,60,42,0,0,770,11202,840,12071,0,0,50,310,250,2843,760,2407
TX,77864,0,3480,1410,1170,860,1700,7180,2790,0,0,0,169119,3480,171225,2910,107372,760,1009,360,2016,330,1404,0,0,650,11674,340,6021,230,3358,570,11773,360,60,211,440,5426,150,5407,770,2106,90,24,0,0,80,452,40,245,140,114,0,0,0,0,560,12786,64301,0,0,430,855,410,1313,530,2330,280,1901,420,3503,2450,108719,2450,20072,40,194,0,0,1040,1096,50,10,110,75,220,218,170,27,660,740,30,11,500,1517,30,73,30,76,240,47,3290,27460,1060,3109,980,2767,830,1112,290,269,0,0,2010,18969,2360,21033,20,46,70,349,590,4667,2740,9240
TX,77865,0,680,250,360,60,440,1440,460,0,0,0,40194,680,40758,510,26317,210,221,140,285,130,192,0,0,140,1057,110,1220,90,1706,160,3668,140,0,0,140,1860,30,55,180,564,0,0,0,0,20,147,0,0,30,28,0,0,0,0,120,3100,11818,0,0,100,192,80,183,120,424,60,391,90,486,550,25270,550,3959,0,0,0,0,190,231,0,0,0,0,20,18,0,0,140,182,0,0,130,418,0,0,0,0,70,17,620,5214,110,251,90,208,90,101,20,16,0,0,490,3728,540,4255,0,0,0,0,150,653,500,1634
TX,77868,0,5950,2530,1940,1410,3260,12280,4760,50,0,50,285610,5950,288402,5180,213693,1030,1905,570,4413,520,3451,0,0,1060,10310,520,9266,360,5101,960,19343,460,120,568,590,7601,220,7794,1170,2792,120,31,0,0,130,627,60,307,240,242,30,58,0,0,930,20788,91571,0,0,740,1196,640,2342,880,4008,530,3738,690,4316,4370,182779,4340,31776,50,204,30,17,1940,2421,130,293,210,133,330,313,510,85,1180,1421,120,96,760,1779,70,205,80,222,390,80,5700,44148,1600,4183,1410,3708,1220,1583,420,371,40,18,3650,29356,4190,31921,50,77,80,385,840,4470,4900,15632
TX,77871,0,1500,530,810,150,820,3090,860,0,0,0,115105,1500,116623,1030,56435,610,893,360,1803,330,1244,0,0,360,4771,320,4188,260,5091,460,11605,270,40,172,410,5545,80,7851,390,1518,40,10,0,0,70,410,0,0,60,50,0,0,0,0,350,7673,53972,0,0,310,617,300,953,340,1647,210,1449,270,1887,1150,85894,1140,17775,0,0,0,0,380,432,50,7,0,0,60,54,50,10,210,294,0,0,260,777,20,60,20,61,70,22,1370,19363,210,572,190,454,150,185,60,49,0,0,1070,17281,1180,18618,0,0,40,257,390,3671,990,3100
TX,77872,0,800,310,370,110,470,1650,530,0,0,0,52337,800,52783,620,28120,230,185,100,172,90,126,0,0,200,1633,100,648,60,937,190,4005,150,30,117,150,1931,0,0,250,446,0,0,0,0,0,0,0,0,50,39,0,0,0,0,160,3861,18141,0,0,140,239,110,353,160,625,80,516,110,1012,630,37468,630,7641,0,0,0,0,220,222,0,0,0,0,30,23,40,5,140,170,0,0,140,320,0,0,0,0,60,16,730,7727,170,454,140,356,120,176,0,0,0,0,580,7417,640,8076,0,0,30,218,180,2628,560,1961
TX,77873,0,550,240,250,60,300,1090,330,0,0,0,38046,550,38385,420,21742,170,240,80,268,70,198,0,0,100,643,90,1616,60,850,150,3709,120,0,0,100,1138,30,408,150,339,0,0,0,0,0,0,0,0,0,0,0,0,0,0,110,2634,12474,0,0,90,188,90,259,100,481,60,553,80,470,410,28111,400,4479,0,0,0,0,140,153,0,0,0,0,0,0,30,3,70,107,0,0,90,218,0,0,0,0,30,5,510,5642,100,234,90,193,60,67,30,21,0,0,380,4321,410,4788,0,0,0,0,120,592,400,1220
TX,77879,0,1980,870,740,340,1030,3780,1170,30,0,30,97550,1980,98296,1580,66584,450,394,230,1219,200,1226,0,0,330,2250,210,4807,150,1775,480,9268,190,50,222,320,3409,50,1216,410,746,20,6,0,0,40,159,0,0,70,62,0,0,0,0,260,5520,32660,0,0,200,381,200,579,250,1073,150,1021,170,1316,1430,65360,1420,11659,0,0,0,0,470,472,40,4,60,29,70,68,110,14,290,327,0,0,260,564,0,0,20,49,140,34,1870,14619,480,1216,420,1061,300,377,100,75,0,0,1260,11171,1430,12152,0,0,30,204,350,2434,1540,4423
TX,77880,0,840,350,300,200,480,1660,570,0,0,0,59843,840,60716,710,32618,240,277,160,1013,150,701,0,0,150,628,170,2404,90,2349,200,3895,160,0,0,120,1635,60,5176,210,873,0,0,0,0,40,197,0,0,30,33,0,0,0,0,190,4236,25567,0,0,160,319,170,881,200,1268,120,1064,160,955,630,43064,630,8816,0,0,0,0,270,260,50,10,30,13,70,67,70,10,120,125,0,0,140,371,0,0,0,0,40,5,790,11196,210,563,180,512,130,174,90,88,0,0,550,8657,620,9252,0,0,20,94,160,1283,630,2185
TX,77901,0,18450,8730,5070,4420,8490,36340,13850,530,150,380,796922,18450,803762,16620,624292,2610,2384,1330,6883,1240,5418,40,31,2350,24040,1130,13901,970,13118,2510,43302,170,460,1909,1500,16522,310,18209,3240,6840,390,97,40,792,230,1120,170,802,770,767,120,242,0,0,2040,43684,210409,60,219,1610,3088,1400,5464,1940,9342,1190,6365,1480,9382,13280,503442,13250,88517,110,274,130,85,5430,5774,340,120,590,318,840,745,1260,206,3390,3979,240,248,1810,4245,250,667,290,737,2070,427,17970,134315,5590,14984,5080,13494,3910,5042,860,680,130,47,11380,82613,13110,89280,90,135,140,1091,2120,8199,15910,48829
TX,77904,0,12340,5110,5530,1530,6370,24590,7610,140,40,100,1073140,12340,1088517,10240,661496,4450,7717,2790,20274,2600,15059,70,93,2070,50966,2510,43328,1600,29630,2880,64948,460,230,1237,2140,32986,860,84778,3260,15377,500,127,130,3098,480,3197,240,1329,880,873,130,219,80,1420,3390,80008,517732,90,389,2880,6356,2980,16249,3330,23535,2340,15390,2770,20790,10220,830206,10130,179365,280,879,60,31,4150,5163,920,596,660,386,760,775,500,82,2060,2736,220,131,1660,7122,120,302,130,319,700,174,11860,204776,1700,4200,1460,3712,1180,1523,700,559,60,26,9440,174951,10090,186545,320,522,460,3620,2570,19025,9120,30808
TX,77905,0,6730,2720,3090,850,3580,13720,4300,140,30,110,478022,6730,484183,5680,328170,2210,1860,1040,3131,940,2191,20,12,1260,21602,940,11515,680,9340,1450,28084,670,160,715,970,12653,340,25134,1670,6161,180,46,40,838,250,1380,140,796,340,360,60,72,30,393,1330,28683,157990,20,63,1100,2423,1060,4176,1290,6958,890,6251,980,5699,5460,353220,5440,70617,80,209,40,31,2060,2595,260,156,320,195,330,324,340,57,1210,1591,130,91,1030,3568,80,256,90,276,550,149,6460,83708,1090,2633,930,2247,720,960,320,252,40,25,5030,68436,5470,73572,90,102,120,824,1240,10167,5200,16787
TX,77954,0,4550,1840,1790,850,2470,9250,3130,20,0,20,498371,4550,503321,3760,176040,1360,2605,730,6390,670,4784,0,0,780,24246,720,12755,410,5998,820,15642,520,70,399,640,8051,250,22458,1110,4950,100,27,30,997,220,1273,80,430,240,233,20,39,0,0,650,21282,203017,0,0,510,1070,470,1555,620,3023,330,2293,470,12191,3460,413255,3440,120128,50,168,30,13,1320,1516,210,81,170,91,150,164,200,29,800,991,40,28,710,2968,60,143,60,154,360,88,4320,118000,1110,2849,980,2561,770,1009,150,123,0,0,3070,121325,3420,128906,60,130,210,6827,850,30774,3440,13512
TX,77957,0,3830,1600,1540,660,2310,7900,2800,0,0,0,207444,3830,210757,3260,150171,1050,1008,550,3213,510,2584,0,0,640,9870,510,6780,310,3714,750,14343,350,80,338,490,6009,190,7171,920,3313,140,36,0,0,150,937,60,317,190,211,20,33,50,445,510,11369,55328,0,0,450,961,390,1238,500,2334,280,1627,380,2622,2890,140631,2870,24037,40,99,0,0,1140,1350,130,16,130,84,200,187,200,35,720,962,40,11,540,1631,40,132,50,157,330,76,3650,31212,900,2294,810,2057,620,783,170,147,20,8,2540,22431,2850,24636,0,0,40,240,620,3655,3060,9623
TX,77962,0,1600,590,760,230,1060,3730,1520,0,0,0,99067,1600,100923,1380,70054,530,433,240,1081,200,569,0,0,240,7209,210,2980,120,1694,220,4081,170,20,84,170,1887,70,1961,400,1856,50,12,0,0,90,632,30,136,90,68,0,0,0,0,210,4492,22499,0,0,170,378,150,440,190,915,110,725,140,802,1290,68076,1280,12354,0,0,0,0,590,836,30,1,60,39,80,80,60,14,430,663,20,10,230,964,0,0,0,0,150,51,1520,14965,240,604,220,520,220,294,70,62,0,0,1140,11516,1240,12723,0,0,30,131,280,2174,1260,3983
TX,77963,0,2360,950,1070,330,1360,4800,1500,20,0,20,169919,2360,172232,1900,101087,780,741,430,2946,390,2303,0,0,480,7888,440,4776,230,4128,570,12723,460,40,230,370,4662,150,3563,670,2313,70,19,0,0,120,651,50,318,100,108,20,31,0,0,350,8959,48790,0,0,290,563,270,722,340,1414,170,1419,260,2019,1820,126669,1810,27840,30,104,0,0,710,767,120,17,70,41,100,101,110,24,400,540,30,11,440,1344,30,118,30,126,160,39,2220,34999,440,1116,390,975,280,356,110,75,0,0,1680,27630,1850,29594,0,0,40,618,520,3367,1730,5743
TX,77964,0,3670,1630,1700,340,2590,7170,2150,0,0,0,274439,3670,279278,2910,154505,1700,2883,910,5989,870,4609,0,0,720,15516,870,13124,450,6404,770,16967,980,70,303,670,8882,250,13861,1090,4839,140,35,20,641,240,1433,110,645,180,177,20,42,0,0,460,11443,66140,0,0,390,856,370,1337,450,2243,260,1899,320,2192,2900,210235,2860,44224,60,244,30,15,1100,1391,230,135,180,116,190,225,180,35,590,809,40,11,690,2272,40,134,50,164,230,71,3420,48943,480,1138,400,1017,340,446,190,166,0,0,2670,42728,2900,46385,50,111,120,1059,850,8114,2630,8740
TX,77968,0,1340,490,720,120,800,2870,930,0,0,0,110442,1340,112360,1100,79040,550,373,260,755,250,560,0,0,300,7793,260,3348,130,2146,280,5987,180,20,130,190,2487,120,6617,400,1918,60,14,0,0,80,511,0,0,80,82,0,0,0,0,380,8874,52733,0,0,340,927,330,1579,380,2608,290,2396,290,1949,1120,83021,1100,15885,40,95,0,0,430,536,60,2,60,40,80,89,40,8,250,347,0,0,240,1103,0,0,0,0,60,17,1270,18038,140,272,110,220,90,96,90,70,0,0,1030,15350,1120,16756,40,45,50,86,300,2425,970,3239
TX,77971,0,410,130,200,60,240,930,340,0,0,0,24461,410,24574,350,19079,110,28,40,95,40,71,0,0,60,104,30,120,30,151,110,1902,30,0,0,60,700,0,0,80,113,0,0,0,0,0,0,0,0,0,0,0,0,0,0,40,726,4926,0,0,30,67,30,60,30,141,0,0,20,98,340,16848,340,2881,0,0,0,0,160,195,0,0,0,0,0,0,40,8,100,142,0,0,50,161,0,0,0,0,40,7,390,3178,70,167,60,156,50,69,0,0,0,0,300,2686,320,2934,0,0,0,0,60,499,320,992
TX,77974,0,220,80,130,20,160,460,120,0,0,0,20260,220,20452,170,11096,100,56,60,94,40,52,0,0,30,251,50,139,20,149,50,827,60,0,0,40,501,0,0,60,192,0,0,0,0,0,0,0,0,0,0,0,0,0,0,40,844,5005,0,0,30,60,30,62,40,138,0,0,20,165,170,15878,170,2804,0,0,0,0,70,76,0,0,0,0,0,0,0,0,40,53,0,0,40,72,0,0,0,0,0,0,200,3443,30,56,20,48,0,0,0,0,0,0,160,2626,180,2861,0,0,0,0,40,186,150,668
TX,77975,0,830,370,390,70,580,1650,500,0,0,0,65343,830,66066,660,29742,410,397,150,498,140,368,0,0,180,1798,190,2885,100,1181,170,3785,230,0,0,150,2031,60,820,250,723,0,0,0,0,50,234,0,0,40,35,0,0,0,0,90,1961,12483,0,0,80,153,70,175,90,350,50,404,60,264,680,51092,670,10902,0,0,0,0,250,246,40,2,0,0,40,39,50,11,130,169,0,0,170,381,0,0,0,0,60,14,780,11800,100,249,80,207,90,120,30,30,0,0,610,10653,680,11386,0,0,40,302,190,2301,600,1722
TX,77979,0,7820,3350,2950,1430,4470,16320,6020,30,0,30,423896,7820,427926,6880,320137,1660,2065,810,3109,760,2399,0,0,1060,9252,740,8671,570,7586,1330,25151,220,230,961,890,10535,260,9548,1450,4030,200,54,20,360,140,794,80,421,280,300,60,130,30,414,930,21013,107608,30,77,770,1514,650,2303,870,4133,480,2994,640,4493,5830,289398,5800,53057,60,156,50,41,2380,2913,170,87,270,150,420,451,430,79,1510,1888,110,54,860,2242,90,286,110,305,830,197,7570,67493,1890,4740,1690,4222,1430,1891,410,355,40,25,5110,49940,5770,53336,50,65,90,399,1240,7042,6390,19220
TX,77983,0,870,330,420,110,570,1850,620,0,0,0,42433,870,42884,690,29869,170,137,90,250,70,141,0,0,240,2879,90,781,80,1031,180,3425,40,20,78,140,1579,30,318,230,451,0,0,0,0,0,0,0,0,0,0,0,0,0,0,80,1498,8804,0,0,70,108,70,267,80,400,40,264,50,194,620,27809,620,4563,0,0,0,0,230,241,20,2,0,0,30,28,50,12,140,180,0,0,170,497,0,0,0,0,110,28,840,5994,220,542,190,440,130,178,30,21,0,0,570,4245,680,4840,0,0,0,0,180,839,660,1801
TX,77984,0,2030,910,930,180,1370,3970,1170,0,0,0,217418,2030,219647,1580,78640,970,1316,420,3238,400,2589,0,0,410,7592,460,7363,250,3192,410,8325,470,30,78,430,5852,190,7053,550,2229,80,20,0,0,120,640,70,328,110,95,0,0,0,0,280,6950,52394,0,0,250,549,240,858,270,1445,170,1278,210,2385,1660,181503,1660,44353,70,302,0,0,570,690,100,12,90,50,110,104,100,19,310,435,20,7,340,1030,0,0,20,70,100,23,1870,47613,220,535,190,473,160,196,70,68,0,0,1560,43733,1660,46889,0,0,180,2099,510,8475,1350,6094
TX,77990,0,310,120,140,50,170,610,200,0,0,0,17378,310,17670,260,11577,80,31,30,164,20,74,0,0,60,167,20,271,0,0,60,1060,20,0,0,40,559,0,0,70,292,0,0,0,0,0,0,0,0,0,0,0,0,0,0,40,731,3500,0,0,20,35,0,0,30,94,0,0,0,0,240,12011,250,1998,0,0,0,0,90,99,0,0,0,0,20,19,0,0,60,62,0,0,50,144,0,0,0,0,0,0,290,2182,70,148,50,124,40,55,20,18,0,0,210,1897,240,2145,0,0,0,0,50,493,220,695
TX,77994,0,200,80,90,20,140,360,90,0,0,0,38471,200,38542,110,4433,80,84,30,141,30,87,0,0,20,473,40,1339,0,0,40,977,50,0,0,50,964,0,0,30,71,0,0,0,0,0,0,0,0,0,0,0,0,0,0,40,1082,15086,0,0,30,78,20,48,30,144,0,0,30,726,170,34898,170,10110,0,0,0,0,40,26,0,0,0,0,0,0,0,0,0,0,0,0,20,73,0,0,0,0,0,0,180,12510,0,0,0,0,0,0,0,0,0,0,160,10073,170,10980,0,0,40,736,50,1601,90,644
TX,77995,0,4220,1710,1780,700,2460,8820,3130,50,0,50,302830,4220,306730,3460,150445,1540,1749,630,3521,610,2720,0,0,830,13096,650,10311,380,5642,780,16625,630,60,250,660,9039,280,16046,1070,3900,130,35,20,527,180,1057,80,386,180,160,30,53,20,342,500,11624,79551,0,0,440,972,400,1328,500,2469,280,2002,360,2878,3110,226358,3090,51601,90,382,30,19,1190,1511,180,234,150,94,170,172,190,31,710,864,40,12,710,2058,60,205,70,235,460,104,4040,58328,900,2485,820,2223,760,1074,150,133,30,10,2750,50089,3170,54491,40,43,160,1991,760,11228,3240,11523
TX,78002,0,3070,1290,1160,600,1610,6860,2840,110,110,0,116435,3070,117551,2580,91028,400,237,150,227,110,154,0,0,620,6830,110,1055,110,1224,480,11169,150,80,326,270,2650,70,908,780,1116,70,19,0,0,0,0,0,0,170,192,0,0,0,0,350,6683,25953,0,0,260,466,250,936,340,1540,210,1491,250,922,2090,64326,2090,9519,0,0,40,21,920,1004,20,2,60,39,170,167,210,31,630,711,40,17,530,1146,70,261,80,284,400,83,2960,16307,1000,2906,870,2367,770,1112,190,145,30,5,1760,8353,2230,9796,0,0,0,0,460,1398,2570,7882
TX,78003,0,4090,1720,1870,430,2150,7770,1980,50,0,50,246698,4090,249821,3030,138772,1210,2166,720,5323,670,4001,30,20,960,11208,680,16321,490,9584,1110,31192,230,80,471,930,11868,260,6253,1120,3123,100,27,0,0,150,828,80,297,230,219,30,66,0,0,950,21980,113974,30,179,800,1586,850,4049,930,5958,680,5420,720,3866,3060,172488,3050,32762,60,315,50,39,990,1365,240,374,90,45,150,168,170,32,470,573,50,22,700,1858,80,281,90,317,340,83,3790,38200,770,1872,630,1545,480,635,140,127,30,15,2820,31396,3210,34029,40,66,90,510,930,5568,2950,8175
TX,78004,0,290,120,150,0,140,560,130,0,0,0,26232,290,26695,240,17132,130,81,70,227,60,187,0,0,70,909,60,431,30,466,70,2123,20,0,0,50,664,0,0,90,463,0,0,0,0,0,0,0,0,0,0,0,0,0,0,110,2322,15656,0,0,100,200,100,491,110,701,100,818,80,470,240,20446,240,4083,0,0,0,0,70,63,20,3,0,0,0,0,0,0,30,34,0,0,40,143,0,0,0,0,0,0,280,4319,0,0,0,0,0,0,0,0,0,0,230,3982,240,4237,0,0,0,0,70,531,180,436
TX,78005,0,330,160,150,30,210,660,200,0,0,0,19362,330,19628,260,12249,90,33,40,44,30,32,0,0,60,488,40,94,0,0,80,1641,70,0,0,50,442,0,0,80,266,0,0,0,0,0,0,0,0,0,0,0,0,0,0,70,1247,6343,0,0,50,85,50,161,60,262,40,334,40,117,260,13456,260,2220,0,0,0,0,80,93,0,0,0,0,0,0,0,0,50,76,0,0,40,122,0,0,0,0,0,0,310,3034,60,119,50,101,30,45,0,0,0,0,240,2126,270,2377,0,0,0,0,70,270,240,723
TX,78006,0,15460,6180,7870,1160,7480,31860,9840,530,20,510,2010255,15460,2043823,11890,982925,6390,21412,4550,67958,4250,51728,170,477,3690,99104,4420,287972,2140,49234,3910,123815,520,270,1347,3100,49028,2010,250082,5130,33568,550,144,200,4991,980,6562,410,2392,1080,1140,150,399,150,2933,6190,190777,1484891,210,3626,5290,13239,5630,42579,6100,60258,4660,50543,5360,52375,12790,1639168,12630,392917,710,4027,150,109,5040,8899,1640,3090,650,358,860,1010,460,80,2100,2836,250,189,3060,13877,240,661,270,765,780,222,14520,429440,1500,3404,1200,2689,1110,1537,810,733,100,49,11850,386591,12790,410552,820,1901,1140,8912,4290,49426,9890,41623
TX,78008,0,130,60,60,0,90,260,80,0,0,0,26608,130,26689,100,3895,40,136,20,208,20,157,0,0,0,0,20,1788,0,0,0,0,30,0,0,20,266,0,0,30,81,0,0,0,0,0,0,0,0,0,0,0,0,0,0,0,0,0,0,0,0,0,0,0,0,0,0,0,0,0,100,24550,100,7725,0,0,0,0,30,30,0,0,0,0,0,0,0,0,0,0,0,0,0,0,0,0,0,0,0,0,110,14015,0,0,0,0,0,0,0,0,0,0,90,7690,100,8379,0,0,20,643,0,0,80,446
TX,78009,0,3570,1460,1620,450,1780,7340,2400,60,30,30,224555,3570,228054,2950,151778,1110,1240,550,2213,500,1557,0,0,660,8908,500,8428,310,3903,860,24106,190,80,410,520,6413,240,10119,1030,3499,160,43,0,0,140,806,80,358,270,291,30,71,20,250,780,16391,91748,0,0,640,1366,690,3404,770,4964,590,4584,600,2660,2840,158611,2840,28799,50,180,30,16,1120,1315,150,10,140,78,220,257,200,35,620,839,60,23,550,1468,60,187,70,215,240,47,3420,34685,660,1565,550,1322,410,574,210,203,20,8,2570,27483,2850,29647,40,39,70,394,750,4254,2700,7904
TX,78010,0,1370,570,630,190,730,2800,890,20,0,20,83875,1370,85029,1040,49216,380,1184,220,2732,200,1861,0,0,360,4508,210,2873,150,2865,300,9022,90,30,102,260,3413,70,2419,410,1154,30,8,0,0,50,219,20,88,70,89,0,0,0,0,220,5817,30377,0,0,180,342,190,902,220,1305,150,1291,170,1391,1010,59093,990,11881,0,0,0,0,370,382,60,32,40,23,40,46,80,14,200,248,0,0,290,771,30,72,30,66,140,31,1280,14379,300,777,260,639,230,290,50,44,0,0,890,10996,1060,12248,0,0,30,188,300,1313,1010,2807
TX,78011,0,880,340,360,170,610,1900,710,0,0,0,72894,880,73465,760,33698,120,159,60,264,50,197,0,0,180,1798,50,240,30,230,100,2113,70,0,0,90,938,20,61,230,571,0,0,0,0,0,0,0,0,40,38,0,0,0,0,80,2446,17586,0,0,70,153,50,79,80,258,40,203,50,1477,660,57143,660,15357,0,0,0,0,250,310,0,0,0,0,30,33,50,9,190,250,0,0,160,440,30,88,30,101,120,26,840,17152,220,632,200,544,150,182,30,26,0,0,580,15049,690,16487,0,0,20,907,150,1960,700,2484
TX,78012,0,210,100,90,40,130,450,160,0,0,0,10159,210,10198,190,6843,30,4,0,0,0,0,0,0,30,97,0,0,0,0,30,510,0,0,0,0,0,0,0,30,39,0,0,0,0,0,0,0,0,0,0,0,0,0,0,0,0,0,0,0,0,0,0,0,0,0,0,0,0,0,160,6736,160,1276,0,0,0,0,60,76,0,0,0,0,0,0,0,0,50,51,0,0,0,0,0,0,0,0,30,6,200,1153,60,147,50,132,40,57,0,0,0,0,140,1073,150,1216,0,0,0,0,30,263,160,485
TX,78013,0,2650,1090,1210,310,1480,5370,1710,90,0,90,187172,2650,190082,1990,96929,810,2143,500,5428,480,3854,0,0,730,7972,520,9548,310,5842,600,16678,270,50,206,510,7041,230,8626,820,2910,70,19,0,0,130,757,50,318,120,134,0,0,0,0,530,14153,74224,0,0,470,952,450,2182,530,3379,340,3300,440,2896,1990,137425,1960,26755,50,292,30,15,760,2233,170,1414,60,30,110,132,150,28,400,467,30,10,600,1449,50,171,60,184,230,47,2470,27217,550,1438,450,1133,410,595,120,110,20,8,1740,20333,2070,22432,30,58,80,489,630,2558,1860,5963
TX,78014,0,2060,900,590,570,960,4300,1730,0,0,0,287774,2060,288890,1800,71408,270,590,110,844,100,783,0,0,430,130,100,4241,40,342,260,4961,120,70,288,190,1812,60,8145,450,1116,80,21,0,0,30,222,40,161,100,107,0,0,0,0,330,11477,105713,0,0,240,904,130,357,280,1664,120,697,210,4461,1460,248471,1470,82662,40,117,0,0,630,973,20,1,40,24,60,67,130,24,370,411,140,419,260,668,40,86,40,97,300,55,1980,101474,700,2004,640,1813,510,734,60,57,0,0,1190,84470,1430,87562,0,0,80,5095,300,8050,1680,12836
TX,78015,0,6270,2130,3720,360,3060,13970,4620,50,0,50,959851,6270,973742,4880,560421,3140,8071,2480,26605,2350,19560,120,271,1430,42264,2390,67974,1060,28627,1810,72073,140,100,525,1370,26816,1010,65898,2030,13891,210,52,120,3274,380,2729,150,995,430,486,80,201,70,1662,3520,104170,732288,160,1408,2940,7739,3290,26592,3480,36811,2780,30347,3080,24492,5350,788875,5290,188500,520,1943,30,16,2280,3279,940,934,390,241,370,422,120,23,770,1067,120,130,1130,5397,60,184,70,188,130,48,5910,193305,360,735,300,565,260,326,340,294,30,19,5080,185743,5340,196405,650,1165,720,3865,1950,25034,3810,15505
TX,78016,0,4240,1710,1730,730,2270,9000,3250,30,30,0,228861,4240,231303,3630,164826,830,1642,370,1584,340,1085,0,0,700,10792,370,6995,240,2716,830,19632,380,120,492,490,5407,130,3848,1020,2442,170,45,0,0,110,537,50,266,280,314,20,31,0,0,710,16935,74426,0,0,570,1144,520,1874,690,3206,450,2959,470,2321,3210,151351,3200,26468,50,133,60,40,1290,1674,90,33,160,88,220,233,210,36,870,1128,60,45,540,1532,100,326,110,350,470,93,4070,35382,1020,2568,910,2294,700,942,230,197,50,23,2830,24731,3190,26964,20,21,50,246,670,3624,3440,10659
TX,78017,0,1680,710,520,450,830,3650,1550,0,0,0,105650,1680,106526,1500,58038,200,278,60,134,50,92,0,0,270,2275,80,2949,40,291,190,3505,100,50,223,110,1286,60,3423,340,876,30,7,0,0,20,97,20,59,80,77,0,0,0,0,250,6674,37265,0,0,160,492,100,288,220,880,80,408,190,1862,1230,74978,1230,18320,0,0,0,0,510,687,0,0,50,29,60,74,90,13,360,470,30,83,200,663,20,76,20,74,240,63,1640,22261,540,1559,500,1404,430,592,70,60,0,0,1000,17812,1190,19559,0,0,40,1112,220,3697,1420,5326
TX,78022,0,2200,940,900,340,1480,4510,1530,0,0,0,167202,2200,169321,1830,95744,560,995,270,1107,240,726,0,0,530,9772,320,8667,130,2488,390,8932,300,50,176,270,3354,160,14458,580,2119,60,17,0,0,120,651,0,0,80,70,0,0,0,0,320,7209,46622,0,0,270,538,210,612,300,1201,180,1392,240,1877,1740,128419,1720,28308,30,102,0,0,640,798,60,12,40,26,90,109,60,11,420,539,40,21,410,1370,20,72,30,69,290,84,2090,34313,450,1178,400,1020,310,409,90,82,0,0,1560,27898,1770,30163,30,37,80,616,450,3936,1630,6328
TX,78023,0,12570,4750,6730,950,5080,27840,9810,150,120,30,1266009,12570,1280590,10760,913890,4900,7506,3090,15975,2850,11667,120,148,2410,47086,2900,40185,1190,21011,3060,103434,110,270,1376,1660,26161,1000,63245,3980,14581,790,215,110,2218,360,2511,300,1463,1260,1357,220,502,50,512,6150,148726,916396,180,1356,5020,11922,5800,40712,6080,54880,5410,49029,5280,24881,10710,967133,10660,199745,480,1542,90,73,4730,6664,910,379,1040,626,1150,1338,360,67,2290,3168,360,629,1760,6609,160,507,190,576,370,111,12110,214516,1010,1952,800,1524,660,891,1060,945,80,47,10100,193090,10640,203123,550,792,580,2007,3230,21894,8810,26770
TX,78024,0,720,260,390,50,420,1390,320,0,0,0,68494,720,69362,470,21089,340,1002,240,4399,240,3533,0,0,190,3290,240,6577,140,3407,230,8042,50,0,0,250,4208,100,3969,250,868,0,0,0,0,40,230,20,101,40,36,0,0,0,0,230,6296,43103,0,0,200,395,200,1318,230,1820,130,1066,190,1544,570,53337,560,10726,20,126,0,0,200,170,100,41,0,0,30,43,20,4,60,63,0,0,170,581,0,0,0,0,40,5,640,11145,90,211,80,158,60,75,30,32,0,0,520,10628,600,11530,0,0,40,238,260,1968,390,1006
TX,78025,0,2290,980,1000,290,1170,4490,1270,80,0,80,111236,2290,113008,1620,55455,600,1453,410,4434,370,3509,0,0,540,8178,390,7225,280,5601,560,13853,50,30,176,480,6264,130,5076,640,1772,40,9,0,0,100,558,30,124,110,94,0,0,0,0,360,8571,41796,0,0,300,600,300,1509,340,2212,190,1669,280,2096,1610,71893,1590,12195,20,101,0,0,530,607,110,63,50,25,70,77,100,18,260,298,0,0,460,1157,30,83,30,85,250,53,2110,15517,570,1350,470,1095,370,518,80,76,0,0,1440,11494,1730,13107,0,0,50,265,500,2428,1650,4036
TX,78026,0,2620,1100,1020,450,1520,5550,2050,0,0,0,208082,2620,209875,2260,105446,490,634,290,2085,260,1734,0,0,450,8364,240,4652,120,1947,400,8085,230,60,327,290,3447,90,7542,670,1793,80,23,0,0,70,414,30,146,200,176,0,0,0,0,350,7608,54121,0,0,270,594,260,758,330,1476,210,1349,250,1772,2070,162056,2070,39479,50,110,20,14,840,1056,70,16,80,53,120,130,150,22,600,769,30,11,370,1283,40,124,50,141,280,64,2480,45514,600,1517,520,1335,430,532,120,93,0,0,1830,38588,2040,42015,0,0,80,2158,470,7155,2080,7560
TX,78027,0,220,100,110,0,120,400,70,0,0,0,18357,220,18536,150,10282,100,74,60,361,60,285,0,0,50,393,40,444,30,706,70,1515,50,0,0,60,798,0,0,80,179,0,0,0,0,0,0,0,0,0,0,0,0,0,0,50,1283,6969,0,0,50,99,40,238,50,347,40,347,40,245,170,13486,160,2780,0,0,0,0,50,43,0,0,0,0,0,0,0,0,0,0,0,0,50,80,0,0,0,0,0,0,200,2740,0,0,0,0,0,0,0,0,0,0,160,2730,180,2920,0,0,0,0,50,252,140,325
TX,78028,0,17250,7710,7180,2080,8450,32280,8710,660,0,660,1080947,17250,1098062,12110,505360,6050,17277,4040,43984,3750,33026,110,198,3500,60718,3860,73422,2890,61104,4920,135114,380,220,1090,4330,60779,1360,68922,4510,17115,390,102,90,2111,730,4219,320,1742,1080,1141,100,273,100,1203,4000,100579,523544,140,1289,3440,6705,3530,18400,3910,26819,2330,17940,3320,25269,13050,766220,12870,150173,300,1411,160,135,4700,6589,1330,2318,570,290,630,686,880,148,2010,2359,190,89,2860,8777,300,881,340,991,1420,326,15980,173349,3330,8209,2810,6937,2250,3037,650,578,130,57,11690,143586,13170,156459,180,368,450,2669,3980,25196,11880,32662
TX,78039,0,840,400,310,130,390,1570,510,0,0,0,38824,840,39317,680,28401,220,270,80,229,70,100,0,0,140,761,70,317,80,728,180,3993,60,0,0,110,1055,30,985,240,493,40,10,0,0,30,119,0,0,70,58,0,0,0,0,100,1985,8469,0,0,70,148,80,293,90,469,60,447,60,291,660,25126,650,3712,0,0,0,0,240,279,0,0,30,16,50,62,40,6,140,182,0,0,110,249,0,0,0,0,70,12,790,4981,170,378,150,335,90,140,50,41,0,0,590,3433,640,3731,0,0,0,0,160,524,640,1598
TX,78040,0,16430,7500,3610,5250,8530,38260,18950,1200,1200,0,427569,16430,431560,14060,342327,930,944,300,2234,260,1556,0,0,3570,29952,230,3511,220,2320,1240,21257,40,500,1980,530,4339,130,5626,3810,3991,330,85,0,0,40,167,50,129,370,337,70,145,0,0,890,17210,69418,0,0,640,990,470,1914,770,3298,370,2240,520,1366,8450,181755,8450,30022,60,158,90,28,4040,4354,80,1090,300,170,570,469,850,145,2770,2303,160,74,3080,4932,230,742,230,723,3640,616,15950,80933,8300,27101,7680,22978,6990,9619,730,577,110,63,6110,25667,10520,32020,20,17,50,272,1190,3885,14960,52173
TX,78041,0,19930,8600,6180,4960,10590,44440,19530,1050,1050,0,988668,19930,1000084,16880,668705,2910,8070,1280,17151,1180,12483,30,25,4250,64543,1170,34437,590,9830,2140,55881,190,440,1801,1330,16436,900,56997,5300,11416,850,226,30,671,240,1704,140,624,950,878,190,459,0,0,3250,76437,413177,70,369,2600,5019,2500,15419,3070,21848,2200,18344,2280,9835,13040,639298,13010,129912,290,853,150,111,6030,13556,490,7319,790,422,1260,1214,970,166,3600,3859,300,200,3500,9331,330,917,350,997,3480,804,19100,178123,6890,20832,6170,17525,5440,7384,1340,1139,140,73,10640,116356,14220,129977,190,335,330,2608,2770,17906,16560,56933
TX,78043,0,17890,7800,4770,5240,9440,41100,19450,920,920,0,605205,17890,611163,15100,466630,1550,3015,770,7028,670,4751,20,25,3980,33408,730,11322,500,9311,1700,35239,110,450,1899,930,10771,330,15679,4480,5958,600,156,0,0,110,552,60,179,670,566,110,256,0,0,2050,42724,159612,60,267,1420,2408,1330,4902,1840,8229,1170,6916,1330,4385,10800,310640,10780,51499,130,371,120,52,5380,6025,220,473,650,342,910,826,980,166,3540,3691,330,226,3160,5808,300,893,290,882,3430,651,17340,107148,7850,25595,7170,21560,6430,8894,1110,907,140,78,8210,45474,12250,52911,30,36,70,509,1660,5893,15860,57555
TX,78045,0,26480,10450,10550,5170,14780,63040,28250,920,920,0,1584686,26480,1601637,23140,1186614,3890,7839,1650,25107,1470,20882,70,96,5960,75233,1560,35611,710,14407,2480,61138,260,590,2656,1330,16096,1320,90413,8120,16951,1690,462,20,839,280,1895,240,1186,1910,1824,320,734,20,741,6770,146747,761268,120,658,5410,10292,5760,28750,6530,42147,5540,41362,4650,16498,19700,1058845,19690,209906,440,1053,210,110,10370,26933,660,13227,1790,969,2330,2496,1230,200,6880,8935,720,440,4580,12209,500,1632,540,1664,4260,1175,25490,262165,7210,20979,6260,16924,5540,7606,2340,2039,240,169,16540,183418,20470,201396,300,503,400,3471,3850,26994,21990,79389
TX,78046,0,25150,10230,7040,7800,13670,63800,33200,1240,1240,0,716586,25150,723482,22280,647466,840,427,200,124,160,61,0,0,6190,46587,180,1214,190,1563,1260,15546,90,770,3290,370,2240,110,2143,6580,6896,630,164,0,0,20,81,80,237,820,685,170,371,0,0,2770,54469,168327,40,69,1740,2911,1780,4679,2430,8736,1650,8870,1560,3263,14150,286607,14170,39114,100,135,130,48,8370,9223,30,79,950,535,1300,1155,1500,262,6050,6619,580,459,5100,8352,380,1209,390,1219,5900,1173,24750,130917,13280,45568,12330,38147,11210,16076,1730,1396,180,99,9790,29887,16920,40161,0,0,0,0,1510,3220,23520,94183
TX,78052,0,3230,1320,1340,520,1570,6990,2630,70,70,0,156805,3230,158478,2710,117468,560,443,240,735,230,566,0,0,620,6256,200,2399,150,1704,610,13904,100,100,453,330,3388,80,2034,840,1673,100,27,0,0,40,234,40,169,250,261,0,0,0,0,540,11935,51247,0,0,410,827,440,1650,510,2658,400,2837,380,1763,2420,98313,2420,16033,20,81,40,18,1020,1215,40,1,100,67,190,209,210,34,690,849,60,23,480,1117,90,272,90,273,310,67,3100,22751,820,2251,710,1885,590,818,190,163,40,13,2100,14817,2460,16320,0,0,0,0,510,1707,2620,7957
TX,78055,0,710,290,340,70,370,1310,330,0,0,0,48252,710,49074,510,20309,260,492,150,2125,150,1549,0,0,190,3433,170,5343,110,1789,210,5575,80,0,0,190,2243,50,880,230,822,0,0,0,0,40,136,0,0,30,25,0,0,0,0,160,4554,24897,0,0,140,315,130,702,140,1026,80,663,120,834,530,34664,510,6805,0,0,0,0,170,181,50,29,0,0,30,38,20,3,70,76,0,0,170,523,0,0,0,0,40,9,640,8435,120,247,90,186,70,91,30,34,0,0,470,6609,540,7399,0,0,0,0,160,877,480,1289
TX,78056,0,830,280,520,40,340,1790,510,0,0,0,73912,830,74959,680,54290,340,293,210,394,180,235,0,0,180,2172,180,682,90,1544,280,9332,30,20,144,150,2016,50,2958,260,1047,30,8,0,0,20,117,0,0,70,64,0,0,0,0,380,9582,49287,0,0,320,757,370,2274,380,3112,340,3755,320,1360,710,53944,710,9996,0,0,0,0,250,333,50,6,40,26,50,69,0,0,100,152,20,31,110,411,0,0,0,0,20,5,780,11704,80,139,60,111,40,52,50,48,0,0,680,9654,700,10194,20,14,20,10,190,853,610,2075
TX,78057,0,460,200,190,70,250,980,320,0,0,0,23785,460,24032,380,17023,90,72,30,43,30,13,0,0,100,981,30,186,0,0,90,2262,70,0,0,60,558,0,0,130,247,0,0,0,0,0,0,0,0,30,32,0,0,0,0,60,1345,7003,0,0,40,77,40,107,50,212,30,240,30,159,340,15494,340,2605,0,0,0,0,140,144,0,0,0,0,0,0,20,5,80,108,0,0,80,155,0,0,0,0,50,18,430,3457,130,260,100,204,60,79,0,0,0,0,310,2378,370,2676,0,0,0,0,100,300,340,1072
TX,78058,0,520,210,280,40,290,990,220,0,0,0,27686,520,28198,360,14262,190,202,110,428,100,230,0,0,130,1272,120,2040,70,1278,150,3834,80,0,0,130,1645,40,128,160,512,0,0,0,0,30,189,0,0,0,0,0,0,0,0,100,2283,9703,0,0,90,136,80,333,100,522,60,469,80,390,400,18048,390,2852,0,0,0,0,130,106,30,1,0,0,0,0,30,7,50,63,0,0,130,289,0,0,0,0,50,10,460,3533,80,186,70,153,50,63,0,0,0,0,360,2707,410,3109,0,0,0,0,150,619,330,747
TX,78059,0,2190,880,900,390,1120,4630,1660,30,30,0,101032,2190,101833,1860,78440,380,318,140,173,130,83,0,0,390,2699,140,709,120,1081,460,11141,100,70,325,240,2516,30,800,510,801,70,20,0,0,0,0,0,0,150,162,0,0,0,0,340,6927,29898,0,0,250,475,280,1067,330,1644,260,1826,240,1002,1640,63075,1610,10110,0,0,20,18,630,740,30,0,50,30,130,142,120,20,410,514,30,17,290,549,50,163,50,198,250,55,2130,14130,580,1501,500,1282,380,505,130,113,20,7,1420,9364,1680,10176,0,0,0,0,350,1489,1820,5367
TX,78061,0,4070,1720,1120,1160,1720,8570,3600,0,0,0,196705,4070,198622,3650,132134,480,850,210,1593,190,1197,0,0,640,7722,190,3332,130,1411,450,7986,140,140,541,280,2950,100,7264,800,1917,90,23,0,0,50,301,40,126,190,187,0,0,0,0,500,12406,58591,0,0,290,707,240,727,430,1714,190,997,350,2628,2810,128270,2810,26177,40,106,70,35,1190,1435,50,8,90,47,150,151,200,31,840,964,80,162,490,1366,130,367,140,422,440,96,3970,37280,1450,4026,1300,3587,1020,1331,150,138,50,14,2340,25199,2780,27385,0,0,60,1059,460,4320,3520,12170
TX,78063,0,3980,1630,1930,370,1800,7730,2030,70,0,70,277724,3980,280893,2990,158342,1250,2328,650,3586,590,2669,0,0,910,10727,580,10531,490,8366,1140,31650,140,90,554,800,9898,200,6566,1100,3169,100,26,0,0,140,608,70,347,260,245,30,74,0,0,1010,20760,112709,20,146,810,1496,910,4324,990,6437,770,5898,800,3396,3120,176114,3100,31791,40,187,50,21,1030,1208,140,152,90,48,230,243,160,32,510,665,70,38,680,1730,100,347,100,384,300,71,3750,39199,650,1416,500,1102,360,480,220,196,40,18,2880,30581,3210,32914,40,69,70,258,850,3363,2930,7926
TX,78064,0,6440,2730,2590,1040,3450,13470,4830,30,30,0,446284,6440,452084,5510,281715,1370,2280,730,3103,660,2503,0,0,1110,19735,650,19745,430,6165,1130,29984,380,150,721,770,9127,280,18531,1640,5800,210,60,20,709,200,1178,100,587,480,456,40,83,20,311,1110,24766,137038,30,89,910,1945,870,2951,1050,5243,740,5285,770,4109,5080,329774,5080,67668,110,356,60,40,1920,2473,170,13,230,138,300,347,240,38,1320,1774,130,68,920,3158,120,363,130,404,610,153,6210,74454,1270,3239,1120,2815,890,1169,280,240,50,14,4650,65319,5080,70459,60,61,160,1528,1150,14918,5050,16354
TX,78065,0,4410,1830,1560,950,2100,9580,3820,80,80,0,189468,4410,190974,3870,151041,460,452,210,646,170,380,0,0,730,6411,180,3079,150,1576,640,12380,230,140,615,350,3242,40,346,910,1506,80,23,0,0,60,220,30,138,240,224,0,0,0,0,520,11170,50195,0,0,400,743,370,1068,490,2082,320,2367,360,1467,3120,113430,3130,18673,20,56,50,31,1340,1565,30,0,90,60,210,222,300,50,940,1155,70,51,570,1216,120,384,140,408,530,107,4290,29213,1400,3863,1240,3293,980,1338,200,173,60,22,2670,17088,3170,18675,0,0,20,107,480,1939,3870,12352
TX,78066,0,300,110,190,0,170,620,160,0,0,0,23790,300,24115,240,15515,130,89,60,121,50,51,0,0,70,175,50,539,30,290,80,2473,40,0,0,60,700,30,528,100,325,0,0,0,0,0,0,0,0,40,35,0,0,0,0,110,2153,11959,0,0,80,181,100,445,100,669,80,586,80,302,260,17532,260,3128,0,0,0,0,110,146,0,0,0,0,30,33,0,0,40,63,0,0,50,107,0,0,0,0,0,0,280,3564,0,0,0,0,0,0,0,0,0,0,240,2875,250,3107,0,0,0,0,80,622,200,598
TX,78067,0,300,110,110,90,210,700,310,0,0,0,15860,300,15963,250,10240,50,161,0,0,0,0,0,0,80,694,0,0,0,0,40,701,40,0,0,20,248,0,0,80,103,0,0,0,0,0,0,0,0,0,0,0,0,0,0,60,1488,4458,0,0,40,55,20,41,50,145,0,0,20,30,170,10299,170,2024,0,0,0,0,70,98,0,0,0,0,0,0,0,0,50,67,0,0,60,80,0,0,0,0,40,7,280,3237,120,406,110,334,80,116,0,0,0,0,160,1881,220,2090,0,0,0,0,30,37,260,1124
TX,78069,0,2170,910,750,450,1050,4630,1850,90,90,0,83907,2170,84590,1860,68629,250,144,90,85,80,57,0,0,380,3054,90,403,70,765,350,7391,80,50,223,180,1788,20,567,450,683,50,14,0,0,0,0,0,0,100,115,0,0,0,0,230,4712,17599,0,0,170,344,170,467,220,937,140,877,150,760,1520,48194,1520,7296,0,0,30,12,660,746,0,0,50,32,120,119,140,23,440,542,20,16,280,568,60,160,70,185,200,38,2100,12435,700,1906,610,1643,480,649,120,101,20,5,1280,6550,1520,7317,0,0,0,0,270,739,1850,5794
TX,78070,0,7270,2700,3990,500,3190,15150,4500,120,40,70,729590,7270,740129,5650,420431,2900,6066,1780,11682,1650,8520,80,175,1710,32070,1690,53962,980,24298,2040,67347,180,220,1114,1430,22676,700,59845,2230,10539,250,65,70,1529,370,2241,160,983,480,480,50,123,60,873,2760,71534,470982,80,641,2370,6008,2560,14742,2740,21772,2300,23736,2300,14654,5870,568425,5850,123824,220,706,80,53,2180,3231,580,855,280,151,400,482,220,43,960,1296,140,92,1340,5152,140,441,150,488,340,86,6850,130984,840,1926,690,1529,570,776,370,336,50,14,5500,121139,6000,129185,270,482,360,2308,2020,19201,4840,15692
TX,78071,0,1550,660,670,220,960,3200,1060,0,0,0,125106,1550,126366,1310,69819,420,372,180,543,170,281,0,0,360,3961,210,4748,130,2953,280,7498,200,30,113,210,2689,110,2933,440,1260,40,10,0,0,70,319,0,0,70,67,0,0,0,0,210,4484,31819,0,0,150,372,140,286,200,730,100,546,150,1385,1220,97868,1220,22022,30,110,0,0,450,480,60,3,40,18,80,86,40,7,280,317,20,7,290,824,0,0,0,0,180,37,1460,24728,330,795,290,708,210,303,70,67,0,0,1100,21543,1250,23417,0,0,50,725,310,3932,1170,4352
TX,78072,0,380,170,160,40,260,740,220,0,0,0,126527,380,127008,290,14399,120,432,70,623,60,456,0,0,110,2233,80,4103,0,0,70,1396,70,0,0,50,627,50,10200,120,481,0,0,0,0,0,0,0,0,0,0,0,0,0,0,50,3015,43472,0,0,40,106,30,113,50,242,20,212,30,2581,320,116852,320,39803,0,0,0,0,130,133,30,7,0,0,0,0,0,0,50,68,0,0,90,410,0,0,0,0,30,7,350,44848,60,141,50,124,40,44,0,0,0,0,290,40974,320,43549,0,0,50,3355,90,3760,240,866
TX,78073,0,3430,1420,1230,740,1670,7550,3080,160,160,0,130202,3430,131428,2920,102374,350,302,100,88,100,56,0,0,660,6988,100,480,110,858,510,9914,120,110,377,260,2256,60,2586,870,1226,70,19,0,0,20,60,30,87,180,180,30,49,0,0,380,8061,26277,0,0,280,577,260,842,350,1578,240,1543,260,885,2370,72419,2380,11375,0,0,50,28,1070,1199,0,0,80,45,200,202,280,44,700,852,40,22,560,1121,110,341,120,371,410,80,3310,20158,1180,3393,1050,2818,860,1216,210,178,40,8,1980,10176,2500,11659,0,0,0,0,410,1351,2950,9522
TX,78076,0,4690,1560,1480,1620,2960,11170,5200,0,0,0,188163,4690,190384,3810,149220,620,1053,230,1115,190,774,0,0,1410,12209,200,2451,110,1400,530,12202,480,240,1041,260,2913,160,3975,1450,2221,200,54,0,0,30,145,0,0,170,144,30,79,0,0,780,18415,59418,0,0,540,816,350,944,660,2176,320,1912,330,1009,2710,103221,2710,17368,70,136,30,14,1330,1802,20,1,160,115,330,370,130,24,950,1139,80,90,1090,2156,60,176,60,198,770,166,4460,33542,2080,7426,1930,6203,1740,2524,450,421,20,5,2120,15560,3270,18316,30,28,30,81,540,2552,4000,18127
TX,78101,0,3910,1580,1830,420,1810,7890,2480,90,90,0,262478,3910,264978,3220,173946,1210,1057,510,1398,470,967,0,0,730,9257,470,4314,280,3944,960,26606,390,110,483,570,6819,180,8157,970,2500,130,34,0,0,80,491,70,264,260,270,30,63,0,0,940,19545,109258,0,0,770,1616,830,3699,920,5524,750,5712,690,3041,3130,189742,3120,36240,30,75,30,19,1160,1384,100,38,160,90,250,269,210,31,660,850,70,26,550,1361,60,176,70,212,210,49,3710,42520,570,1365,480,1176,390,527,260,206,0,0,2880,34936,3140,37255,30,20,50,975,800,4681,2950,8702
TX,78102,0,8030,3580,2620,1710,4760,16440,6230,0,0,0,372320,8030,375679,7160,281272,1430,1550,600,2792,560,2054,0,0,1040,12606,590,8645,410,6343,1350,27301,410,260,1098,700,7573,190,4933,1470,3359,220,57,20,377,120,651,80,373,370,375,40,85,0,0,1080,22508,102096,0,0,920,2031,710,1996,1030,4600,560,3059,870,5247,6040,237473,6020,41466,50,187,60,39,2670,3020,150,47,200,111,380,372,590,66,1640,2006,390,383,820,1987,100,271,110,289,980,203,7780,59615,2310,5954,2060,5385,1610,2078,400,327,50,20,5140,38498,5850,41655,40,33,70,727,1040,5551,6770,22086
TX,78108,0,15630,5740,7900,1760,4920,35880,13760,640,540,100,1029256,15630,1038872,14000,819327,4640,2816,2370,5043,2160,3404,170,193,2180,21672,2060,12635,1030,14150,4360,126856,90,450,2330,1580,20987,370,8072,4410,9616,690,181,40,299,230,1008,340,1125,1960,2069,260,628,0,0,5920,116459,581601,220,754,4420,9002,5400,24407,5820,35172,5350,41461,4630,19833,13170,696979,13140,112453,120,313,100,74,6690,10008,590,48,1410,882,1720,1929,820,134,4430,6473,350,276,1480,3796,170,452,190,510,570,151,15310,134696,1910,4169,1640,3601,1500,2099,1490,1328,80,35,11990,102446,12630,107808,60,35,100,122,2860,10278,12480,36438
TX,78109,0,19750,8520,6940,3880,6300,41270,15780,950,850,100,886426,19750,894346,17820,744142,3330,1570,1300,1842,1170,1313,120,100,2460,15076,1070,4420,760,7661,4160,91221,70,720,3546,1580,16247,200,4645,4720,7920,640,160,0,0,130,420,290,884,2080,2190,250,575,0,0,4140,72408,287755,160,396,2830,4787,3510,11771,3980,17792,3480,21115,3040,11710,15630,539522,15640,80985,40,81,200,91,7270,9095,220,17,1280,712,1890,1903,1550,258,4560,5777,360,264,1660,3090,370,1028,400,1111,1170,238,19330,120157,4840,12181,4270,10778,3610,4968,1840,1544,130,55,13300,71837,14730,76263,0,0,20,41,2630,6187,16840,49788
TX,78112,0,3550,1490,1270,760,1740,7800,3130,140,140,0,136621,3550,137814,3050,109186,360,166,120,109,110,58,0,0,650,6592,120,426,110,1031,500,8392,70,110,415,280,2411,40,1008,820,1193,50,13,0,0,40,103,20,65,170,159,20,35,0,0,410,7825,26654,0,0,280,518,280,723,380,1417,240,1396,270,934,2520,77176,2530,12578,0,0,60,39,1110,1184,0,0,90,55,180,162,300,46,740,882,40,21,550,1091,110,325,120,364,430,88,3400,18916,1160,3284,1020,2714,880,1229,210,156,30,11,2090,11394,2620,12891,0,0,0,0,470,1280,3020,9405
TX,78113,0,1080,460,530,90,770,2180,660,0,0,0,126480,1080,127367,790,48094,530,505,210,1455,190,1325,0,0,200,3055,240,2730,90,717,230,5419,370,0,0,200,3057,90,1090,300,887,40,10,0,0,40,189,0,0,50,62,0,0,0,0,200,4425,32061,0,0,170,361,150,629,180,1024,120,1078,150,1405,920,106803,900,26232,50,225,0,0,320,339,50,2,40,24,70,78,20,5,140,195,0,0,170,445,0,0,0,0,50,17,990,30310,90,226,80,202,60,76,60,50,0,0,870,25820,910,27607,0,0,110,1205,280,3584,690,3933
TX,78114,0,9080,3730,3980,1250,4280,18770,6290,160,160,0,553453,9080,559447,7700,392922,2250,2458,1010,2805,930,1767,30,32,1500,17792,990,10524,610,8695,2030,56456,710,220,910,1230,14755,330,14639,2240,5994,280,74,20,525,260,1300,160,689,670,636,50,122,0,0,1920,40513,203990,50,190,1540,3164,1620,6935,1870,10687,1500,11454,1430,5931,7210,385956,7190,70652,100,286,80,59,2850,3404,240,22,400,228,530,595,510,85,1730,2250,190,128,1200,3188,150,422,170,488,630,146,8780,88379,1720,4239,1450,3624,1140,1521,520,461,70,31,6570,67176,7220,72082,70,59,130,931,1630,8115,7190,22430
TX,78116,0,170,70,90,0,130,320,60,0,0,0,62262,170,62296,90,5603,80,111,20,127,20,71,0,0,0,0,30,250,0,0,40,553,60,0,0,50,742,0,0,40,34,0,0,0,0,0,0,0,0,0,0,0,0,0,0,30,564,13421,0,0,0,0,20,55,30,118,0,0,0,0,140,59068,140,20045,0,0,0,0,40,27,0,0,0,0,0,0,0,0,0,0,0,0,0,0,0,0,0,0,0,0,150,20169,0,0,0,0,0,0,0,0,0,0,140,20340,150,21781,0,0,40,1670,50,3383,90,331
TX,78117,0,270,130,120,0,190,510,150,0,0,0,49789,270,49900,210,11603,110,138,40,99,40,52,0,0,30,226,40,808,0,0,40,801,80,0,0,40,633,0,0,60,111,0,0,0,0,0,0,0,0,0,0,0,0,0,0,40,969,16458,0,0,40,94,30,75,40,190,0,0,30,443,240,45151,230,13172,0,0,0,0,70,89,0,0,0,0,0,0,0,0,30,60,0,0,30,33,0,0,0,0,0,0,240,13990,0,0,0,0,0,0,0,0,0,0,230,13065,230,13924,0,0,40,780,70,1326,170,1078
TX,78118,0,1950,890,630,420,1250,3930,1450,0,0,0,278008,1950,279155,1580,64615,500,773,230,1074,210,786,0,0,330,2502,240,4854,110,1315,310,6182,250,30,141,250,3624,90,6539,420,1147,50,13,0,0,50,257,0,0,100,104,0,0,0,0,230,6646,54622,0,0,190,438,150,430,210,917,70,483,150,3257,1540,244566,1540,74765,40,213,20,17,570,600,70,9,20,15,70,67,90,13,360,443,20,7,240,649,30,89,40,99,220,72,1860,85340,430,1184,370,1050,320,442,80,62,0,0,1380,74801,1530,79976,0,0,190,5059,390,8889,1410,7307
TX,78119,0,2260,970,790,480,1530,4510,1560,0,0,0,200302,2260,201876,1860,79518,490,643,220,1170,200,742,0,0,400,4458,240,6678,140,1527,400,7887,220,50,260,300,3653,110,8529,490,1574,40,9,0,0,70,348,20,109,90,93,0,0,0,0,280,8143,47607,0,0,220,505,160,403,260,988,120,686,200,3297,1690,160790,1700,43061,30,56,0,0,640,725,50,8,30,14,90,106,100,15,420,532,30,10,320,863,30,96,30,103,250,49,2130,50324,560,1408,490,1243,380,464,90,80,0,0,1520,42335,1750,45912,0,0,90,2373,430,5925,1710,6592
TX,78121,0,5910,2240,3090,500,2820,12700,4210,60,60,0,467943,5910,472857,5050,338024,1940,2123,850,2021,790,1455,20,11,1080,17626,810,8889,440,6440,1380,39641,470,150,713,750,9485,320,23959,1660,4914,250,67,0,0,170,972,110,580,500,499,60,142,0,0,1880,42549,253999,40,366,1520,3426,1700,8244,1830,12353,1580,13530,1440,6395,4930,344971,4930,66184,100,344,50,28,1960,2736,220,49,380,239,430,441,220,35,1140,1603,100,43,830,2709,80,231,80,241,300,100,5670,72369,710,1547,580,1288,460,574,370,319,30,8,4620,63448,4920,67519,120,129,170,680,1310,9576,4390,12975
TX,78122,0,150,70,70,0,90,290,80,0,0,0,9015,150,9065,120,4432,30,9,0,0,0,0,0,0,20,72,0,0,0,0,30,647,40,0,0,30,309,0,0,30,50,0,0,0,0,0,0,0,0,0,0,0,0,0,0,0,0,0,0,0,0,0,0,0,0,0,0,0,0,0,110,6317,110,1108,0,0,0,0,30,23,0,0,0,0,0,0,0,0,0,0,0,0,20,35,0,0,0,0,0,0,140,980,30,77,30,63,0,0,0,0,0,0,100,1078,120,1221,0,0,0,0,20,142,110,281
TX,78123,0,1150,520,450,150,510,2160,600,20,0,20,86201,1150,87127,920,41611,330,663,200,2366,180,1634,0,0,220,3334,160,8214,110,1899,280,6048,30,30,116,200,2780,80,3478,260,926,30,6,0,0,40,215,0,0,60,49,0,0,0,0,210,5627,34811,0,0,190,342,190,1269,200,1717,160,1379,150,1040,910,65535,910,14012,20,131,0,0,340,327,50,10,30,15,40,37,80,15,160,217,0,0,170,455,0,0,0,0,100,21,1110,15646,220,496,180,424,130,176,40,37,0,0,810,10577,910,11371,0,0,30,242,220,945,850,2270
TX,78124,0,2800,1220,1260,310,1110,5540,1690,0,0,0,162055,2800,163815,2310,108811,860,904,340,1112,310,863,0,0,460,6039,290,3589,260,2590,690,17500,200,60,201,430,5338,120,7160,630,1760,80,21,0,0,60,353,50,250,170,170,0,0,0,0,520,10459,57358,0,0,390,778,450,1618,510,2560,420,3238,390,1765,2230,112739,2230,20314,0,0,30,7,790,1038,60,2,110,60,150,178,170,30,460,605,40,20,360,963,50,138,50,141,200,46,2680,23691,510,1116,420,937,320,424,150,140,0,0,2040,19128,2220,20760,0,0,30,458,510,3135,2200,5613
TX,78130,0,32370,14870,12550,4460,13110,64210,21610,1050,200,880,1895549,32370,1921147,27440,1300819,8390,11051,4610,21758,4290,16016,250,350,5260,77441,4270,76105,2930,44785,6190,146724,320,900,4087,4040,50971,1410,88761,8450,25598,1050,271,140,2541,910,4636,500,2300,3000,3217,270,710,90,1125,7130,144512,808175,280,1403,5520,10355,6180,25737,6960,38371,5410,39117,5310,26364,25580,1319055,25470,238919,340,1225,370,275,10550,14323,1280,1466,1680,993,1810,2001,1890,312,6420,8365,340,153,4170,12337,580,1680,650,1926,2560,593,31110,279223,6050,14301,5110,12441,4240,5606,1650,1494,240,111,22850,226286,25050,243594,280,365,460,3851,5940,40488,25210,68557
TX,78132,0,11630,4210,6460,800,5520,24830,7880,200,70,130,1251092,11630,1270371,9340,746524,5290,10003,3300,20788,3110,14716,170,218,2440,49768,3200,83065,1540,35629,3140,107549,360,260,1282,2070,34313,1300,120718,3540,19279,480,129,150,2610,630,4111,330,1898,780,810,140,360,100,1767,4770,126237,825315,190,1738,4020,10029,4410,26346,4730,38833,3930,41832,4020,26680,9460,984629,9390,217747,430,1626,80,71,3780,6309,1060,1610,640,379,680,816,340,63,1720,2370,190,279,1930,7517,150,438,170,502,510,143,11030,232420,1140,2461,940,2092,800,1101,650,596,60,36,8900,211567,9460,223968,530,867,730,3196,3080,30007,7750,30183
TX,78133,0,8150,3440,3830,740,3530,15360,3790,200,20,180,547164,8150,554675,6000,314265,2830,5954,1720,10548,1600,7513,40,38,1750,25728,1650,27457,1210,24375,2350,68191,80,240,1211,1820,25209,560,28387,2230,7511,210,51,50,928,350,1675,170,738,500,497,60,148,20,164,2070,49395,260323,80,455,1700,3394,1840,8478,2020,12823,1550,13089,1610,9182,6320,394209,6270,76010,120,473,100,94,2090,2827,540,1001,190,96,310,319,370,71,940,1161,110,51,1350,3879,180,635,200,763,530,133,7580,83550,1310,2807,1090,2281,760,949,290,267,80,43,5870,73185,6470,78770,130,241,190,899,1950,13240,5710,15690
TX,78140,0,1460,570,510,350,800,3290,1390,0,0,0,83494,1460,83921,1290,53683,210,320,90,291,90,154,0,0,190,3335,110,2537,50,453,190,4026,140,30,161,140,1682,40,2687,250,427,0,0,0,0,0,0,0,0,40,33,0,0,0,0,130,2617,17452,0,0,100,172,90,212,120,429,60,417,90,416,1090,58368,1090,12671,0,0,0,0,470,523,20,0,20,14,60,54,90,13,330,424,0,0,170,419,0,0,0,0,200,47,1410,14390,390,983,360,895,300,445,60,46,0,0,930,12031,1060,12984,0,0,30,376,230,2760,1180,3619
TX,78141,0,320,130,130,40,210,580,150,0,0,0,26305,320,26444,220,9497,130,92,40,90,40,86,0,0,50,272,60,485,30,310,80,1600,80,0,0,80,1061,0,0,70,139,0,0,0,0,0,0,0,0,0,0,0,0,0,0,40,644,4282,0,0,30,53,20,35,30,97,0,0,0,0,240,21253,240,4873,0,0,0,0,70,82,0,0,0,0,0,0,0,0,40,40,0,0,50,83,0,0,0,0,0,0,290,5556,60,138,50,123,40,50,0,0,0,0,220,4745,260,5084,0,0,20,158,90,747,190,725
TX,78148,0,10040,4660,3780,1440,3210,19560,6340,420,290,130,525489,10040,530336,8420,375388,2800,2583,1420,5012,1300,3635,60,32,1300,11211,1210,12160,890,9327,2600,82211,30,280,1349,1460,19854,230,4997,2360,4847,300,80,0,0,130,550,160,654,850,907,130,270,0,0,1950,37685,188936,70,255,1450,2687,1640,7268,1870,10565,1410,8670,1580,8587,8050,350620,8030,56926,60,150,80,35,3360,3723,400,39,490,275,790,796,690,112,1840,2316,170,91,950,2076,140,344,160,409,600,120,9750,72783,1970,4730,1760,4218,1450,1897,730,640,50,15,7080,53066,7660,55815,40,28,60,199,1760,5117,8030,21675
TX,78151,0,610,250,240,130,430,1320,490,0,0,0,97293,610,97665,500,18703,150,226,70,256,60,157,0,0,100,1408,70,1810,40,200,110,2596,110,0,0,100,1336,40,203,130,372,0,0,0,0,0,0,0,0,0,0,0,0,0,0,90,2034,22372,0,0,80,190,40,90,80,360,30,140,60,960,450,85935,440,27508,0,0,0,0,190,198,20,1,0,0,30,24,40,5,110,145,0,0,80,266,0,0,0,0,50,10,590,25760,170,479,150,427,120,146,30,24,0,0,410,28220,460,29858,0,0,50,2197,130,4763,440,1923
TX,78152,0,1170,470,590,90,620,2280,580,0,0,0,78090,1170,78884,920,54795,470,316,190,514,190,319,0,0,210,2125,200,2281,130,1686,350,9391,190,20,102,230,2897,60,2642,320,794,40,9,0,0,30,123,20,98,80,83,0,0,0,0,270,5253,29459,0,0,230,417,250,1200,270,1700,210,1467,200,810,970,56285,970,9723,0,0,0,0,310,348,40,1,40,22,60,71,40,8,170,225,0,0,160,373,20,63,20,48,40,7,1120,11480,120,273,100,226,80,99,60,53,0,0,900,9376,960,9914,0,0,0,0,270,1072,870,2490
TX,78154,0,16760,6990,7520,1960,5410,34510,11490,640,490,160,1129424,16760,1139932,14450,805269,5510,4486,2670,7022,2450,4844,120,136,2390,21424,2350,26061,1340,16659,4820,141672,100,460,2145,2120,27671,470,21925,4450,10508,720,186,30,437,250,1185,340,1420,1800,1932,260,591,0,0,5140,100901,557417,150,532,3950,7984,4570,20964,5010,30728,4400,31238,4130,19834,13940,804694,13920,142889,120,357,110,90,6010,7635,730,99,1090,644,1440,1586,870,138,3470,4626,400,314,1700,4178,220,573,240,634,730,166,16330,169857,2310,5119,1970,4455,1630,2202,1270,1119,90,42,12760,135283,13560,141609,110,107,170,941,3240,12718,13110,35863
TX,78155,0,20680,9390,7710,3300,9470,40840,13830,490,140,350,1086670,20680,1099894,17430,737620,5040,6523,2680,12085,2470,8707,60,78,3080,45090,2460,40782,1720,26403,4020,90215,990,490,2081,2680,33145,810,44699,4460,13224,510,129,70,1256,530,2657,280,1300,1210,1200,120,304,50,444,3200,69030,381441,90,499,2550,4999,2780,11333,3090,17261,2310,16963,2410,16559,15580,735601,15530,136360,150,396,180,142,6150,6613,640,394,780,388,940,1029,1650,277,3540,4205,230,132,2540,6981,300,898,330,1026,1930,392,19830,176338,4920,12404,4320,11120,3450,4546,900,821,120,61,13660,130045,15350,140678,160,277,280,2078,3470,16890,16440,48330
TX,78159,0,400,170,160,70,250,860,310,0,0,0,37005,400,37197,340,12906,70,94,30,60,30,32,0,0,80,417,40,117,0,0,50,631,40,0,0,50,626,0,0,90,192,0,0,0,0,0,0,0,0,0,0,0,0,0,0,30,708,4051,0,0,30,51,0,0,30,124,0,0,20,107,310,30039,310,8582,0,0,0,0,120,107,0,0,0,0,0,0,20,2,80,80,0,0,70,206,0,0,0,0,70,11,370,7442,120,322,110,289,80,127,0,0,0,0,270,6160,320,9302,0,0,0,0,80,810,300,1036
TX,78160,0,1790,710,820,210,960,3700,1170,0,0,0,108822,1790,110164,1460,73536,480,331,170,321,150,189,0,0,370,5847,200,3257,120,1481,370,9283,330,40,166,240,2833,70,944,530,1342,70,20,0,0,70,367,0,0,120,144,0,0,0,0,290,6223,28455,0,0,220,393,240,809,270,1288,190,1325,190,821,1410,76920,1410,14185,0,0,0,0,510,659,30,22,70,44,80,92,80,14,330,452,0,0,340,951,30,59,30,77,160,47,1700,16093,320,741,260,629,200,270,90,74,0,0,1290,13459,1460,14866,0,0,30,257,400,3316,1330,4098
TX,78161,0,380,150,170,50,200,720,210,0,0,0,19184,380,19346,330,15973,70,8,20,17,20,6,0,0,60,614,0,0,0,0,80,1665,40,0,0,40,399,0,0,90,162,0,0,0,0,0,0,0,0,20,18,0,0,0,0,70,1514,5556,0,0,50,76,50,152,70,250,50,310,40,123,310,12508,310,1973,0,0,0,0,100,117,0,0,0,0,0,0,20,2,60,81,0,0,50,105,0,0,0,0,30,6,370,2620,60,130,50,109,40,40,0,0,0,0,280,1856,310,2013,0,0,0,0,50,100,320,803
TX,78163,0,4920,1860,2770,240,2270,10140,2950,40,0,40,465235,4920,472838,3890,292599,2190,3581,1270,6079,1190,4268,20,25,1220,25095,1210,15837,620,11898,1310,44196,130,80,437,940,14040,530,36254,1590,7603,170,45,50,935,280,1842,140,798,320,307,50,117,40,865,1990,47563,310225,40,490,1700,3933,1830,10183,1950,14866,1620,15860,1690,9484,4040,357913,4010,74000,140,423,40,41,1480,1958,390,69,210,103,310,378,150,27,610,841,120,109,950,3661,80,295,90,336,190,59,4660,78445,410,851,310,677,260,362,290,267,30,14,3830,72107,4110,77298,200,235,230,973,1360,11287,3260,9609
TX,78164,0,1770,770,760,220,1130,3480,1020,0,0,0,314476,1770,316580,1280,60700,730,1442,320,2353,300,1169,0,0,380,8137,380,7434,180,2424,400,7673,370,30,151,360,4678,100,16729,480,2104,20,4,0,0,90,521,30,160,70,70,0,0,0,0,230,8587,87695,0,0,200,441,180,379,220,861,100,645,160,3873,1390,278707,1380,85830,30,80,0,0,470,507,90,15,40,23,60,72,60,11,260,329,20,7,370,1411,0,0,20,56,120,39,1650,92088,310,782,270,649,200,278,60,51,0,0,1290,86990,1440,92832,0,0,170,6023,430,15085,1190,8025
TX,78201,0,19380,10010,4680,4460,8490,37230,14080,1650,1510,140,622626,19380,628558,16260,477335,2180,2194,940,3284,800,2285,0,0,3480,31828,770,6005,710,7608,2590,52210,40,520,2075,1380,12750,220,10067,4450,5932,390,99,0,0,140,451,140,428,1190,1224,140,312,0,0,1750,32104,141646,40,134,1280,2427,1270,4629,1600,7505,1090,5840,1280,4837,12780,339244,12800,54297,40,114,350,181,5040,4358,180,30,410,218,1050,922,1460,231,2820,2639,230,154,2890,5123,790,2303,810,2407,2370,390,18590,94191,6810,18112,5980,15369,4670,6182,1160,915,290,131,10640,50189,13540,56585,30,29,50,170,2550,6175,16440,44999
TX,78202,0,4510,2260,840,1360,2190,9370,4220,580,580,0,116368,4510,117640,3820,91950,280,135,100,343,90,257,0,0,900,9206,100,705,100,707,430,7590,0,120,468,200,1782,40,720,1010,1272,50,12,0,0,0,0,0,0,120,129,0,0,0,0,240,4389,22405,0,0,180,332,170,682,230,1189,120,804,190,855,2420,55082,2430,9146,0,0,70,38,950,736,0,0,60,27,140,113,300,48,590,505,0,0,820,1389,150,423,150,466,660,99,4380,21195,2220,6505,2050,5439,1540,2112,220,201,30,6,1930,8388,2870,10010,0,0,0,0,410,1087,4030,12151
TX,78203,0,2520,1190,510,800,1120,5360,2430,340,340,0,62211,2520,62730,2190,52521,130,29,40,23,30,14,0,0,440,3747,30,65,40,170,240,3495,0,80,334,120,743,0,0,510,519,20,5,0,0,0,0,0,0,80,92,0,0,0,0,170,2524,8632,0,0,110,161,100,231,150,478,80,385,110,526,1430,26699,1430,3716,0,0,40,17,630,518,0,0,50,26,100,75,180,34,420,365,0,0,390,585,90,254,80,270,360,56,2440,10486,1210,3593,1110,3101,860,1180,120,93,20,4,1100,3197,1570,3886,0,0,0,0,250,355,2250,7064
TX,78204,0,5040,2580,1180,1200,2210,9500,3500,440,440,0,234833,5040,237230,4320,158890,580,1216,320,3226,310,2080,0,0,800,10088,310,22706,190,2551,640,12185,0,130,635,300,3177,120,6315,1130,2397,90,20,0,0,60,268,40,186,340,375,30,63,0,0,480,12970,88945,30,317,330,722,340,2394,460,3560,290,2421,370,2467,3480,157122,3470,33087,30,166,80,41,1400,1162,110,69,90,41,240,216,430,71,720,659,60,28,650,1422,190,624,190,661,580,88,4850,46142,1730,4603,1520,3979,1170,1524,240,188,70,26,2910,31838,3570,34758,50,129,60,1142,610,2515,4280,12446
TX,78205,0,680,450,160,40,360,980,190,40,40,0,159848,680,164074,470,38235,270,2375,220,16237,200,13878,0,0,170,9691,200,40353,70,2122,120,5326,0,0,0,110,1923,140,25887,240,4226,0,0,30,1601,80,756,0,0,40,42,0,0,0,0,210,14661,134212,0,0,170,435,160,2421,210,3828,120,1493,180,3938,560,139482,560,37558,50,533,0,0,180,820,100,276,0,0,30,24,20,4,20,25,0,0,160,1712,0,0,0,0,30,6,620,44622,80,121,60,98,30,35,30,24,0,0,520,36257,560,39971,50,240,90,2271,180,5966,400,3043
TX,78207,0,18940,9050,3870,5850,8670,39910,17900,2500,2470,20,454521,18940,458393,16200,376659,990,582,280,713,220,524,0,0,3460,32824,230,2735,330,2822,1760,27081,0,530,1994,710,4532,80,3273,3960,3872,130,33,0,0,40,98,50,141,610,535,60,142,0,0,700,12839,44954,0,0,490,1091,350,958,610,2310,270,1231,460,1796,10470,192833,10530,28320,20,79,330,165,4460,3709,40,45,270,142,690,560,1470,240,2670,2287,120,70,3130,5052,760,2156,760,2323,2790,410,18360,79323,9100,27304,8360,23194,6590,8904,870,700,240,128,8230,24608,11990,30439,0,0,30,50,1660,2575,17030,52749
TX,78208,0,1820,910,360,530,800,3670,1520,180,180,0,47994,1820,48356,1620,39600,120,69,40,95,40,57,0,0,280,2424,40,402,30,164,180,2535,0,50,179,80,548,0,0,330,362,20,5,0,0,0,0,0,0,60,59,0,0,0,0,80,1732,6643,0,0,60,91,40,144,70,338,40,186,50,257,1080,22404,1080,3347,0,0,30,10,450,389,0,0,40,25,100,88,120,17,290,246,0,0,230,388,70,191,70,196,270,39,1780,8324,840,2300,780,2024,570,776,140,113,30,4,850,2949,1140,3449,0,0,0,0,150,236,1640,4891
TX,78209,0,19260,10120,6920,1870,10150,35010,9950,480,440,40,3341261,19260,3384936,14600,1331022,8020,47017,6770,161391,6440,127616,240,729,4340,109933,6470,540376,2320,50048,3940,126906,270,390,2007,3370,56599,3050,398120,6670,43675,660,164,400,10523,1320,9391,490,2728,1660,1960,220,571,300,4037,7160,261787,2496716,320,4713,6100,16073,6300,70102,7040,92539,4720,52257,6190,81865,16180,2883682,15930,770942,1360,8970,200,133,6590,13771,2940,3392,890,540,1030,1092,680,115,1860,2156,300,281,3770,19463,350,1000,400,1096,870,216,18060,884604,2250,4682,1890,3961,1310,1634,910,782,150,81,15040,772931,16130,819195,1290,3714,2090,35630,5340,81729,11850,88509
TX,78210,0,15740,7810,3600,4150,6610,30780,12110,1560,1560,0,507521,15740,513165,13530,399601,1620,1828,680,3141,580,2385,0,0,2520,25252,570,7176,550,5863,2130,39065,40,430,1766,1020,8940,190,9370,3360,5644,280,71,0,0,120,612,120,414,910,961,90,209,0,0,1190,22068,95237,30,189,870,1706,850,3158,1100,5320,710,4141,840,3357,10310,278625,10320,45003,50,193,230,109,4160,3698,140,29,370,191,750,646,1320,233,2420,2306,160,100,2080,3953,490,1366,510,1440,1720,274,15260,83348,6070,16487,5430,14246,4140,5376,810,665,160,83,8480,41305,10640,46482,40,83,70,466,1790,4649,13680,39665
TX,78211,0,13350,6220,3230,3810,6500,28400,12510,1160,1130,30,352661,13350,355256,11600,298821,720,421,170,203,130,111,0,0,2210,20145,120,1178,260,2014,1490,20985,20,420,1494,560,3306,50,849,2560,2595,180,44,0,0,40,72,40,81,470,401,50,97,0,0,740,13205,39527,0,0,550,1318,410,966,660,2607,330,1439,510,1662,8250,154060,8290,20455,0,0,240,133,3880,3364,0,0,310,175,540,469,1270,212,2460,2378,130,87,1880,3197,490,1641,500,1756,1770,287,12990,56851,5870,17199,5340,14773,4290,5900,690,566,150,77,6410,17091,8700,20860,0,0,0,0,1180,2233,12030,38176
TX,78212,0,12600,7380,3180,1870,5650,21690,6510,770,710,60,1291928,12600,1308320,10510,540184,2740,22209,1920,68120,1790,56131,40,103,2520,59524,1790,284244,770,15365,1800,44225,80,300,1289,1180,16443,920,124723,3650,16392,350,82,140,4280,420,2995,200,860,1110,1291,120,296,70,891,2360,106633,891363,90,1464,1940,4799,1990,22485,2290,29148,1520,15707,1920,26261,9510,1043328,9480,255956,380,2759,220,125,3360,8990,800,6181,330,184,680,622,740,120,1230,1228,140,73,2090,8572,400,1085,430,1194,1230,242,12020,305811,2900,6452,2440,5454,1710,2173,710,586,140,74,8550,256620,9720,272703,430,1147,600,14979,2440,29176,9510,48880
TX,78213,0,19920,10450,5300,3900,8310,37180,13090,1110,970,140,877680,19920,887802,16770,598207,3210,6612,1780,15026,1640,11657,40,44,3350,42589,1580,40111,1240,18300,3020,67569,80,550,2345,1930,23118,590,26196,4860,10122,420,104,60,1083,270,1486,220,1035,1590,1638,190,451,20,185,2620,52774,298707,60,282,2070,4328,2090,9995,2520,15125,1680,10446,2060,10225,14500,569803,14480,105411,160,501,360,202,5690,6457,470,235,680,356,1310,1185,1420,222,2930,2993,240,132,2700,6361,620,1737,660,1890,1960,367,19120,147097,5490,13898,4730,11863,3920,5213,1280,1048,210,84,12380,99604,14600,108698,120,170,220,2085,3100,13568,16200,45142
TX,78214,0,9870,4680,2390,2700,4590,20140,8380,760,740,30,272962,9870,275020,8450,222563,760,438,240,273,180,169,0,0,1630,14211,180,1394,290,2476,1270,20921,30,290,1040,560,4205,50,2139,1970,2058,130,31,0,0,0,0,40,86,400,377,60,152,0,0,530,9677,31161,0,0,380,792,330,900,470,1840,280,1295,350,1237,6210,129266,6240,18070,0,0,170,81,2700,2365,0,0,200,99,450,409,890,147,1660,1600,120,72,1400,2223,380,1114,380,1181,1290,200,9580,42556,4080,11264,3650,9659,2790,3700,520,427,110,55,5020,15685,6600,18419,0,0,0,0,1000,1990,8740,26007
TX,78215,0,1340,1020,220,70,410,1730,210,30,30,0,99166,1340,100673,1220,75802,340,323,250,1542,240,1134,30,15,230,3176,230,4491,50,975,130,3293,0,30,152,70,1144,80,2593,510,1507,50,11,0,0,30,132,30,91,240,318,20,45,0,0,210,4129,35453,30,212,140,269,130,863,220,1398,100,850,160,803,1210,79482,1210,15429,20,70,0,0,280,276,90,29,0,0,100,97,40,7,40,39,0,0,180,604,0,0,20,32,70,13,1300,16514,120,181,100,139,30,50,60,51,0,0,1170,15134,1220,16234,30,20,30,360,330,1583,980,2017
TX,78216,0,19860,11070,5420,3070,8140,34950,10630,710,630,80,1226601,19860,1243433,16970,775853,4240,11178,2740,26323,2530,20258,70,125,3350,50444,2500,67960,1410,24032,3150,83153,90,510,2253,2050,29356,950,120565,5370,16832,540,133,90,1718,450,2679,320,1390,1900,2085,220,574,50,1369,3610,89468,592750,120,746,2940,6289,2960,19091,3500,27326,2410,17660,2930,24726,15570,895633,15510,192823,290,1320,270,151,5790,6405,930,716,770,415,1420,1387,1220,195,2550,2727,200,117,2640,7228,520,1350,560,1437,1680,311,19130,250499,4200,9555,3570,8202,2850,3716,1320,1120,220,110,13790,187260,15430,199084,300,558,410,3834,3740,20781,15390,44796
TX,78217,0,16850,9110,4460,3000,6640,30080,9560,720,580,150,778966,16850,787427,14170,521485,3330,8143,1910,15015,1720,10433,50,96,2440,27277,1690,43410,1180,14530,3080,74734,100,480,2277,1980,24653,510,14402,3860,8461,390,95,30,659,290,1151,230,903,1310,1344,140,336,20,349,2450,56634,264229,80,426,1880,3357,1890,8879,2340,13398,1570,9187,1840,10193,12880,509115,12830,89896,130,1049,220,122,4860,5446,520,785,610,329,1090,1043,1170,180,2460,2582,230,124,1930,4337,410,1004,430,1100,1470,276,16230,124514,4150,10142,3620,8811,2810,3624,1130,921,140,60,11230,84872,12660,92097,70,112,170,1927,2750,10519,13520,36340
TX,78218,0,15290,7530,4130,3430,6400,29730,11050,910,850,50,631399,15290,638497,12770,424685,2430,3911,1260,9977,1180,7401,50,47,2510,28112,1110,30107,880,11927,2550,57877,40,420,1813,1540,17611,300,13978,3370,7098,240,59,30,578,190,849,170,684,930,939,120,258,0,0,1680,37746,198291,60,249,1310,2531,1310,6818,1610,10038,1050,6197,1280,10197,10570,392767,10570,72659,120,503,220,109,4290,4132,390,164,460,237,830,760,1100,190,2340,2442,140,73,2010,4352,420,1293,430,1380,1350,235,14740,109894,4990,13251,4410,11441,3510,4703,1000,847,160,62,8870,68893,10690,75496,70,156,150,1698,2140,8974,12720,37459
TX,78219,0,6850,3120,1750,1890,2720,13890,5580,660,600,60,215317,6850,216896,5850,167540,890,647,380,592,320,381,0,0,980,7126,270,1710,340,2945,1160,24195,30,240,1042,670,6730,60,1905,1210,1579,100,25,0,0,30,106,50,162,280,256,40,84,0,0,510,8859,31182,0,0,370,568,370,975,490,1703,300,1310,370,1632,4530,112136,4530,16323,0,0,90,51,1880,1690,70,1,200,121,330,295,540,82,1130,1107,60,27,750,1239,180,489,200,531,680,112,6650,33186,2630,7688,2410,6786,1920,2619,400,337,60,32,3670,14630,4520,16236,0,0,0,0,780,2080,5950,17938
TX,78220,0,7570,3720,1420,2310,3210,14900,6200,940,940,0,217816,7570,219436,6310,162604,770,698,220,1823,190,1645,0,0,1100,7940,200,1397,300,2367,1390,26274,30,210,845,670,5806,40,3493,1330,1620,100,28,0,0,20,37,30,75,280,273,30,68,0,0,560,9842,36377,0,0,390,632,390,993,500,1797,320,1636,430,2344,4690,110338,4700,16876,0,0,100,54,1860,1610,30,3,160,77,330,294,580,94,1100,1069,50,23,870,1364,210,567,220,614,740,111,7350,36011,3140,8779,2830,7726,2140,2903,460,412,70,28,3830,15264,4840,17179,0,0,0,0,800,1691,6640,19977
TX,78221,0,15950,7330,4260,4170,7010,32890,13610,1050,980,60,506393,15950,510019,13740,414831,1480,975,400,420,320,174,0,0,2380,22673,330,2997,530,4632,2260,40871,70,480,2000,980,7342,90,2103,3120,3626,270,69,0,0,50,139,80,247,820,770,90,201,0,0,1370,26363,91729,20,69,960,1847,930,2973,1250,5307,910,4951,920,3152,10600,260317,10620,38118,30,67,240,122,4790,4787,40,0,470,258,890,835,1380,224,3000,3221,230,176,1990,3604,510,1417,530,1523,1840,319,15480,75972,5900,16606,5310,14169,4170,5552,980,808,160,79,8620,33011,10840,37446,0,0,0,0,1580,4214,14160,42619
TX,78222,0,9190,4100,2700,2240,3820,18900,7510,580,560,20,363212,9190,365617,8040,287736,1280,1105,470,1027,400,707,0,0,1190,8410,350,2398,470,4941,1660,37016,80,260,1130,920,9456,120,2647,1800,2405,220,57,0,0,40,154,90,222,660,622,60,149,0,0,1450,27573,99372,30,58,1070,1918,1180,3594,1390,5909,1090,6242,1060,4234,6760,209606,6770,31730,30,69,110,70,2930,3258,80,3,330,177,600,611,720,113,1880,2197,150,102,870,1494,220,622,230,704,770,141,8970,52674,2800,7602,2500,6712,2050,2787,620,510,80,34,5690,28457,6570,30609,0,0,30,135,1110,2836,7960,24315
TX,78223,0,22770,10730,6210,5550,9710,46270,18390,1540,1490,60,808437,22770,814355,19950,661369,2540,1882,910,2296,790,1424,20,12,3010,26770,730,6080,910,9485,3540,65218,180,690,2729,1720,15267,170,5921,4380,5918,530,137,0,0,120,420,160,604,1430,1414,170,411,0,0,2600,46631,179628,40,113,1880,3196,1990,6046,2440,10083,1870,10631,1820,6137,16140,448218,16170,66822,50,103,340,187,7060,7314,150,9,810,416,1320,1300,1860,298,4460,4972,340,229,2370,4360,640,1760,670,1948,2300,403,22180,119244,7700,20721,6950,18172,5400,7251,1400,1174,210,88,13510,59379,15960,65231,20,16,40,287,2370,6681,20050,59949
TX,78224,0,8180,3710,2280,2150,3530,17250,7250,590,560,30,269421,8180,271377,7180,225839,670,468,170,434,150,277,0,0,1220,10117,160,714,270,2572,1170,20064,0,270,936,510,4416,50,958,1650,1956,170,42,0,0,20,65,40,108,490,447,60,112,0,0,780,13987,50213,0,0,570,1034,580,1863,730,3172,560,3110,560,2068,5680,139173,5700,19464,0,0,130,98,2690,2810,30,0,260,150,500,471,730,111,1730,1909,140,98,990,1777,270,797,270,900,970,172,8000,40336,2970,8287,2640,7164,2160,2935,560,472,80,35,4550,16653,5680,18907,0,0,0,0,840,1756,7270,22486
TX,78225,0,5710,2760,1420,1460,2540,11450,4560,490,490,0,165862,5710,166893,4880,137962,510,322,120,87,100,35,0,0,860,6290,80,240,170,1596,880,14795,0,170,592,360,2808,0,0,1020,1031,80,20,0,0,0,0,0,0,240,215,30,77,0,0,340,5595,18189,0,0,240,438,220,438,300,1011,170,700,230,835,3830,81394,3840,11087,0,0,100,55,1600,1429,0,0,120,71,280,279,520,86,970,935,70,41,690,1056,210,601,210,628,670,106,5530,24796,2160,5995,1920,5160,1490,2023,320,274,80,47,3130,9657,3930,11031,0,0,0,0,620,942,5030,14757
TX,78226,0,2800,1320,640,830,1150,5680,2350,300,300,0,76057,2800,76549,2380,61893,240,142,30,26,30,10,0,0,380,2972,30,32,90,493,450,8313,0,80,330,180,1109,0,0,500,492,30,8,0,0,0,0,0,0,130,119,0,0,0,0,150,2416,7215,0,0,100,201,80,157,130,419,70,291,100,330,1790,35360,1790,4754,0,0,30,15,730,638,0,0,60,28,140,123,230,35,470,420,20,14,320,485,90,261,90,275,330,47,2730,11884,1170,3453,1080,3015,840,1114,160,130,30,7,1430,4115,1840,4740,0,0,0,0,240,361,2520,7596
TX,78227,0,20340,9400,5380,5270,8260,42240,17610,1620,1480,140,607917,20340,612153,17320,482452,2070,2140,740,1754,630,1169,0,0,2870,23387,530,2895,850,6261,3390,69922,30,620,2642,1660,15065,100,1534,3800,4236,280,71,0,0,60,120,110,303,970,879,150,326,0,0,1520,28000,86213,40,107,1080,1871,940,2221,1370,4691,860,4293,1080,3619,13400,295955,13450,40676,30,32,310,167,5960,5555,140,11,590,331,1050,920,1780,297,3720,3826,210,108,2380,3908,640,1677,660,1827,2230,363,19870,91259,7950,22621,7240,19806,5880,7990,1250,1029,210,97,10590,35121,13430,39950,0,0,0,0,2130,3657,17940,54835
TX,78228,0,25890,12550,6720,6320,10890,51460,20260,2420,2300,130,823160,25890,829691,21830,638973,3060,3275,1090,2739,930,1833,0,0,4170,36357,870,6913,1150,10578,4230,89770,40,710,2909,2200,20073,230,6271,5360,6531,410,103,0,0,140,467,160,485,1440,1459,150,365,0,0,2260,39443,147731,30,66,1720,2758,1720,5229,2130,8539,1490,7530,1660,6420,17280,434663,17330,63829,40,114,480,258,7070,6509,180,42,700,385,1380,1235,2060,334,4160,4196,310,172,3450,5937,1030,3034,1060,3252,2910,462,25030,122841,9320,25996,8290,22427,6520,8838,1520,1256,350,189,14320,57257,17920,64622,30,21,50,162,3100,6609,22310,64202
TX,78229,0,14530,8680,2980,2630,5420,24550,7560,790,700,90,608562,14530,616507,12870,452591,2070,3684,1160,11386,1080,8965,70,36,1810,29090,1100,13496,740,12021,1850,42672,30,380,1683,1050,13596,340,18604,3450,7945,280,71,40,1062,180,897,160,569,1480,1596,240,682,0,0,1480,30185,161682,90,416,1100,2058,920,5412,1350,8266,730,5299,1130,6226,10930,400665,10920,73887,100,392,200,93,4160,3710,360,95,480,265,1250,1164,1080,159,1810,1755,60,33,1410,3667,380,839,410,917,1350,221,14080,103618,4060,9421,3540,8409,2500,3201,1240,1045,140,53,9430,70339,10620,75430,100,164,150,559,2090,7262,12070,30803
TX,78230,0,20880,11260,6870,2420,8580,36540,10030,610,540,70,1777292,20880,1803498,17130,1057239,6400,29705,4360,49413,4030,37845,130,192,3600,91627,4120,118413,2280,40952,4330,136427,120,510,2505,3320,54178,1550,139322,6170,26206,640,165,200,5243,740,4699,400,1965,2260,2502,320,826,80,2445,5550,147095,999877,160,2495,4580,9919,4800,35609,5400,49118,3790,29600,4680,42040,17180,1388523,17050,319398,570,2819,260,134,6610,8261,1630,1618,800,449,1740,1759,1080,169,2360,2767,330,200,2870,11306,420,1151,460,1260,1200,249,20020,369965,3170,6775,2680,5788,1880,2415,1570,1377,160,93,15650,312413,16880,331758,670,1927,870,6044,4470,30077,15210,52264
TX,78231,0,4490,2090,1980,360,2030,8490,2330,50,50,0,622062,4490,630759,3600,307135,1940,9802,1430,68299,1330,56135,30,37,960,21097,1290,42912,630,11800,1070,37218,50,100,475,850,14989,470,50218,1510,8697,170,42,70,1894,230,1536,120,728,470,521,50,112,20,729,1790,63829,458825,30,117,1540,3510,1640,13751,1760,17746,1280,10842,1540,29880,3860,490133,3830,112277,210,1153,40,26,1540,2731,540,1095,240,140,330,356,160,22,510,648,100,25,800,3303,80,212,90,271,200,40,4280,129312,380,735,320,608,210,274,260,238,30,12,3640,113877,3830,119651,280,612,320,3589,1260,10093,2920,13917
TX,78232,0,18370,9000,7200,1870,7560,33320,8950,300,250,60,1608898,18370,1631731,15040,966454,6520,13427,4500,36966,4180,28078,130,203,3460,71805,4160,94032,2270,39421,4320,138459,170,440,2235,3130,50317,1430,132752,5660,22833,790,204,170,3679,770,4320,450,2366,1770,1968,220,541,80,1460,6050,136138,944790,190,1591,5010,10443,5400,35394,5920,48189,4430,30859,5120,32627,15560,1256309,15460,274313,440,1844,180,127,5830,8218,1500,692,910,509,1340,1460,780,133,2300,2816,410,229,2740,10010,350,951,370,1019,870,214,17580,302077,2090,4260,1740,3591,1280,1601,1170,1019,160,97,14470,267446,15360,283099,440,1009,620,4509,4560,31363,12790,37826
TX,78233,0,22210,10800,7280,3750,7550,42750,14450,980,840,140,954894,22210,964589,19130,759393,4140,2811,1830,4097,1630,2843,80,71,3210,27619,1450,8462,1340,13709,4290,100943,40,670,3152,2320,25644,350,7227,5260,9695,540,136,20,356,230,846,310,1088,2050,2207,240,591,0,0,3640,61894,261711,110,493,2630,4508,3010,10569,3490,16407,2820,15790,2680,10346,17270,592545,17270,91481,70,193,340,195,6970,7816,350,32,1140,647,1630,1589,1610,271,4060,4949,350,175,2370,4741,610,1698,650,1885,1740,350,21550,129241,5150,12393,4440,10647,3560,4699,1560,1286,240,114,15070,83623,16850,89929,30,33,40,222,3280,8559,18490,48703
TX,78234,0,2120,1080,860,130,520,4720,1920,250,250,0,95274,2120,96054,2080,87604,400,123,270,626,230,415,0,0,90,67,230,1846,30,154,160,3876,0,40,173,40,402,0,0,430,780,0,0,0,0,0,0,40,148,230,226,30,65,0,0,160,3263,18516,30,53,110,230,110,418,160,789,110,901,140,901,1750,58005,1740,9286,0,0,0,0,980,1260,80,7,170,106,230,200,330,53,590,855,0,0,40,21,0,0,0,0,30,2,2110,13448,380,959,360,933,380,631,190,155,0,0,1430,8030,1470,8138,0,0,0,0,150,468,1940,5684
TX,78235,0,360,190,90,70,110,670,220,0,0,0,15960,360,16072,340,15015,0,0,0,0,0,0,0,0,30,58,0,0,0,0,60,763,0,0,0,0,0,0,0,90,112,20,5,0,0,0,0,0,0,40,43,0,0,0,0,30,670,2470,0,0,0,0,0,0,30,62,0,0,20,83,300,10324,300,1588,0,0,0,0,120,139,0,0,20,13,40,41,20,3,70,74,0,0,0,0,0,0,0,0,30,5,360,2453,70,177,60,162,60,77,30,24,0,0,270,1444,290,1490,0,0,0,0,30,28,320,1012
TX,78236,0,1240,650,480,70,200,2730,1100,70,70,0,46664,1240,47039,1220,45405,150,28,90,108,80,60,0,0,50,39,80,326,0,0,40,832,0,20,123,0,0,0,0,230,375,0,0,0,0,0,0,20,44,140,121,0,0,0,0,60,967,4249,0,0,0,0,40,112,50,215,30,277,40,178,1060,25476,1050,3458,0,0,0,0,610,752,20,1,120,76,150,115,210,34,370,512,0,0,20,10,0,0,0,0,0,0,1230,6183,230,545,220,534,240,430,120,91,0,0,830,2705,840,2749,0,0,0,0,50,137,1170,3577
TX,78237,0,15350,7170,3420,4580,6800,32350,14320,1780,1780,0,376261,15350,379168,13170,315752,780,277,180,251,150,145,0,0,2620,23848,130,416,300,2516,1680,24926,0,430,1548,620,3853,40,1173,3010,2907,120,31,0,0,20,61,60,126,490,428,70,159,0,0,630,12256,30552,0,0,440,815,340,717,570,1785,280,1270,430,1960,9000,154920,9050,20519,0,0,270,122,4010,3297,0,0,270,154,550,476,1360,232,2530,2314,120,71,2310,3779,640,1913,650,2015,2180,325,14910,62367,7100,20854,6490,17769,5080,6956,690,560,200,78,6980,17205,9850,21693,0,0,0,0,1340,1968,13810,42745
TX,78238,0,11810,6030,3250,2360,4390,22300,7860,710,630,80,449682,11810,453522,10230,356387,1670,1528,730,2017,640,1364,20,15,1550,11932,620,3904,640,6066,2060,46041,30,330,1517,1120,11542,170,4543,2550,3840,280,69,0,0,90,288,130,407,980,1045,120,292,0,0,1500,25656,102732,40,147,1080,1879,1160,3817,1420,6249,1050,5609,1110,4008,8900,266117,8900,41257,40,95,170,99,3640,3584,170,11,490,278,910,855,990,160,2000,2135,120,89,1160,2189,350,928,370,1022,1030,175,11470,62378,3230,8282,2880,7302,2300,3091,940,775,120,41,7540,37670,8590,40655,0,0,30,126,1580,4395,10010,26817
TX,78239,0,13810,6220,4800,2560,5390,27590,9610,730,540,190,641946,13810,647618,10810,399660,3260,5447,1760,12853,1600,9706,60,60,2110,19076,1570,19531,1350,17951,3680,121314,50,400,1864,2550,34660,310,4699,3000,5672,290,73,30,407,160,624,180,641,980,974,100,230,0,0,2450,51246,204786,70,239,1860,3094,1960,6630,2360,10437,1710,9720,1880,11962,10290,403678,10260,63683,80,273,170,124,4160,4125,550,84,500,265,840,812,870,152,2200,2567,220,117,1570,3286,320,988,340,1097,1020,208,13320,89788,3630,9823,3230,8526,2620,3591,870,733,120,52,8910,59468,10210,64041,20,14,100,475,2390,7428,10970,31909
TX,78240,0,26810,14790,7870,3690,9330,47240,13890,910,750,160,1335276,26810,1349537,23600,1049053,5220,6498,2860,11582,2590,7889,170,157,3310,31293,2570,21856,1650,20530,4390,111756,60,660,3173,2540,30834,640,21126,7020,14261,820,205,50,811,330,1402,390,1632,3300,3738,450,1184,0,0,5040,90408,455894,210,1024,3830,6543,3730,16054,4850,24313,3410,19552,3740,15484,21580,908980,21520,156262,150,400,360,211,8260,8740,740,261,1180,654,2510,2568,1680,261,3890,4513,360,174,2400,5271,630,1459,670,1656,1680,332,26060,194460,5150,11677,4520,10336,3270,4155,2260,1931,220,104,19320,148390,20870,155968,150,154,170,1658,4280,15268,21900,54955
TX,78242,0,12960,5800,3490,3560,6020,28450,12680,1050,1030,20,362239,12960,364909,11170,300950,890,523,240,201,190,85,0,0,2220,19134,170,813,350,2835,1600,28356,0,470,1887,740,5795,40,259,2680,2670,160,39,0,0,0,0,50,160,550,473,60,130,0,0,910,16439,47757,20,51,670,1316,570,1174,820,2855,500,2341,570,1762,8040,161784,8090,21779,0,0,250,148,3830,3511,30,0,300,160,620,513,1120,180,2520,2527,140,85,1910,3122,470,1284,490,1449,1690,284,12650,57832,5660,17196,5160,14645,4310,6089,760,595,140,55,6260,18269,8580,22032,0,0,0,0,1190,1899,11630,37881
TX,78244,0,14240,6150,4610,3210,4960,30130,12090,820,760,50,568825,14240,573415,12760,473956,1940,1014,750,1236,660,730,40,32,1920,12316,630,2013,580,5985,2640,57977,20,510,2394,1130,12323,120,1434,3150,4590,360,91,0,0,50,129,180,552,1220,1195,160,349,0,0,2420,41592,160503,70,192,1730,2921,2000,5588,2320,9246,1970,10708,1830,8433,10570,327586,10590,47985,30,55,170,87,5070,5756,120,7,790,434,1250,1202,1250,209,3030,3626,240,175,1360,2419,340,931,370,1029,1030,193,13950,78475,4280,11445,3850,10127,3180,4394,1380,1172,130,50,8720,42231,10070,45434,0,0,0,0,1770,3898,12290,36878
TX,78245,0,32510,14090,11170,6680,11480,69610,28030,1310,1140,170,1424885,32510,1437021,29360,1203609,4130,3066,1830,5735,1640,3738,180,186,4140,28128,1490,10559,1270,14652,5720,127920,60,1100,5334,2340,25934,290,5842,7750,12136,1130,293,0,0,140,536,340,1064,3520,3575,390,868,0,0,6910,125685,487816,260,673,4830,8748,5710,19083,6660,30114,5650,35892,4940,17650,25580,840926,25590,124770,110,295,410,242,13070,16378,430,78,2150,1283,3120,3060,3020,486,8350,10666,640,399,2870,5487,730,1946,790,2195,2410,473,31920,195023,8560,22078,7620,19241,6580,9111,3000,2469,230,111,21310,108070,24040,115936,30,27,60,240,3800,9413,28330,87543
TX,78247,0,24560,11470,9370,3270,8450,47650,15510,580,510,90,1366511,24560,1380744,21550,1093102,5900,3748,3180,6917,2880,4371,90,80,4060,37328,2740,18320,1710,22859,4810,119454,70,760,3860,2640,33234,770,22244,7170,14233,1120,294,60,723,420,1673,490,1696,2990,3298,310,753,20,75,6860,118005,583762,160,583,5200,9579,6150,25422,6710,36635,5810,32932,5360,19679,20200,929792,20170,151911,140,279,290,227,8540,10593,730,160,1690,979,2170,2325,1420,245,4860,6241,550,237,3000,6937,500,1423,570,1633,1450,349,23790,185266,3820,8346,3180,6976,2530,3226,1980,1685,220,102,18360,140900,19910,149953,100,74,120,445,4600,15523,19320,49408
TX,78248,0,6910,3020,3400,410,3400,13500,3830,40,40,0,968252,6910,983917,5550,593382,3360,7468,2750,31133,2600,25224,80,229,1570,49227,2540,65317,1010,24148,1700,64914,70,130,793,1270,23383,1000,83988,2430,15665,290,72,160,3256,440,3263,210,1307,510,576,90,257,50,1510,3500,97465,743508,100,1029,3060,7516,3290,28426,3470,37423,2710,23438,3100,22734,6050,800025,5960,191328,510,1775,50,38,2430,3462,1050,919,380,231,440,496,180,27,660,850,160,118,1370,6685,100,246,110,274,180,57,6520,204037,400,664,290,489,240,283,380,336,40,22,5730,188273,5970,199449,610,1282,700,2866,2220,20540,4130,15281
TX,78249,0,24110,13180,7880,2740,8020,42580,12890,550,480,80,1496038,24110,1513246,21440,1140955,5450,8017,3300,24720,3020,19902,110,87,3590,48477,2860,48421,1550,20804,4040,106603,80,610,2692,2270,30707,860,34675,7010,17208,1010,261,90,1789,410,2081,430,1945,3090,3523,480,1261,30,594,6140,121303,730194,160,850,4770,9285,5460,27691,5970,39574,4980,31533,4960,23541,19380,1086735,19340,210994,240,1123,320,189,7860,14010,920,5389,1190,672,2640,2583,1260,197,3550,4480,410,233,2720,6997,550,1354,600,1520,1220,257,23400,236309,3440,7396,2910,6130,2050,2738,2620,2253,210,112,17470,189165,18800,199628,260,688,300,2260,4290,17306,19190,49174
TX,78250,0,26750,12600,9300,4410,9250,52460,18460,790,700,100,1254414,26750,1265630,23840,1033705,4630,2540,2340,3960,2120,2544,70,49,3810,28391,1900,7339,1420,16695,5270,121848,60,790,3859,2450,27800,410,8051,6990,11216,1140,293,30,230,240,891,400,1439,3090,3316,360,845,0,0,5610,94210,416442,120,285,4170,7411,4890,17198,5470,26064,4630,24541,4410,15920,21340,799539,21330,122923,80,179,350,283,9320,11086,470,33,1590,904,2520,2560,2010,331,5340,6681,580,323,2700,5228,610,1563,680,1791,1740,333,26100,167404,5590,13557,4870,11631,3880,5193,2330,1957,220,114,18730,111715,20660,118664,50,23,60,98,4130,10283,22220,58597
TX,78251,0,26070,12500,8720,4400,9010,51420,18470,880,830,50,1277109,26070,1288222,23820,1082974,4170,2831,1980,3869,1800,2684,150,128,3290,22572,1720,7396,1140,15712,4760,110375,30,860,3968,1830,20248,390,12023,6640,11113,1110,292,20,291,140,555,340,1213,3050,3239,390,867,0,0,5870,109266,491611,220,728,4370,7984,4990,21714,5720,31546,4930,32096,4580,17502,21190,822527,21200,129653,130,265,280,169,9670,11846,420,133,1560,893,2720,2818,2060,318,5570,7032,500,359,2190,4470,500,1269,540,1429,1560,327,25560,175400,5350,12871,4700,11231,3720,4795,2550,2130,190,79,18540,117807,20230,124192,100,76,100,163,3710,10710,22070,60871
TX,78252,0,3770,1570,1270,850,1500,8470,3580,160,160,0,153814,3770,155035,3520,138731,280,108,100,164,80,87,0,0,460,3264,90,277,70,717,480,6687,0,160,685,150,1332,30,484,900,1221,120,33,0,0,0,0,40,81,400,419,30,86,0,0,800,13293,49749,0,0,540,895,670,1889,770,3014,700,4391,460,1374,2930,85779,2930,12419,0,0,60,33,1610,1979,0,0,250,147,330,306,400,63,1060,1333,50,54,350,579,90,219,100,254,370,76,3710,21632,1180,3192,1060,2811,980,1416,310,257,20,8,2320,10300,2750,11180,0,0,0,0,400,718,3350,11310
TX,78253,0,19820,7520,9740,2250,6910,44840,16800,420,390,30,1321339,19820,1333609,17510,1060400,5150,3882,2900,8282,2680,5447,280,333,2820,23897,2540,17736,1380,23302,5190,145998,90,560,2770,2180,29683,500,11384,5730,12270,1090,291,50,568,240,1052,390,1485,2590,2692,370,842,0,0,7600,154179,762347,300,1219,5580,11692,6950,33189,7450,47444,6750,55404,5950,22596,16700,897610,16670,148026,210,479,160,109,8280,12237,770,326,1790,1116,2140,2236,1090,185,5180,7476,490,654,1840,4564,260,713,280,844,760,186,19390,178429,2670,6094,2310,5210,2080,2885,1890,1567,100,47,15110,135788,16040,142317,130,88,170,209,3560,13106,15870,48431
TX,78254,0,23570,9890,9950,3320,7830,50590,18930,480,440,40,1382173,23570,1395718,21410,1165022,4820,3177,2580,5935,2380,4162,140,148,3400,29612,2280,13120,1270,18182,4460,113291,60,700,3689,1870,22882,510,14609,7190,13545,1290,334,30,426,260,1116,410,1463,3610,3990,440,1011,0,0,7670,138916,681610,190,623,5670,10927,6980,29111,7510,41886,6760,45401,5960,20988,19660,923314,19640,149197,150,318,240,149,9730,13675,620,208,2120,1289,2520,2656,1480,243,6140,8527,530,370,2400,5466,430,1128,470,1256,1200,266,23010,187253,3810,8701,3250,7347,2880,3876,2220,1860,170,75,17490,135450,18860,143278,110,113,130,198,3860,12914,19320,56189
TX,78255,0,6190,2180,3530,420,2690,14350,5160,20,20,0,779144,6190,788422,5320,543076,2570,4311,1760,10707,1640,7796,90,103,1380,29532,1720,25983,650,15383,1370,44823,50,130,722,800,13589,640,49035,2110,9278,350,87,70,1778,240,1645,140,747,640,688,110,247,30,363,3270,84502,593533,120,974,2670,6495,3060,23138,3230,31074,2850,29058,2760,16668,5350,621519,5330,141144,330,1080,30,30,2440,3466,600,325,600,357,510,615,150,27,1070,1414,140,207,1020,4104,70,218,80,252,190,74,5940,148315,420,934,330,715,320,447,450,414,30,11,5070,138200,5330,144801,470,748,440,1443,1690,15666,4170,14494
TX,78256,0,3770,2010,1450,250,1550,6950,2140,20,20,0,398143,3770,403322,3360,305400,1260,2574,880,5025,850,3680,50,97,690,16987,900,12023,290,6414,530,18076,20,80,439,280,5092,360,25398,1120,5179,110,28,40,1099,130,875,70,403,350,396,60,179,0,0,1470,39911,276367,70,614,1220,3175,1280,11298,1440,15255,1170,12666,1240,6968,3090,319685,3070,73245,210,502,0,0,1180,1423,320,130,210,114,390,376,90,10,330,413,60,33,540,2158,40,69,50,88,180,42,3650,77722,320,548,260,418,160,190,390,346,20,8,2880,71821,3050,75440,310,510,270,568,960,7715,2660,8152
TX,78257,0,2860,1280,1290,240,1610,5560,1590,20,20,0,723189,2860,731892,2320,346423,1170,11187,880,38477,830,29684,50,125,620,21987,880,100527,310,13423,520,22055,30,50,306,410,9327,570,129575,1010,8703,50,15,70,2015,220,1797,50,310,250,303,30,78,40,1189,1290,71991,606557,80,2162,1100,3378,1140,19477,1280,25407,880,13497,1090,17879,2450,624112,2420,178366,340,2723,0,0,1050,4331,450,3381,150,80,180,192,80,11,280,305,20,7,560,3245,30,79,30,80,140,45,2700,186049,270,523,210,431,170,205,160,140,0,0,2280,175834,2450,183803,370,1326,460,4774,850,18551,1740,12340
TX,78258,0,20390,8400,9990,1690,8900,44340,15860,240,210,30,2418924,20390,2450361,17340,1646733,7880,16866,5730,56757,5360,44001,350,465,4040,94326,5570,130694,2010,41750,4260,147885,110,470,2430,2430,41529,2230,176096,6750,31437,810,205,280,5842,790,5670,420,2280,2030,2336,380,959,90,2005,9320,253635,1742318,460,3415,7620,19222,8410,71765,9180,96096,7670,73735,7870,48594,17450,1928250,17320,440420,1260,4697,160,132,7830,12487,2100,3424,1490,841,1860,2191,580,92,3220,4419,390,342,3220,13550,300,912,350,999,770,307,19450,464243,1610,3269,1300,2562,1120,1416,1720,1563,150,90,16300,429423,17240,453028,1430,2513,1470,6827,5670,53333,13590,51077
TX,78259,0,11990,4900,5820,1120,4570,25530,8850,170,170,0,1030052,11990,1042542,10410,745112,4110,5078,2610,11793,2450,8222,140,167,2170,36863,2490,32870,1090,20639,2700,92732,60,290,1523,1500,24851,860,44408,3790,12490,690,180,80,1437,370,2087,300,1506,1290,1527,210,488,20,157,5110,113443,663797,160,1221,4080,8837,4670,29492,5020,40261,4270,33065,4250,21659,10190,769160,10150,149563,310,879,110,69,4570,6154,820,362,870,504,1150,1308,490,78,2340,3226,270,177,1610,5476,200,570,230,604,450,137,11600,163817,1160,2473,960,1968,820,1089,1030,921,80,61,9500,143408,10040,151716,350,432,390,1485,2830,16768,8680,24941
TX,78260,0,12830,4410,7260,990,5530,30190,11230,160,130,30,1407785,12830,1426620,10990,1036906,5100,8065,3330,14783,3120,10183,220,283,2760,55040,3220,51787,1230,24726,2910,95033,80,290,1601,1520,25156,1230,94341,4250,18835,560,144,140,3440,520,3435,320,1622,1170,1231,180,425,50,1041,6790,168966,1064310,270,1623,5510,13607,6380,43148,6700,59316,5990,59279,5640,28165,10930,1085174,10880,229633,650,1894,110,99,5010,8026,1020,1333,1140,684,990,1122,340,63,2500,3523,320,309,2150,8320,170,534,200,614,440,136,12310,242431,1040,2235,840,1702,810,1117,930,822,70,38,10250,221607,10890,233974,800,1091,750,1650,3460,27538,8810,30622
TX,78261,0,8660,3150,4570,780,3520,19920,7460,140,140,0,956243,8660,968200,7730,666232,2810,4412,1850,11823,1740,8808,170,246,1650,36664,1800,43324,650,14029,1750,54189,50,240,1227,740,12342,690,73695,2910,11957,390,99,70,1779,280,1810,170,754,1100,1143,160,386,40,1138,4290,110796,679818,220,2169,3300,8088,3950,26297,4220,37213,3800,36656,3510,17905,7560,739973,7530,160162,380,1352,70,69,3650,5786,610,685,900,547,800,889,290,42,2020,2883,160,214,1210,4779,100,300,120,365,300,103,8390,175144,700,1491,590,1184,570,721,710,598,30,16,7050,155294,7410,163329,400,654,450,1558,2070,18581,6260,22190
TX,78263,0,2220,990,980,230,1040,4280,1250,40,40,0,142443,2220,143990,1840,96079,710,719,300,938,270,602,0,0,390,5632,280,2377,200,2822,540,14606,140,60,337,350,4286,70,4120,560,1547,60,16,0,0,40,197,40,136,160,159,20,55,0,0,470,10038,58962,0,0,380,800,410,1775,460,2656,350,2841,370,2305,1790,102026,1790,18723,20,47,0,0,630,714,80,2,80,39,170,184,110,16,340,430,40,18,300,830,30,114,40,121,120,23,2140,22559,350,735,290,593,200,247,160,141,0,0,1660,18000,1790,19319,20,12,30,301,440,1945,1720,4769
TX,78264,0,5120,2090,1820,1140,2400,11380,4670,210,210,0,184007,5120,185491,4360,153626,480,233,140,206,120,123,0,0,1040,9536,130,884,160,1636,660,12349,100,160,693,340,2901,50,560,1200,1484,80,23,0,0,20,59,30,105,240,218,0,0,0,0,540,10690,37622,0,0,390,827,390,1013,510,2044,350,2006,350,1318,3450,98979,3460,14792,0,0,80,52,1560,1629,40,13,120,61,240,201,410,72,1030,1186,100,62,830,1580,170,531,170,549,660,127,4950,27569,1840,5149,1590,4228,1300,1852,280,224,70,52,2850,13165,3670,15093,0,0,0,0,640,1349,4400,13867
TX,78266,0,3260,1170,1870,190,1480,6810,1950,40,40,0,428117,3260,432935,2570,232952,1710,3930,1120,9401,1040,6904,20,26,690,14065,1090,25638,490,10117,1180,52496,80,80,393,700,12278,450,34680,1020,4818,120,31,40,788,140,942,100,599,230,233,50,124,30,378,1610,45221,295736,40,341,1380,3453,1480,10667,1600,14797,1300,14495,1390,9594,2800,345779,2770,78793,160,589,20,16,1090,1291,390,86,160,90,210,232,100,19,390,535,80,100,530,2164,30,92,40,110,90,25,3120,84367,240,524,210,446,160,229,190,170,0,0,2640,77466,2750,81469,190,374,260,1271,920,9040,2100,7671
TX,78330,0,450,150,170,90,200,930,360,0,0,0,25635,450,25855,370,18975,70,29,20,64,0,0,0,0,70,134,20,345,20,185,80,1833,30,0,0,40,543,20,847,100,220,0,0,0,0,0,0,0,0,0,0,0,0,0,0,60,1259,8178,0,0,40,100,30,65,50,222,20,123,40,202,330,17867,330,3243,0,0,0,0,150,161,0,0,0,0,0,0,20,3,80,109,0,0,40,98,0,0,0,0,40,7,440,4087,120,330,100,297,80,100,30,21,0,0,290,3075,330,3373,0,0,0,0,60,366,350,1243
TX,78332,0,11270,4680,3430,3060,5060,24020,9910,20,20,0,577821,11270,583034,10200,453386,1360,2388,630,2833,570,1995,0,0,1950,15304,550,6889,450,7416,1580,29655,620,380,1766,840,9565,350,32039,2180,5213,360,92,0,0,150,963,90,367,610,658,90,204,0,0,1740,46245,191062,0,0,1200,2869,1040,3049,1480,6592,890,5447,1050,5309,7720,375063,7710,73450,160,385,70,35,3500,4374,150,127,480,294,550,584,530,83,2230,2729,450,417,1210,3129,170,495,170,546,1030,220,10980,108342,3820,11198,3480,10192,2680,3579,680,605,90,57,6580,69038,7710,73532,100,108,120,434,1170,7698,9880,40065
TX,78336,0,4710,2000,1860,800,2110,9640,3320,70,0,70,251537,4710,254463,3990,173469,890,1204,430,2571,410,1960,20,14,790,7865,380,6940,330,5718,850,18204,70,210,940,570,7047,160,22367,980,2926,100,25,0,0,100,518,40,265,210,183,30,55,0,0,710,16104,90410,50,148,520,1166,530,2585,670,4181,420,2869,490,2672,3430,170084,3420,33076,50,131,40,27,1320,1954,130,393,120,65,200,212,270,43,770,995,110,88,580,1436,90,276,90,293,530,140,4530,43448,1210,3129,1080,2713,840,1110,220,187,40,17,3020,31118,3480,33397,30,40,60,429,720,4726,3850,12290
TX,78340,0,210,110,80,0,90,370,110,0,0,0,10596,210,10627,170,7298,50,24,0,0,0,0,0,0,0,0,0,0,0,0,60,1239,0,0,0,40,510,0,0,20,31,0,0,0,0,0,0,0,0,0,0,0,0,0,0,30,643,3411,0,0,20,44,20,91,30,167,0,0,20,64,160,7241,160,1203,0,0,0,0,50,39,0,0,0,0,0,0,0,0,0,0,0,0,0,0,0,0,0,0,0,0,190,1544,40,73,30,66,20,21,0,0,0,0,140,1162,150,1209,0,0,0,0,40,74,160,383
TX,78343,0,1870,790,710,360,940,3940,1480,20,20,0,93669,1870,94534,1600,73101,390,283,190,688,170,444,0,0,250,1236,170,692,120,1470,410,8491,60,90,371,210,2428,50,360,410,865,70,18,0,0,30,126,0,0,140,141,30,83,0,0,250,4858,25007,0,0,200,372,190,592,240,1068,160,855,200,977,1440,61564,1440,10118,0,0,0,0,600,821,40,18,90,38,130,132,90,13,390,512,50,28,170,409,20,62,30,75,140,31,1780,13647,450,1120,410,1016,310,374,110,103,0,0,1250,9261,1390,9942,0,0,0,0,280,976,1550,4836
TX,78344,0,150,50,70,30,90,360,140,0,0,0,8453,150,8496,130,6981,20,9,0,0,0,0,0,0,30,-45,0,0,0,0,0,0,0,0,0,0,0,0,0,40,43,0,0,0,0,0,0,0,0,0,0,0,0,0,0,0,0,0,0,0,0,0,0,0,0,0,0,0,0,0,120,5560,120,913,0,0,0,0,60,78,0,0,0,0,0,0,0,0,40,54,0,0,0,0,0,0,0,0,0,0,150,1228,30,95,30,78,20,28,0,0,0,0,110,835,120,893,0,0,0,0,0,0,120,452
TX,78349,0,170,80,60,40,100,330,100,0,0,0,6824,170,6846,150,5834,30,2,0,0,0,0,0,0,30,59,0,0,0,0,30,615,60,0,0,20,239,0,0,40,22,0,0,0,0,0,0,0,0,0,0,0,0,0,0,20,497,1766,0,0,0,0,0,0,0,0,0,0,0,0,120,3887,120,576,0,0,0,0,30,30,0,0,0,0,0,0,0,0,0,0,0,0,30,21,0,0,0,0,0,0,170,1078,50,116,40,99,30,32,0,0,0,0,110,532,130,575,0,0,0,0,0,0,150,550
TX,78353,0,140,80,40,30,100,270,80,0,0,0,5156,140,5176,120,4221,0,0,0,0,0,0,0,0,20,34,0,0,0,0,0,0,30,0,0,0,0,0,0,20,20,0,0,0,0,0,0,0,0,0,0,0,0,0,0,40,691,2309,0,0,0,0,0,0,30,76,0,0,0,0,100,2771,100,427,0,0,0,0,0,0,0,0,0,0,0,0,0,0,0,0,0,0,0,0,0,0,0,0,20,2,140,771,40,77,30,56,0,0,0,0,0,0,80,404,110,443,0,0,0,0,0,0,120,366
TX,78355,0,2920,1230,820,830,1950,6200,2550,0,0,0,111654,2920,112499,2550,88358,360,435,120,585,100,430,0,0,620,3354,100,840,90,1441,440,10130,200,150,554,240,2185,40,481,670,845,110,33,0,0,0,0,0,0,130,113,0,0,0,0,500,13175,33438,0,0,420,512,150,371,460,1251,120,546,320,769,1770,60706,1780,10115,50,92,40,18,720,723,30,1,40,25,140,122,130,21,480,525,30,10,420,726,70,184,80,195,390,74,2850,19126,1180,3595,1100,3087,840,1088,250,240,0,0,1490,9385,1970,10497,0,0,0,0,290,1556,2580,10054
TX,78357,0,1490,590,560,340,950,3180,1220,0,0,0,78904,1490,79712,1310,60189,240,414,90,363,80,251,0,0,300,4520,90,2086,60,890,200,3773,130,30,117,120,1234,40,2568,340,808,60,16,0,0,0,0,0,0,60,52,0,0,0,0,150,3383,16513,0,0,110,239,100,204,140,506,80,440,100,445,1110,53277,1110,9549,0,0,0,0,470,580,0,0,40,23,70,79,70,12,330,440,30,11,220,638,0,0,0,0,200,49,1430,13404,410,1076,350,939,270,338,80,67,0,0,990,8969,1170,9932,0,0,0,0,210,1214,1220,4433
TX,78361,0,2080,800,650,620,1100,4510,1890,0,0,0,90422,2080,91373,1820,72295,410,449,100,493,100,295,0,0,440,2483,70,1081,70,968,310,6524,200,70,311,170,1562,90,2822,500,951,100,27,0,0,0,0,0,0,100,113,0,0,0,0,290,7186,21975,0,0,210,334,160,472,280,888,130,814,160,642,1360,54761,1370,9536,40,97,0,0,590,681,0,0,60,33,80,86,90,15,400,508,40,17,290,595,20,42,20,58,300,60,2010,15717,730,2134,670,1907,520,682,100,82,0,0,1170,8747,1480,9590,0,0,20,53,250,1375,1750,6786
TX,78362,0,4410,1820,1780,750,1950,9470,3560,60,0,60,239179,4410,241106,3930,193766,810,732,360,1222,340,909,0,0,620,5578,330,3791,280,3498,810,15860,70,230,1062,430,5494,110,5814,860,1927,130,30,0,0,60,298,40,189,260,227,20,25,0,0,780,16819,75504,30,78,550,1245,560,1862,720,3430,490,2815,530,2577,3410,158185,3410,27299,50,93,30,24,1470,2242,60,227,160,93,260,276,230,40,960,1340,170,140,440,1027,60,180,70,213,470,125,4290,35819,970,2480,860,2191,700,921,260,220,30,9,3020,25058,3370,26594,0,0,30,97,640,3515,3680,11713
TX,78363,0,11510,5370,3700,2330,4700,22860,8320,400,400,0,539503,11510,544473,10280,424373,2040,2175,930,3850,850,3262,20,11,1370,15654,780,7332,610,9850,2060,46015,300,370,1575,1060,12576,290,15697,2600,4970,490,126,0,0,130,661,110,478,1000,1060,170,489,0,0,1530,32906,155790,40,122,1110,2276,1130,4283,1400,7148,890,5169,1100,5761,8310,350650,8310,61868,100,179,60,26,3570,4413,260,401,400,223,790,768,610,95,2130,2698,230,154,1050,2282,120,304,120,288,1010,217,11210,83612,3210,7979,2910,7220,2060,2587,900,796,50,20,7230,57017,8100,60379,50,89,70,226,1460,6257,9840,29607
TX,78368,0,3980,1570,1380,990,2200,8370,3180,0,0,0,185049,3980,186749,3420,137150,690,1022,240,842,220,526,0,0,700,5319,240,1889,210,2794,620,12389,170,160,778,410,4632,90,6194,790,1700,90,24,0,0,60,324,30,195,160,139,20,33,0,0,470,10614,43477,0,0,360,707,290,836,410,1705,200,1264,320,1419,2710,117948,2710,22113,30,67,30,15,1130,1253,70,4,60,39,170,189,190,36,680,809,180,144,520,1119,60,156,70,163,490,106,3820,31839,1280,3678,1160,3274,880,1204,250,227,20,4,2360,20651,2800,22241,0,0,30,141,540,2881,3310,11458
TX,78369,0,150,50,50,40,60,350,140,0,0,0,5298,150,5312,130,4885,0,0,0,0,0,0,0,0,40,113,0,0,0,0,0,0,0,0,0,0,0,0,0,20,14,0,0,0,0,0,0,0,0,0,0,0,0,0,0,0,0,0,0,0,0,0,0,0,0,0,0,0,0,0,90,2816,90,403,0,0,0,0,50,56,0,0,0,0,0,0,0,0,40,41,0,0,0,0,0,0,0,0,0,0,140,849,60,160,50,135,40,47,0,0,0,0,80,342,110,387,0,0,0,0,0,0,130,488
TX,78370,0,2240,940,810,470,1120,4660,1780,0,0,0,119190,2240,120691,2000,93091,480,391,140,394,130,245,0,0,330,4229,130,1575,140,2070,350,7496,100,80,399,210,2372,50,3100,470,1501,80,21,0,0,30,212,0,0,110,98,0,0,0,0,410,8468,41498,0,0,320,701,310,959,400,1900,250,1543,330,1638,1700,79339,1700,14218,20,49,0,0,740,868,40,2,70,36,140,138,130,20,440,573,100,84,240,749,20,61,30,64,230,52,2170,18410,580,1490,510,1335,400,496,130,115,0,0,1480,13350,1670,14385,20,23,30,49,330,2288,1880,6019
TX,78372,0,2420,940,980,470,1310,5350,2110,0,0,0,142202,2420,143633,2110,113179,450,387,170,614,160,263,0,0,450,3898,210,4165,110,1469,390,7636,250,100,460,230,2562,90,8338,560,1431,90,23,0,0,50,248,0,0,120,127,0,0,0,0,430,8851,46697,0,0,330,692,330,799,400,1644,280,1932,300,1266,1800,98103,1800,17982,40,137,0,0,810,1032,40,4,90,55,140,141,120,22,510,713,90,43,320,754,30,92,30,90,200,43,2290,24769,610,1757,550,1562,400,551,140,118,0,0,1620,16930,1830,17974,20,27,40,120,340,1989,1970,7610
TX,78373,0,2090,1100,810,170,1000,3530,750,0,0,0,185111,2090,188546,1490,70747,700,2448,500,4841,480,3341,0,0,550,13683,500,19997,240,5065,490,15683,40,30,136,440,6694,270,13181,660,3435,50,12,20,597,160,939,60,321,90,98,0,0,0,0,540,13029,79825,30,246,460,940,500,3418,540,4666,370,3572,420,2039,1660,147979,1650,30451,60,275,30,12,490,500,170,66,30,16,90,107,60,9,180,205,0,0,430,1950,40,136,50,143,190,49,1910,30965,310,547,240,443,140,161,90,90,0,0,1550,29959,1690,32781,50,71,110,709,610,6521,1290,3321
TX,78374,0,8380,3600,3490,1190,3830,17560,6380,50,50,0,579031,8380,585881,7360,434144,2140,3074,1140,5955,1020,4388,30,30,1250,15453,980,13370,730,11214,1660,36038,120,350,1611,940,13146,400,26170,2120,6850,380,95,30,887,190,1216,120,575,710,703,120,231,30,555,2200,46139,261823,80,283,1740,3825,1800,8563,2120,13292,1590,10918,1690,8570,6830,417720,6810,78477,140,371,40,35,3040,4647,340,591,510,274,720,790,360,51,1780,2504,310,272,880,2921,70,173,80,198,590,153,8090,90866,1370,3332,1200,2989,990,1311,680,592,20,11,6120,73829,6600,78453,130,144,170,777,1520,10938,6570,21161
TX,78375,0,1350,560,430,350,810,2840,1110,0,0,0,66995,1350,67612,1160,48780,200,258,80,193,60,122,0,0,290,2237,70,361,40,597,180,3383,120,60,231,100,1030,20,3719,300,617,30,8,0,0,0,0,0,0,40,29,0,0,0,0,200,5427,20643,0,0,160,254,100,180,180,578,60,335,140,688,900,43847,900,9649,0,0,0,0,340,355,0,0,20,11,50,50,60,10,240,265,0,0,220,485,30,103,30,106,190,37,1290,11560,480,1375,450,1164,320,400,80,69,0,0,760,9293,940,10065,0,0,0,0,170,678,1120,4250
TX,78376,0,150,70,40,40,80,280,110,0,0,0,4984,150,5017,120,3998,0,0,0,0,0,0,0,0,0,0,0,0,0,0,0,0,30,0,0,0,0,0,0,30,33,0,0,0,0,0,0,0,0,0,0,0,0,0,0,0,0,0,0,0,0,0,0,0,0,0,0,0,0,0,100,2678,100,415,0,0,0,0,40,28,0,0,0,0,0,0,0,0,20,13,0,0,0,0,0,0,0,0,20,3,130,750,50,135,50,125,30,43,0,0,0,0,70,351,100,442,0,0,0,0,0,0,120,394
TX,78377,0,1700,720,610,350,940,3390,1190,0,0,0,107099,1700,107799,1450,72159,400,428,180,1330,170,796,0,0,230,2296,170,4374,120,2064,310,5862,100,30,170,230,2648,70,4032,310,700,40,11,0,0,30,122,0,0,80,81,0,0,0,0,210,4831,34344,0,0,170,391,160,552,210,1000,100,576,160,1101,1290,78280,1290,16336,20,66,0,0,490,551,50,20,30,18,60,65,90,18,320,367,30,20,160,442,20,48,20,56,170,40,1610,17047,400,1006,370,929,280,357,70,63,0,0,1140,15706,1260,16795,0,0,40,360,280,4759,1350,4389
TX,78379,0,780,320,330,130,400,1490,460,0,0,0,54863,780,55566,600,31203,220,202,130,803,120,534,0,0,140,883,110,1986,60,1036,170,3979,90,0,0,120,1488,60,7254,200,703,30,8,0,0,20,72,0,0,30,31,0,0,0,0,90,2579,17318,0,0,70,160,70,289,80,486,40,337,60,479,580,41455,580,9633,0,0,0,0,230,196,40,2,0,0,40,33,40,8,120,139,0,0,120,303,0,0,0,0,60,9,710,12621,170,434,150,385,100,131,40,25,0,0,530,9434,580,10365,0,0,0,0,180,837,570,1719
TX,78380,0,9370,3940,2970,2390,5470,19730,8010,80,80,0,465097,9370,470531,8200,357165,1490,2595,550,2675,500,1735,0,0,1790,14215,560,7287,420,7305,1290,24632,350,350,1542,690,8311,330,32284,2080,5434,280,69,0,0,150,970,90,485,420,408,60,123,40,681,1460,31974,154106,30,90,1180,2629,1060,3910,1380,7169,810,5441,1130,5962,6530,305037,6520,60613,100,236,40,33,2890,3307,120,28,300,186,510,501,590,98,1670,1984,490,304,1290,2954,80,219,90,249,990,213,9000,89944,3070,8626,2750,7567,2090,2742,560,483,30,8,5520,57395,6680,61638,70,181,100,483,1200,6965,7940,28496
TX,78382,0,7400,3110,3210,1000,3670,14290,4020,240,0,240,475858,7400,482695,5420,267512,2320,7439,1530,12554,1430,8742,50,92,1610,20949,1430,29746,1050,23864,1870,50185,100,190,903,1630,23143,510,23759,1940,6837,230,60,40,620,270,1416,130,709,320,342,30,60,20,349,1560,37967,211566,70,592,1240,2559,1310,7065,1530,10577,960,7614,1190,6922,5450,342019,5380,68076,120,483,70,52,1880,2195,500,300,200,97,260,266,290,52,870,1084,110,57,1290,3513,140,535,150,552,700,156,6900,79142,1590,3938,1330,3274,1000,1313,280,242,70,37,4960,65985,5770,70980,90,160,170,894,1680,10222,5240,15548
TX,78383,0,1590,640,710,230,920,3220,980,0,0,0,128638,1590,129902,1300,75923,440,825,220,2867,190,1750,0,0,330,6871,190,6810,150,2604,370,9852,120,50,230,260,3281,90,2608,370,1264,40,13,0,0,40,268,0,0,90,75,0,0,0,0,350,8411,44261,0,0,300,676,280,1052,350,1888,260,2064,250,1512,1250,99029,1250,20998,30,150,0,0,430,475,50,10,40,18,80,80,50,8,220,290,50,31,230,810,30,99,30,95,140,32,1500,26484,290,728,260,625,190,221,90,72,20,3,1170,20527,1300,21945,40,27,50,451,340,2114,1190,4650
TX,78384,0,2430,1020,690,730,1250,5200,2190,0,0,0,101158,2430,101928,2180,87655,230,109,70,112,60,70,0,0,430,4449,70,451,80,750,330,6532,200,90,357,160,1359,30,1079,450,770,60,16,0,0,20,108,0,0,80,59,0,0,0,0,390,13442,31419,0,0,230,555,170,333,300,976,130,767,170,530,1540,54805,1530,8744,50,96,0,0,660,758,0,0,80,55,120,120,110,19,420,496,60,47,300,641,40,100,40,98,210,45,2370,16975,910,2736,850,2451,640,837,150,133,0,0,1320,7988,1610,8806,0,0,0,0,210,1090,2180,9148
TX,78387,0,4190,1690,1420,1040,1780,8850,3500,0,0,0,202474,4190,204546,3730,156605,750,916,270,1496,260,830,0,0,630,4808,270,4539,200,2705,640,11863,190,180,838,400,4495,130,4830,800,2072,110,31,0,0,50,315,30,135,200,180,30,74,0,0,600,12881,59502,0,0,430,972,410,1197,550,2407,310,1961,410,2061,3030,130333,3030,22911,40,83,20,12,1290,1457,70,5,110,63,210,207,240,36,820,1008,130,108,450,1177,50,141,60,168,390,86,4050,33491,1230,3407,1110,3100,830,1129,200,178,0,0,2660,21447,3010,23192,0,0,40,170,570,2755,3510,11797
TX,78389,0,780,340,300,150,470,1670,640,0,0,0,35554,780,35859,710,29755,160,83,50,74,40,22,0,0,130,755,70,339,30,288,140,2908,90,30,159,80,830,0,0,170,305,30,6,0,0,0,0,0,0,40,43,0,0,0,0,100,2068,8704,0,0,80,173,70,163,90,385,60,362,70,402,580,21996,570,3355,0,0,0,0,250,290,0,0,30,12,30,23,40,9,160,203,30,27,90,206,0,0,0,0,100,23,750,5178,220,549,180,484,150,194,30,17,0,0,490,3065,560,3361,0,0,0,0,130,361,640,2154
TX,78390,0,2660,1090,840,710,1350,5510,2210,0,0,0,121556,2660,123092,2350,89190,420,480,180,935,170,830,0,0,430,3578,160,2922,160,1677,410,6427,100,150,544,240,2873,80,3219,550,1536,70,16,0,0,50,283,20,122,90,101,0,0,0,0,340,7915,35765,0,0,250,527,240,910,310,1595,180,1235,250,1365,1820,76521,1820,13055,30,72,0,0,770,812,40,2,80,43,120,108,140,27,460,560,50,45,370,942,30,84,30,89,310,65,2560,18338,870,2645,800,2360,620,833,140,111,0,0,1560,12244,1900,13591,0,0,30,227,360,3210,2210,7567
TX,78391,0,140,60,40,30,80,280,100,0,0,0,5529,140,5638,120,4456,0,0,0,0,0,0,0,0,0,0,0,0,0,0,0,0,0,0,0,0,0,0,0,30,109,0,0,0,0,0,0,0,0,0,0,0,0,0,0,0,0,0,0,0,0,0,0,0,0,0,0,0,0,0,100,3181,100,450,0,0,0,0,40,45,0,0,0,0,0,0,0,0,0,0,0,0,0,0,0,0,0,0,0,0,120,715,40,111,40,96,20,30,0,0,0,0,80,396,90,453,0,0,0,0,0,0,110,341
TX,78393,0,1120,500,450,160,560,2230,730,0,0,0,68853,1120,69609,970,46087,270,338,100,1219,90,1072,0,0,130,3297,90,2753,90,1183,230,4332,70,20,106,160,1980,50,3625,210,756,30,8,0,0,40,295,0,0,40,36,0,0,0,0,160,3580,19496,0,0,140,335,120,397,160,815,80,476,130,822,880,49423,870,11642,0,0,0,0,310,381,20,14,0,0,60,56,50,8,170,252,20,19,130,447,0,0,0,0,110,19,1080,12032,210,488,190,445,130,171,40,38,0,0,810,11248,880,12130,0,0,20,90,190,1238,890,2689
TX,78401,0,1600,920,290,360,930,2770,940,50,50,0,253501,1600,256215,1260,45075,370,3174,280,11467,250,8043,0,0,310,11446,260,37589,120,2420,190,4450,20,40,193,220,3209,150,10830,370,2714,0,0,0,0,80,651,0,0,40,44,0,0,0,0,250,13058,191077,0,0,220,655,160,2362,250,3207,100,1129,200,5699,1020,215912,1010,63277,50,678,0,0,360,439,120,212,0,0,50,40,60,10,110,92,0,0,280,1607,0,0,0,0,160,21,1510,70539,600,1506,540,1327,330,429,50,43,0,0,900,65552,1090,71784,40,142,100,4235,290,4385,1180,7967
TX,78402,0,280,150,100,30,150,480,100,0,0,0,17426,280,17581,230,9635,80,81,50,233,40,97,0,0,40,221,50,265,30,228,60,1706,0,0,0,60,827,20,995,60,155,0,0,0,0,0,0,0,0,0,0,0,0,0,0,60,1249,5993,0,0,40,90,40,151,50,251,30,183,40,169,220,12674,220,2434,0,0,0,0,50,28,0,0,0,0,0,0,0,0,0,0,0,0,20,39,0,0,0,0,30,6,270,2478,50,88,40,79,0,0,0,0,0,0,210,2404,220,2514,0,0,0,0,60,358,190,431
TX,78404,0,6840,3510,1690,1560,3290,12800,4620,240,240,0,403651,6840,410439,5860,241475,1320,3061,680,7080,640,5125,0,0,1260,18721,620,27214,370,5557,990,20602,60,200,829,630,7156,300,41715,1580,6788,180,46,40,1984,130,945,70,347,380,422,50,90,0,0,1040,23278,161957,0,0,830,1773,770,4145,980,6718,620,4400,810,5443,4780,295813,4780,64660,90,395,50,25,1890,1853,250,75,240,114,360,325,400,67,900,992,200,152,970,3238,110,318,120,341,680,129,6610,77459,2160,5751,1950,5059,1420,1835,390,310,50,17,4140,63616,4920,68625,110,349,150,1003,970,7261,5610,17941
TX,78405,0,6010,2780,1180,2010,3080,12530,5610,280,280,0,153299,6010,154289,5310,133621,410,215,60,50,50,32,0,0,1020,6951,50,134,100,776,580,7737,30,230,900,250,1595,0,0,990,990,30,8,0,0,0,0,0,0,100,80,0,0,0,0,390,7419,21118,0,0,270,487,160,354,340,1090,110,483,260,961,3470,66426,3470,9412,0,0,40,20,1600,1460,0,0,110,49,220,176,460,82,980,925,200,147,820,1251,90,293,90,281,760,133,5860,26307,2820,8188,2590,7199,2050,2675,330,265,40,24,2660,7953,3700,9527,0,0,0,0,510,725,5450,17622
TX,78406,0,400,180,90,110,160,820,360,0,0,0,12407,400,12460,350,11218,0,0,0,0,0,0,0,0,40,308,0,0,0,0,40,328,0,0,0,20,156,0,0,60,53,0,0,0,0,0,0,0,0,0,0,0,0,0,0,20,526,1605,0,0,0,0,0,0,20,63,0,0,0,0,260,6348,260,902,0,0,0,0,140,134,0,0,0,0,0,0,40,6,80,102,0,0,40,46,0,0,0,0,40,7,390,1924,160,400,140,359,100,132,0,0,0,0,210,765,260,861,0,0,0,0,30,33,340,1117
TX,78407,0,1130,520,250,380,550,2290,960,30,30,0,33100,1130,33285,1010,27502,80,21,30,32,20,26,0,0,160,865,0,0,30,142,120,2217,0,50,234,70,665,0,0,170,185,0,0,0,0,0,0,0,0,20,13,0,0,0,0,70,1444,4561,0,0,50,89,40,80,70,210,30,86,50,234,690,15701,690,2195,0,0,0,0,290,265,0,0,30,10,50,34,80,10,200,175,30,17,120,163,0,0,0,0,130,24,1120,5188,510,1477,480,1321,350,447,70,63,0,0,550,1930,700,2165,0,0,0,0,90,152,1040,3245
TX,78408,0,4940,2160,1050,1670,2340,10070,4310,180,180,0,142772,4940,143793,4430,123426,460,256,90,172,80,71,0,0,690,4980,80,315,130,1264,510,7238,20,180,864,270,2239,30,1209,790,1021,60,15,0,0,0,0,0,0,140,119,0,0,0,0,360,7356,21917,0,0,270,512,170,348,320,1112,140,604,260,1025,3000,68907,3010,9896,0,0,40,13,1360,1269,0,0,140,66,200,178,370,59,810,821,160,112,540,914,80,223,80,236,670,115,4830,23804,2170,6298,2010,5629,1570,2015,280,237,30,9,2380,8624,3110,9812,0,0,0,0,390,804,4460,14639
TX,78409,0,1220,570,350,280,610,2440,940,20,20,0,51518,1220,51770,1110,44047,180,55,40,49,40,39,0,0,190,834,40,84,50,754,170,3043,0,50,222,90,1123,0,0,200,252,30,8,0,0,0,0,0,0,40,26,0,0,0,0,170,3564,12958,0,0,130,240,100,305,160,639,90,463,110,447,910,31096,910,4944,0,0,0,0,370,418,0,0,30,15,70,66,80,11,210,273,50,38,120,170,0,0,0,0,130,27,1180,7536,360,1000,320,870,260,322,70,54,0,0,780,4457,920,4772,0,0,0,0,160,413,1040,3186
TX,78410,0,11370,4710,4570,1950,5620,23920,8840,120,120,0,761453,11370,768952,10080,577281,2930,4273,1250,6814,1150,4764,30,22,1750,18673,1110,39847,780,12099,1960,40126,250,400,1850,1160,15583,490,28583,2740,7499,510,127,30,583,180,1077,180,899,840,791,130,247,40,737,2870,62296,335185,50,244,2320,5222,2380,10311,2760,16584,2140,13492,2280,11884,9040,543756,9010,102829,170,709,60,35,4050,5750,320,622,720,378,840,899,570,91,2400,3194,510,381,1250,3524,110,279,130,305,870,225,10960,124421,2210,5731,1970,5069,1620,2083,840,708,50,27,8080,97226,8880,102982,150,168,180,1225,1840,13249,9160,31375
TX,78411,0,12910,6390,3750,2580,6080,23890,8020,340,340,0,767154,12910,776425,10950,456788,3010,7344,1550,14398,1420,10880,30,37,2060,29250,1370,37293,970,13056,2440,56395,150,390,1658,1580,19602,580,39799,2740,9271,400,97,60,1757,290,1681,170,809,690,681,110,242,30,378,2150,48040,323133,60,273,1760,3855,1630,7472,2050,12314,1290,8427,1720,12712,9790,552556,9750,120463,160,578,90,53,4080,4544,510,324,490,241,820,755,870,144,1970,2285,430,319,1510,4958,200,556,220,605,1150,245,12460,146924,3300,8126,2900,7157,2060,2624,860,705,110,50,8540,114979,9600,123254,160,280,260,2249,2070,12972,10360,30868
TX,78412,0,16350,8830,4480,2810,7020,28820,9160,360,360,0,944844,16350,955147,14060,587041,3530,8910,1760,14727,1630,10620,50,53,2380,29535,1600,41905,1120,18010,2750,61946,160,440,1995,1780,21583,620,38677,3630,10303,470,122,70,1747,290,1591,210,939,1060,1053,240,596,30,305,2520,61763,300213,80,442,2040,4213,1850,7957,2410,13881,1510,9255,2000,12401,12460,584320,12410,129320,180,797,130,77,4910,5064,530,256,600,293,1310,1205,1010,164,2240,2520,480,352,1760,4903,230,544,250,606,1410,263,15760,141354,3630,9151,3210,8105,2370,3067,1320,1116,100,36,10880,127727,12120,135329,160,320,260,1981,2470,14169,13330,37699
TX,78413,0,17720,8550,6220,2710,8290,33500,10750,210,210,0,1194109,17720,1208804,15400,839194,4730,8898,2380,19113,2180,10678,80,84,2920,39585,2230,45842,1340,22386,3310,88715,260,450,2231,2100,29833,920,77896,4610,14695,790,209,100,2225,420,2748,320,1494,1460,1502,270,549,40,446,4630,101723,565735,110,491,3850,8259,3730,17481,4490,28480,3270,21064,3810,23959,14540,868633,14490,169670,280,866,130,132,5980,7652,720,600,930,498,1570,1629,920,143,2890,3663,710,609,2020,6868,220,757,260,885,1130,273,17150,203752,3000,6997,2630,6112,1990,2505,1540,1291,100,62,13090,162019,14090,172633,270,492,360,2155,3270,21463,13860,41044
TX,78414,0,16330,6870,7130,2140,7440,34530,12160,120,120,0,1259813,16330,1276471,14600,977792,4900,6679,2310,10881,2120,7738,140,163,2720,47740,2190,31211,1110,18989,3120,75628,230,460,2061,1570,22124,870,63192,4810,16658,820,217,110,2581,410,2848,300,1457,1790,1763,290,601,50,617,5980,131518,701849,200,919,4740,10864,5070,25562,5840,39074,4790,35106,4810,23122,13930,916960,13890,174156,360,980,110,70,6590,9551,710,808,1380,765,1650,1759,720,110,3670,5023,800,691,1890,7364,190,585,210,634,820,224,15880,200957,2150,4936,1830,4217,1610,2048,1490,1284,80,39,12620,164603,13430,174937,370,535,390,1061,3030,21140,12800,43212
TX,78415,0,17860,8220,4680,4790,8280,35850,14400,520,520,0,648092,17860,652144,15800,524548,2310,2041,660,2656,580,1930,0,0,2660,17907,550,8575,750,8024,2600,49353,210,630,2788,1380,12318,170,10379,3150,4052,340,87,0,0,80,364,90,311,760,654,100,228,0,0,2220,43720,159960,40,100,1680,3285,1480,4181,2070,8587,1350,7016,1700,7061,12290,363556,12300,57480,80,210,140,88,5570,5830,120,13,630,319,1090,998,1320,220,3190,3549,720,614,1900,3314,280,760,300,807,1940,375,17410,99833,6140,17100,5580,15095,4400,5812,1260,1018,120,69,10120,51605,12240,56548,20,29,50,454,1840,6178,15750,48801
TX,78416,0,6660,3160,1380,2030,3090,13070,5420,300,300,0,186525,6660,187488,5910,161758,580,343,120,101,90,61,0,0,930,5498,80,95,170,1405,860,13359,60,270,1099,370,2450,0,0,1040,963,120,27,0,0,0,0,20,37,190,177,20,40,0,0,540,9938,28662,0,0,410,734,270,472,500,1633,210,781,420,1777,4230,88704,4240,12164,0,0,40,13,1900,1719,0,0,130,62,320,267,540,94,1070,1049,280,231,690,1039,80,278,90,253,730,122,6490,29039,2710,7456,2480,6638,1870,2435,390,328,40,14,3360,10443,4240,11762,0,0,0,0,560,896,6010,18285
TX,78417,0,1940,870,480,570,900,4020,1700,80,80,0,63951,1940,64356,1740,56873,190,78,30,9,0,0,0,0,270,2262,20,50,50,366,200,2985,0,70,220,90,654,0,0,310,405,20,6,0,0,0,0,0,0,70,50,0,0,0,0,250,4982,14016,0,0,190,367,160,352,230,848,140,609,190,716,1320,32354,1320,4607,0,0,0,0,660,735,0,0,70,29,110,100,160,24,400,466,80,57,200,360,30,84,30,82,240,47,1890,9511,710,2019,640,1754,530,679,120,106,0,0,1040,3872,1290,4383,0,0,0,0,160,343,1760,5564
TX,78418,0,13730,6120,5500,1900,5820,26630,8280,170,170,0,912224,13730,925912,11520,628700,4050,8295,2140,13534,1960,10308,120,146,2430,44823,2020,42071,1070,20811,2890,75563,150,380,1697,1810,24273,750,48992,3680,13688,410,108,90,1986,400,2271,260,1167,1050,1087,160,322,40,536,3390,77920,439580,160,839,2660,5842,2880,16900,3270,24358,2530,20190,2660,13477,10790,657337,10730,126194,270,1101,110,82,4160,5198,620,515,560,301,960,935,670,124,2140,2696,350,229,1880,6307,180,553,210,622,950,234,13200,146499,2600,6281,2250,5462,1710,2184,950,764,80,43,9750,121118,10710,130150,260,374,330,1664,2620,19332,10640,31978
TX,78501,0,23560,10840,6920,5650,14570,50270,21060,450,300,160,986666,23560,999676,19770,685957,2790,8849,1330,9488,1160,6846,90,67,5600,64376,1290,30637,930,12626,2480,52792,100,1050,4521,1440,15854,900,85202,6840,13010,1080,286,60,1382,310,1689,220,1108,1280,1287,220,511,30,163,3580,77430,352486,140,478,2790,5325,2310,9724,3380,16992,1960,11643,2480,10605,14600,600246,14600,119437,220,889,250,145,6470,10709,540,3973,770,435,1460,1444,1210,211,3580,3777,490,313,4580,10455,550,1434,580,1505,4040,839,22610,174197,8930,26149,7950,21668,6530,8785,1760,1548,260,140,12070,108734,16800,122616,160,285,240,1602,3190,19700,19780,64213
TX,78503,0,8400,3570,2700,2060,5640,19350,8720,230,210,20,389036,8400,393913,7030,261214,800,3152,430,6335,380,3808,30,18,2140,30638,470,14870,180,2975,540,7922,40,510,2081,310,3899,380,41817,2430,4877,240,63,20,609,80,566,60,324,330,293,50,140,0,0,1410,35799,167294,60,147,1080,2367,810,4919,1310,7974,690,5329,840,4873,5000,240380,5000,53193,130,594,90,42,2570,6455,310,3967,240,144,490,470,450,84,1420,1535,180,133,1850,4598,220,678,230,710,1840,444,8010,70462,3570,11052,3170,9070,2670,3757,670,579,100,59,3870,46750,5920,53221,100,222,140,972,1120,10633,7040,25157
TX,78504,0,20880,8660,8050,3960,12530,46740,19310,240,140,110,1389280,20880,1409501,17800,954256,3760,11286,2070,17469,1800,11490,90,79,5030,85182,2030,42182,870,14765,2530,62099,220,720,3151,1410,17949,1480,171555,7100,20221,1620,455,110,2774,480,3373,340,2055,1670,1638,290,700,30,476,5780,130316,710166,150,556,4710,9722,4500,22894,5550,35091,4110,28863,4290,21438,15270,982277,15240,212036,440,1459,200,116,7460,13980,720,4762,1170,660,1900,2062,960,172,4250,5360,610,389,3990,13431,440,1175,470,1228,2530,656,19970,246302,5560,15568,4870,12640,4110,5541,2020,1797,220,119,13000,198065,15930,216178,430,760,530,2178,3620,38018,16580,58129
TX,78516,0,11760,4820,3570,3330,7680,28010,13350,210,120,90,346175,11760,349804,9740,261056,990,2109,530,3513,460,2296,90,61,2940,23282,490,6123,500,7123,1260,24488,70,930,4263,740,8318,180,5367,3250,3629,360,97,0,0,60,219,60,207,370,324,90,211,0,0,1560,33275,104237,120,255,1120,1935,870,2757,1460,5867,670,3609,1010,3350,6250,149708,6270,22067,60,118,110,56,3160,3098,130,49,310,174,580,539,590,106,2010,2006,260,178,2490,4062,220,578,240,624,2450,499,11420,57812,5700,19208,5290,16076,4730,6772,820,705,110,53,4680,18924,7850,23920,0,0,20,128,1080,3649,10480,37404
TX,78520,0,24360,9900,7890,6360,15110,57530,26570,900,900,0,859077,24360,868843,21020,657873,2200,3393,890,6173,820,4425,120,106,5120,52484,880,20990,630,8828,2340,43449,60,1670,6456,1060,10462,480,33173,6900,9766,1180,325,60,835,180,1073,160,734,1390,1196,140,374,0,0,2800,57993,243583,240,1033,1880,3270,1900,7214,2580,12612,1710,10379,1820,6736,14010,455239,14030,78555,150,373,200,96,7230,11295,450,3968,780,443,1470,1435,1460,258,4460,4822,360,284,4490,8758,470,1318,490,1392,4350,960,23600,142901,11070,34588,10090,29299,8460,11714,2020,1767,220,78,10710,67995,16180,79006,110,143,130,731,2460,12628,21440,75459
TX,78521,0,36060,14570,10930,10290,22910,85420,40430,1330,1330,0,1070947,36060,1081989,31350,856479,2370,4815,820,6678,710,4745,120,112,7680,75451,800,9694,680,8322,2920,46434,70,2750,10874,1210,11271,420,37615,9740,11042,1310,353,50,431,150,772,170,647,1810,1476,210,556,0,0,3050,65110,229430,270,890,2060,3480,1650,6001,2740,11611,1370,7414,1790,6269,19600,493101,19640,82361,170,440,330,144,10170,11597,340,1823,980,562,2140,2042,2250,403,6180,6148,530,448,6820,11826,780,2114,810,2218,7200,1482,35110,192693,17910,57402,16440,49057,13970,19440,3090,2719,330,97,14290,70151,23170,84820,70,138,120,503,3100,11638,32450,116753
TX,78526,0,19170,7400,7130,4470,11470,46080,21120,500,500,0,827594,19170,836376,16800,657009,1820,3327,640,6029,570,3564,60,46,3960,47841,690,10369,470,6256,1850,35886,50,1140,4558,730,7586,410,34003,6000,8782,1470,413,60,592,140,793,160,719,1560,1345,150,354,0,0,3310,68755,284231,170,466,2330,4138,2520,9994,3140,16080,2430,14460,2230,6906,12410,480161,12440,86450,180,521,160,83,6840,12226,420,4091,840,515,1600,1671,1190,198,4350,5199,460,338,3340,7359,390,1032,400,1067,3290,838,18590,135185,7440,22920,6650,19262,5760,7990,1880,1676,170,81,9660,74226,13430,83818,100,204,130,493,2170,10880,16690,60304
TX,78536,0,140,70,40,30,100,280,120,0,0,0,4265,140,4296,100,3356,0,0,0,0,0,0,0,0,30,269,0,0,0,0,0,0,0,0,0,0,0,0,0,40,31,0,0,0,0,0,0,0,0,0,0,0,0,0,0,0,0,0,0,0,0,0,0,0,0,0,0,0,0,0,80,2151,80,317,0,0,0,0,20,19,0,0,0,0,0,0,0,0,0,0,0,0,30,35,0,0,0,0,0,0,130,653,60,159,50,127,40,44,0,0,0,0,70,291,90,340,0,0,0,0,0,0,110,370
TX,78537,0,15030,5960,4080,4930,8930,37100,18760,230,70,170,420558,15030,424878,12890,342701,840,1128,330,1425,290,784,70,47,3710,27641,310,3429,380,4329,1230,22230,110,1150,4937,570,5400,150,4725,4120,4320,590,160,0,0,50,222,60,237,530,455,80,178,0,0,1730,36459,107508,110,212,1210,2137,840,2648,1540,5778,670,3334,1040,3027,7840,170066,7840,24798,90,143,120,48,4070,4047,60,29,440,249,750,688,720,126,2750,2720,260,160,3060,4983,260,647,260,680,3190,611,14670,74053,7700,26229,7150,22181,6690,9988,1030,882,110,47,5660,20712,9810,26699,0,0,0,0,1270,3161,13580,50776
TX,78538,0,3950,1490,1020,1420,2230,9620,4840,20,0,20,110196,3950,111342,3490,93826,210,186,60,83,60,48,0,0,940,5709,50,310,70,899,290,4446,60,370,1547,150,1247,20,248,1070,1146,170,46,0,0,0,0,20,65,150,129,20,44,0,0,480,10319,29326,30,33,330,528,240,670,430,1493,190,1196,280,729,2120,43940,2120,6077,0,0,20,8,1080,1120,0,0,100,69,200,181,220,37,750,776,70,35,760,1252,70,162,70,161,750,144,3840,19432,2100,7107,1960,6066,1700,2388,280,234,30,8,1540,4957,2540,6452,0,0,0,0,270,850,3640,13942
TX,78539,0,13540,5880,4620,2880,7670,29230,11950,90,60,40,719210,13540,727545,11850,553080,2070,3981,840,3847,690,2489,40,21,3000,35113,870,14395,530,7734,1730,44827,160,490,2298,890,9781,580,43309,4410,8335,1340,384,30,733,160,870,160,787,1210,1181,200,522,0,0,3450,74240,332767,100,367,2810,5589,2480,11278,3320,18601,2270,14963,2630,9890,9830,467253,9810,87047,190,452,100,45,4740,6527,260,805,810,480,1240,1320,640,106,2730,3298,510,330,2150,5717,200,439,200,452,1630,370,13090,110192,3900,10851,3500,9129,2790,3703,1290,1153,90,46,8380,80520,10190,88112,120,180,150,677,1950,15888,11290,36330
TX,78541,0,14660,6370,4400,3800,8860,33600,15480,130,100,30,513969,14660,519359,13050,437595,1050,1609,340,802,300,491,40,20,3260,24741,360,2855,260,3342,1120,19557,200,920,3800,450,4128,240,14633,4110,5390,820,224,0,0,80,394,80,295,900,843,180,438,0,0,2550,55387,194739,130,270,1890,3773,1620,5850,2370,11211,1490,9047,1660,5268,8930,259362,8960,41955,110,209,120,55,4740,5664,90,238,660,394,1130,1046,810,139,2890,3303,430,323,2510,4704,260,624,270,651,2670,558,14330,82884,6090,18844,5600,15861,4860,6802,1380,1186,110,43,6840,36293,9930,42207,50,38,60,160,1230,5562,13260,45680
TX,78542,0,21730,8500,6730,6390,13850,54520,27400,190,150,40,701338,21730,707886,19080,608897,1210,1067,320,925,270,477,110,67,5520,40913,350,5605,280,3633,1400,23307,240,1750,7679,520,4474,250,9838,6100,6548,900,247,0,0,70,307,90,357,940,819,150,393,0,0,3610,80671,252340,250,470,2570,5078,2110,6830,3360,14265,2020,11981,2170,6674,12230,311321,12270,46057,200,311,190,81,6960,8191,70,183,850,516,1400,1355,1110,192,4650,5193,720,645,4390,7573,420,1106,440,1237,4990,1112,21260,115861,10150,34497,9410,28811,9020,13275,1740,1507,190,81,8910,37866,14760,47137,30,26,30,25,1740,5775,19780,74590
TX,78550,0,20740,8780,6180,5590,10900,44820,18900,600,220,390,826130,20740,836544,17920,622030,2650,4856,1280,7844,1130,5247,60,39,3670,38614,1210,13738,1020,15319,2920,60011,130,880,3446,1580,18149,560,40239,5250,10414,920,248,60,974,300,1496,210,885,1350,1265,160,325,40,255,2470,52252,246599,120,282,1860,3431,1810,6560,2320,10874,1480,8903,1860,10455,13110,490276,13130,86789,140,551,200,104,5920,6384,350,362,880,431,1160,1165,1380,228,3480,3783,340,151,3010,6509,400,946,420,1009,2500,452,20080,137998,8090,24108,7430,21190,5870,7880,1400,1178,180,74,10900,80081,14120,88620,130,178,150,554,2490,11472,17730,58575
TX,78552,0,12880,4890,4800,3040,6780,28970,11980,330,110,230,645438,12880,653469,10890,460988,2140,4413,1090,8123,990,6026,50,33,2400,26039,1100,16815,880,13519,2180,49109,180,500,1946,1290,15672,490,47323,3390,8031,700,190,40,681,210,1235,150,837,830,785,150,339,50,558,2270,49463,254837,110,397,1750,3454,1840,7763,2180,12169,1600,11111,1700,8660,8800,414447,8760,78868,150,459,130,72,4110,4840,310,259,670,340,800,816,880,155,2480,2905,220,105,1880,4803,250,753,280,721,1460,299,12350,107114,4320,12832,3930,11262,3210,4386,900,760,110,55,7310,73846,9050,80499,140,187,180,564,1800,12202,10640,36536
TX,78557,0,6200,2620,2120,1420,4280,15400,7460,60,60,0,185042,6200,186807,5280,157639,270,204,60,381,50,36,20,8,1630,11882,100,699,40,239,290,3722,0,450,2127,100,735,90,2281,1690,1765,200,53,0,0,0,0,0,0,210,170,60,104,0,0,800,17963,55287,50,71,590,1249,420,1338,740,3093,430,2177,430,1245,3340,78396,3340,12201,50,67,40,26,1860,3769,100,1772,160,94,340,305,340,65,1230,1395,130,102,1310,2279,120,341,130,357,1730,407,5960,28829,3040,9954,2770,8153,2360,3286,470,400,60,25,2440,8430,4270,11395,0,0,0,0,550,2000,5560,19859
TX,78559,0,4630,1790,1460,1340,2450,10480,4630,100,60,40,161549,4630,162929,4040,130022,480,491,180,541,150,362,0,0,840,5790,190,1253,220,2860,640,12229,90,250,851,350,3374,70,3046,1100,1380,230,59,0,0,20,76,30,98,270,223,40,86,0,0,600,11948,44170,30,53,450,818,400,1149,550,2195,340,2065,400,1335,2900,83834,2900,12682,0,0,40,21,1370,1464,30,2,160,97,260,273,300,50,890,978,100,41,660,1095,80,217,80,229,710,138,4500,24986,1930,5895,1780,5163,1440,1948,330,292,30,12,2290,11196,3090,12628,0,0,0,0,480,1804,4040,13992
TX,78560,0,1960,820,600,530,1470,4630,2170,0,0,0,65407,1960,65972,1750,57602,130,69,0,0,0,0,0,0,500,2263,0,0,20,295,170,2595,30,240,1066,40,442,0,0,530,565,120,34,0,0,0,0,0,0,80,75,0,0,0,0,460,11565,28434,30,65,330,501,210,587,420,1477,180,1013,250,550,1180,27137,1190,3786,30,22,0,0,620,670,0,0,80,41,140,135,60,11,420,421,80,42,350,524,30,83,30,90,490,123,1920,10447,910,3038,830,2587,760,1042,210,180,0,0,850,3114,1380,3873,0,0,0,0,140,373,1800,6819
TX,78563,0,250,100,110,40,180,550,210,0,0,0,19865,250,20152,210,8883,60,284,30,486,30,359,0,0,60,41,40,1036,0,0,40,579,40,0,0,30,302,20,-217,70,287,20,5,0,0,0,0,0,0,0,0,0,0,0,0,50,1324,8921,0,0,40,84,40,155,50,247,30,266,30,232,200,14646,200,1382,0,0,0,0,90,129,0,0,0,0,0,0,0,0,40,59,0,0,40,54,0,0,0,0,40,6,230,2453,60,161,60,142,40,53,0,0,0,0,170,1253,190,1406,0,0,0,0,40,195,190,616
TX,78566,0,6340,2430,2250,1590,3420,14880,6720,220,220,0,236734,6340,239141,5580,194921,560,1399,250,1155,210,668,20,12,1220,10315,280,4272,200,3337,760,14305,110,370,1623,310,3476,120,3032,1670,2407,310,84,0,0,70,314,60,267,420,317,40,87,0,0,850,18454,75139,40,148,590,1210,610,2127,770,3943,550,3619,570,2029,3940,126656,3950,19881,50,168,50,21,2030,2395,70,49,220,118,430,413,450,89,1280,1479,110,109,1010,1907,120,298,120,318,990,219,6160,37357,2600,8014,2370,6939,1990,2799,540,447,50,17,3070,17418,4230,19980,0,0,30,102,700,2581,5510,19683
TX,78569,0,1630,650,510,480,980,3660,1600,0,0,0,58409,1630,59629,1450,45674,140,94,50,124,40,61,0,0,280,2046,40,107,60,548,200,4057,70,110,425,100,940,40,2533,390,1220,70,19,0,0,30,287,0,0,100,99,0,0,0,0,210,4493,17099,0,0,150,278,120,350,190,719,100,566,140,728,1030,30924,1040,4744,0,0,0,0,480,483,0,0,50,25,70,79,140,22,310,321,0,0,230,702,50,148,40,146,210,38,1570,9157,680,2017,620,1799,460,625,110,100,20,5,850,4256,1100,5039,0,0,0,0,180,1040,1420,5035
TX,78570,0,11890,4790,3100,3930,6870,28710,14330,150,60,100,333569,11890,336973,10380,271084,790,747,240,635,220,383,50,22,2810,20701,250,2792,340,3751,1100,21634,90,950,3831,510,4529,100,1353,3180,3404,430,119,0,0,40,132,50,217,440,380,80,186,0,0,1260,26670,81810,70,90,920,1764,690,1955,1180,4492,520,2816,800,3026,6280,138753,6290,20431,50,121,80,36,3340,3209,60,13,370,224,610,530,660,117,2180,2204,180,84,2340,3593,230,640,210,633,2430,438,11660,59121,6270,21364,5870,18254,5170,7409,920,786,90,62,4520,17219,7680,21517,0,0,0,0,820,2152,10920,40946
TX,78572,0,27270,11170,9960,5960,18450,63780,28110,390,170,220,1229356,27270,1243301,22310,886855,3660,8282,1780,11807,1560,7313,220,148,6620,69291,1750,33323,1350,19231,3230,70622,160,1950,8885,1950,21944,950,64354,7760,13945,1230,338,50,1234,240,1409,170,840,1140,1091,250,573,20,696,5640,131157,545763,400,987,4210,8492,3520,17120,5280,29230,3030,20822,3470,13790,17230,723054,17250,140042,420,923,260,133,8740,26083,920,16810,870,518,1770,1818,1140,198,5220,5940,780,611,5350,12223,620,1763,630,1828,5650,1391,26060,189238,10460,33053,9430,26964,8210,11271,2260,2014,300,150,13590,113956,19750,129718,240,413,290,919,3600,24475,22920,80824
TX,78573,0,14180,5830,4590,3710,9480,34200,16320,130,90,40,545166,14180,551493,12200,414939,1070,3768,410,2158,350,1169,80,48,3840,37044,460,12840,260,3454,1020,18358,170,1050,4606,410,3639,390,43360,4130,6327,530,149,0,0,90,685,70,401,560,497,120,307,0,0,2450,59013,221799,180,333,1730,3455,1430,6567,2260,11569,1260,8813,1470,5789,8170,290361,8190,56024,190,487,140,78,4310,5633,110,777,470,277,900,855,690,126,2800,3114,320,214,3080,6598,320,902,330,933,3120,720,13740,93061,6450,21005,5870,17425,5190,7419,1140,994,150,84,6210,50393,9790,58898,100,202,130,542,1590,13309,12370,45465
TX,78574,0,19390,7960,6290,5060,13470,48860,24410,170,110,70,655316,19390,662641,16470,537668,1260,1802,520,2349,450,1588,110,61,5640,50463,540,10407,320,4224,1210,22646,150,1530,6527,540,4676,330,21621,5980,7325,730,204,0,0,110,573,90,418,670,602,140,344,0,0,3420,79163,262282,250,383,2400,4624,1920,7652,3180,14600,1750,10677,1950,6583,10350,306200,10370,50553,230,410,150,84,5670,7295,170,876,610,377,1140,1149,720,130,3920,4240,480,418,4650,8707,360,954,370,1058,4650,1006,18850,111286,9130,31839,8450,26009,8210,11945,1470,1286,170,75,7620,43001,13550,53636,70,78,70,252,1830,8739,17330,65770
TX,78575,0,1910,750,790,340,1100,4230,1610,40,40,0,156961,1910,159324,1570,85669,410,1049,250,3378,240,1690,0,0,460,11342,260,9242,130,2482,310,7294,0,80,345,200,3203,150,17018,670,2363,130,37,0,0,60,352,40,205,130,113,0,0,0,0,440,11317,89991,0,0,360,737,370,2420,430,3305,290,2378,300,2103,1370,119976,1370,26367,50,205,0,0,640,1851,110,773,60,38,130,149,120,25,310,367,30,16,390,1413,40,138,50,153,240,66,1820,28092,540,1436,460,1166,360,470,140,120,0,0,1180,24520,1470,26567,60,127,80,201,380,4634,1450,5021
TX,78576,0,3760,1500,1280,970,2880,10100,5210,0,0,0,113013,3760,114042,3260,99104,200,34,20,43,0,0,30,16,1160,7463,30,171,30,285,190,2685,40,490,2151,60,356,30,311,1150,1029,120,34,0,0,0,0,0,0,100,78,0,0,0,0,720,18458,44489,90,120,470,843,300,836,660,2305,250,1132,340,929,1910,40735,1910,5683,50,75,20,15,1140,1320,0,0,80,49,220,207,110,20,810,904,110,92,930,1409,60,137,60,137,1150,269,3680,19888,1900,6910,1790,5677,1850,2767,310,277,20,10,1300,4360,2640,6224,0,0,0,0,260,563,3470,14237
TX,78577,0,27330,11290,8410,7480,18290,65380,31150,410,330,80,871141,27330,879687,23360,706041,2050,3112,760,3700,640,2449,150,104,6580,53024,780,8987,730,9555,2340,43799,90,1910,8454,1210,11974,440,21454,7270,8546,1000,274,0,0,130,561,130,383,1070,969,180,428,0,0,4050,89183,274437,310,602,2920,5963,2150,8182,3740,16648,1820,9908,2370,7822,15610,399302,15640,63551,210,402,250,105,8210,11100,270,2460,870,502,1490,1339,1450,243,5460,5822,680,475,5270,9329,640,1620,650,1683,6300,1350,26530,142565,12900,42086,11850,35358,10560,14936,1970,1690,290,120,11570,52450,18670,64099,50,67,70,326,2550,10532,24370,88486
TX,78578,0,4490,1840,1500,1100,2320,9400,3640,60,60,0,191570,4490,194353,3500,112007,880,2407,540,3948,510,2998,30,27,930,9399,510,7020,420,8988,840,23486,30,140,508,640,8866,200,10753,1150,2783,160,46,0,0,110,507,40,185,220,208,0,0,0,0,720,14957,71683,50,252,570,1130,620,3060,700,4660,480,3245,560,1979,2790,117778,2780,21433,50,131,60,45,1080,1249,160,318,70,42,180,176,160,25,610,534,60,23,740,1767,90,302,110,352,490,99,4240,30159,1400,4088,1260,3552,1310,1835,220,189,40,19,2310,20183,2940,22501,30,34,50,146,770,3641,3540,10661
TX,78580,0,4350,1720,1260,1320,2680,9900,4510,30,0,30,144542,4350,146390,3800,111883,340,427,140,576,120,307,0,0,870,6926,140,1027,160,1732,560,10214,130,340,1245,270,2455,80,6278,1020,1848,180,46,0,0,40,338,0,0,200,176,20,49,0,0,460,10252,34210,20,31,320,558,230,633,420,1329,170,837,310,1192,2620,72787,2620,11802,30,34,40,14,1260,1262,0,0,130,76,180,179,340,61,850,880,60,30,670,1379,100,327,100,337,640,124,4210,23672,1960,5906,1800,5149,1400,1903,220,190,40,7,2030,10481,2860,12239,0,0,0,0,420,2299,3850,13580
TX,78582,0,14140,5360,5010,3720,9830,34350,16020,130,130,0,480670,14140,485311,12280,418830,1490,944,250,712,210,352,130,92,3870,23889,270,2136,150,2305,940,19948,660,2210,9779,380,2913,180,7076,4150,4641,790,223,0,0,50,194,70,284,580,524,110,237,0,0,2770,68067,188049,260,506,2100,3316,1320,3700,2580,8717,940,4972,1580,4533,8180,215293,8200,32461,170,264,120,67,4280,5157,30,11,430,262,880,906,510,97,3060,3486,320,258,2940,4949,340,1195,350,1281,3740,935,13810,81483,6550,21527,6000,17927,5220,7206,1090,928,150,78,6270,27301,10140,33576,20,33,30,33,1090,4347,12850,52044
TX,78583,0,2440,910,890,610,1330,5520,2280,0,0,0,93006,2440,93984,2100,74514,280,326,120,381,100,230,0,0,410,2293,130,591,120,1538,390,7850,110,120,470,230,2451,50,1834,540,978,120,35,0,0,20,101,0,0,130,108,0,0,0,0,300,5784,23562,0,0,230,350,200,627,280,1083,170,1056,210,799,1620,51390,1620,8115,0,0,20,7,750,837,0,0,80,42,140,123,190,37,450,537,40,12,300,661,60,168,60,171,360,77,2350,14380,920,2654,830,2337,640,916,180,138,20,9,1330,7276,1680,8136,0,0,0,0,300,847,2080,7105
TX,78584,0,7340,2510,2560,2240,5000,17920,8390,150,150,0,213081,7340,215627,6120,176087,810,626,90,155,70,54,50,25,2320,17347,90,431,30,234,430,7991,190,1060,4920,160,919,90,3901,2610,2546,420,114,0,0,0,0,20,58,280,225,50,105,0,0,1100,25050,65852,110,166,730,1050,460,1156,980,3057,270,1307,580,1360,3720,86396,3730,12802,50,72,100,38,1900,2078,0,0,180,114,430,414,260,47,1320,1406,120,79,1980,3048,230,807,230,821,1930,434,7150,36998,4000,13008,3630,10489,2960,3989,610,507,100,44,2810,10618,5230,14296,0,0,0,0,640,1711,6600,24591
TX,78586,0,19540,7780,5980,5640,11510,46250,21740,420,270,140,610506,19540,616566,17030,498503,1560,2071,530,2388,460,1564,60,27,3860,33290,580,5250,600,6940,2240,39073,220,1300,4815,1000,9475,180,8782,4840,6060,700,187,0,0,120,497,120,495,880,758,110,249,20,160,1830,37345,139569,120,245,1220,2161,1140,3572,1650,6712,970,5587,1170,4425,11300,291875,11330,44355,70,185,160,84,5640,5820,140,158,600,327,1100,1022,1330,221,3640,3834,270,162,3280,5821,380,962,390,1038,3260,633,19130,104503,9260,29701,8580,25556,7130,10031,1530,1310,190,80,8650,38252,12840,45610,40,48,50,150,1660,4948,17650,63311
TX,78588,0,160,60,70,40,130,350,120,0,0,0,6297,160,6366,140,5082,30,7,0,0,0,0,0,0,20,90,0,0,0,0,30,340,30,0,0,0,0,0,0,80,69,50,17,0,0,0,0,0,0,0,0,0,0,0,0,0,0,0,0,0,0,0,0,0,0,0,0,0,0,0,110,3593,110,548,0,0,0,0,40,40,0,0,0,0,0,0,0,0,20,27,0,0,20,74,0,0,0,0,20,3,150,909,50,133,40,115,30,36,0,0,0,0,90,503,110,594,0,0,0,0,0,0,140,436
TX,78589,0,15570,6490,4770,4250,10210,37390,17980,210,180,30,505676,15570,510440,13740,436538,930,898,230,461,200,328,100,56,3590,27200,270,1945,250,2618,1160,18487,70,1310,6091,480,3512,170,7496,4120,4764,690,187,0,0,40,149,100,261,640,571,100,263,0,0,2690,59240,179006,190,356,1910,3659,1540,5113,2500,10524,1410,7342,1570,4471,9400,228318,9430,34267,160,281,160,78,5130,5966,50,242,590,352,1000,972,880,151,3460,3879,480,328,2870,4856,320,815,350,905,3620,853,15200,80684,6940,22001,6370,18338,5690,8062,1210,1061,150,65,7030,28260,10840,34409,0,0,20,79,1360,4453,14060,50383
TX,78591,0,130,60,60,0,110,250,80,0,0,0,5905,130,5930,110,4471,30,9,0,0,0,0,0,0,0,0,0,0,0,0,20,573,40,0,0,0,0,0,0,40,25,20,8,0,0,0,0,0,0,0,0,0,0,0,0,0,0,0,0,0,0,0,0,0,0,0,0,0,0,0,90,3729,90,593,0,0,0,0,30,24,0,0,0,0,0,0,0,0,0,0,0,0,0,0,0,0,0,0,0,0,120,986,30,62,20,54,0,0,0,0,0,0,80,562,90,611,0,0,0,0,0,0,100,325
TX,78593,0,2130,840,630,640,1150,4940,2280,50,20,30,62990,2130,63375,1950,55077,130,88,30,36,0,0,0,0,390,2153,20,26,40,276,210,3530,70,130,417,100,818,0,0,460,385,90,24,0,0,0,0,0,0,90,69,0,0,0,0,240,4940,15357,0,0,180,359,130,262,220,739,100,478,160,589,1260,27901,1270,3857,0,0,0,0,650,630,0,0,70,39,120,96,150,29,420,419,50,23,290,399,40,116,50,135,370,65,2090,10555,1050,3088,970,2747,760,1031,140,118,0,0,960,3228,1350,3753,0,0,0,0,140,256,1960,7066
TX,78595,0,2070,900,690,470,1600,5090,2420,0,0,0,55751,2070,56254,1840,50214,80,20,0,0,0,0,0,0,560,3058,0,0,0,0,130,1605,30,300,1425,30,155,0,0,540,503,60,16,0,0,0,0,0,0,40,36,0,0,0,0,360,8731,18094,40,40,240,265,90,194,320,724,60,215,160,277,1100,17862,1110,2355,0,0,0,0,600,548,0,0,40,22,100,74,80,12,420,406,40,16,430,631,40,129,40,139,610,125,2050,9829,1140,3789,1050,3188,910,1255,140,120,0,0,770,1809,1440,2645,0,0,0,0,140,163,1910,7380
TX,78596,0,14370,5880,4330,4080,8290,32650,14760,350,90,260,563187,14370,569071,12240,417576,1630,3753,800,6000,690,4047,80,39,3080,26929,740,11521,660,9802,1760,39245,100,1090,4918,1040,12015,370,25355,4000,5884,840,231,0,0,150,717,120,511,750,694,120,312,0,0,2600,59400,223907,150,294,1910,3533,1500,5842,2400,10654,1300,8277,1820,8495,8860,307781,8860,54826,160,390,120,62,4390,5067,240,368,560,331,910,896,740,126,2760,3009,270,144,2480,4849,270,701,270,710,2780,589,13910,93779,6050,19075,5520,16337,4690,6400,1170,1010,140,68,6940,49773,9910,56273,80,115,100,474,1690,8200,12380,43382
TX,78597,0,1270,670,470,110,740,2180,490,0,0,0,113784,1270,115638,820,47394,520,2917,340,5357,330,4232,0,0,380,5404,370,15139,170,4690,330,11235,0,30,133,300,4538,190,11565,460,1854,30,9,0,0,110,616,40,235,50,64,0,0,0,0,410,11098,58084,20,245,340,610,350,3151,400,4314,230,2273,310,1574,990,89224,980,20018,50,354,0,0,310,550,130,201,0,0,50,54,50,7,80,87,0,0,320,1189,30,68,30,72,130,37,1130,22093,190,384,140,297,100,127,40,38,0,0,920,19348,1050,21259,30,64,70,550,390,3203,750,2295
TX,78598,0,160,60,70,0,70,270,60,0,0,0,7871,160,7969,80,2562,40,30,30,56,0,0,0,0,50,608,30,152,20,531,40,935,0,0,0,40,609,0,0,40,98,0,0,0,0,0,0,0,0,0,0,0,0,0,0,0,0,0,0,0,0,0,0,0,0,0,0,0,0,0,100,5302,100,771,0,0,0,0,0,0,0,0,0,0,0,0,0,0,0,0,0,0,40,127,0,0,0,0,0,0,130,818,40,61,30,42,0,0,0,0,0,0,80,727,120,907,0,0,0,0,30,115,90,232
TX,78602,0,11630,5040,4780,1600,5060,23720,7890,230,230,0,667485,11630,676764,9560,445601,3010,3761,1520,6800,1390,4837,80,99,2210,32784,1490,23989,930,15342,2550,67803,320,410,1650,1690,21082,570,27511,3150,9279,360,93,50,876,320,1617,200,939,920,949,60,160,30,289,2680,53148,274335,110,576,2120,4003,2390,11336,2620,16403,2090,15260,2000,8221,9010,459150,8970,80239,130,366,170,129,3390,4059,420,148,490,265,600,620,590,90,2020,2558,130,84,1780,5097,250,781,280,923,930,226,11120,99697,2330,5728,1990,4866,1720,2368,610,507,100,51,8050,76903,9030,83135,100,100,140,423,2380,10471,8840,24607
TX,78605,0,2230,830,1100,250,1010,4660,1480,40,0,40,131837,2230,133778,1760,87228,520,601,270,1500,260,958,0,0,540,6419,270,6165,180,3860,470,12068,240,60,299,330,4512,110,9323,630,1941,60,14,0,0,80,488,30,143,130,132,0,0,0,0,440,9925,52050,0,0,350,666,370,1311,430,2061,310,2506,310,1795,1710,90205,1690,16776,20,81,0,0,650,770,70,5,100,52,90,92,120,21,410,529,0,0,420,1027,30,97,40,103,220,52,2100,20924,450,1170,380,952,330,489,90,74,0,0,1520,16005,1760,17469,20,27,40,218,470,2034,1650,4705
TX,78606,0,2590,1100,1220,250,1260,5040,1400,0,0,0,192453,2590,195700,1870,94443,910,2362,530,5795,490,4638,0,0,710,11350,520,13087,320,5821,610,19546,250,40,156,520,7808,230,14789,890,3247,70,20,0,0,140,729,60,322,160,163,0,0,0,0,610,15426,91637,0,0,520,1105,540,2936,610,4531,430,4051,480,3590,1970,143428,1960,29117,50,162,30,15,690,938,160,89,60,37,120,152,100,16,340,432,20,8,590,1798,80,251,80,253,210,52,2420,34604,440,945,320,707,260,360,120,111,30,21,1820,27998,2090,30774,40,78,90,747,650,3555,1770,5149
TX,78608,0,240,100,120,0,110,480,140,0,0,0,12261,240,12316,190,8547,70,23,0,0,0,0,0,0,40,151,30,63,0,0,60,1630,40,0,0,40,539,0,0,50,55,0,0,0,0,0,0,0,0,0,0,0,0,0,0,30,576,2822,0,0,30,43,30,88,30,133,30,192,0,0,190,8044,180,1247,0,0,0,0,60,65,0,0,0,0,0,0,0,0,30,44,0,0,30,40,0,0,0,0,0,0,220,1644,40,108,30,84,30,43,0,0,0,0,170,1174,190,1267,0,0,0,0,60,109,170,500
TX,78609,0,870,370,410,70,420,1530,270,40,0,40,49479,870,49966,550,20614,320,397,190,1179,180,656,0,0,180,2032,180,1143,180,3160,330,9175,30,0,0,270,3869,40,167,210,487,0,0,0,0,30,119,0,0,30,32,0,0,0,0,180,4070,19053,0,0,150,270,160,579,180,888,110,847,140,552,640,34587,630,5362,0,0,0,0,170,105,50,3,0,0,0,0,30,8,50,50,0,0,140,297,30,63,30,77,60,9,790,6878,170,314,130,253,70,90,0,0,0,0,590,5253,680,5717,0,0,0,0,230,936,560,1212
TX,78610,0,14490,5860,6720,1690,5290,31310,11020,320,250,60,979754,14490,991640,12680,746128,3770,2864,2040,8278,1860,5887,90,114,2790,39827,1990,27759,1010,17674,2570,71507,150,410,2046,1480,21061,710,35846,4660,11886,590,151,70,1292,390,2019,260,1052,1860,1974,190,380,30,305,5130,101949,552171,110,557,3900,7601,4770,24947,5030,34352,4560,35150,3840,16097,12140,687657,12130,121603,170,520,190,152,5470,7671,550,288,1200,695,1050,1061,730,109,3430,4678,170,115,2250,6546,290,849,340,976,840,226,14000,141448,2000,4415,1630,3611,1580,2188,900,731,110,69,11040,113933,12030,122979,170,212,230,1046,3130,14898,10930,30759
TX,78611,0,5810,2340,2720,670,2680,11640,3460,260,0,260,359156,5810,364703,4310,192596,1600,3724,1040,7824,950,5298,20,20,1240,16541,1000,39112,810,15986,1560,43061,370,140,644,1210,16379,360,22754,1580,5547,170,41,20,437,240,1310,80,422,330,339,50,103,30,366,1200,29243,153523,40,385,1010,1999,1070,5185,1180,7753,800,6611,960,5542,4330,249147,4290,47348,80,362,60,34,1610,1664,320,55,210,107,260,283,280,48,850,1053,70,27,1040,2791,140,438,140,449,440,104,5430,54381,1160,2872,990,2408,790,1148,250,224,60,34,3870,46121,4440,50223,60,100,110,1240,1270,8806,4130,11475
TX,78612,0,5660,2300,2350,930,2330,12470,4720,190,160,20,292321,5660,295689,4770,216377,1140,966,580,1876,530,1190,0,0,1120,14898,550,4481,300,4158,1040,25599,170,210,991,630,7775,180,8888,1470,3368,140,34,0,0,100,488,70,284,400,369,20,52,0,0,1070,20160,105900,30,372,830,1455,940,3827,1040,5868,840,6165,760,3133,4340,190633,4340,33281,40,117,80,61,1780,2112,110,13,220,118,280,303,320,53,1170,1461,60,21,900,2368,140,423,150,470,520,121,5440,43313,1230,3166,1050,2605,1020,1569,270,246,60,36,3790,30725,4370,33784,40,37,50,142,1080,3802,4440,12456
TX,78613,0,34280,14160,16150,3460,11160,74830,27140,370,240,130,2794984,34280,2829314,30400,2271231,10640,9803,7690,28295,7190,19502,440,665,6480,105315,7420,74004,2700,45619,5250,124334,110,1200,6227,3030,43161,2000,99838,11000,34330,1490,378,210,3089,1140,6009,810,3698,3910,4057,530,1030,90,1847,14160,299303,1821260,560,3656,10960,23336,13150,86867,13940,115684,12400,99141,11390,45784,29000,2064371,28860,391616,1040,2608,420,369,13060,18917,2190,3149,2850,1603,2580,2806,1370,222,7240,9737,560,326,5080,15909,680,2021,780,2319,1510,440,32950,429518,3560,7637,2890,6227,2550,3444,2300,1959,290,172,27010,372829,28690,394397,1080,1046,1020,1667,8320,41178,24750,71638
TX,78614,0,240,100,100,30,170,490,150,0,0,0,18628,240,18900,180,8085,80,32,40,120,40,107,0,0,60,256,50,164,0,0,40,1167,60,0,0,40,492,0,0,90,272,0,0,0,0,0,0,0,0,0,0,0,0,0,0,30,790,3727,0,0,30,52,20,56,30,151,0,0,20,105,180,14249,180,3323,0,0,0,0,70,58,0,0,0,0,0,0,0,0,40,37,0,0,60,157,0,0,0,0,30,5,220,2560,50,112,40,90,30,44,0,0,0,0,160,3151,200,3505,0,0,0,0,80,739,150,432
TX,78615,0,600,250,270,60,270,1250,390,0,0,0,33362,600,33986,470,23333,200,162,90,259,80,169,0,0,130,1341,100,360,50,461,140,3363,90,0,0,100,1220,40,1125,180,624,0,0,0,0,0,0,0,0,30,21,0,0,0,0,110,1987,11824,0,0,100,161,100,395,110,576,80,665,80,347,470,22794,470,3864,0,0,0,0,170,198,20,1,0,0,30,38,40,5,90,121,0,0,120,414,0,0,0,0,40,7,580,4692,100,243,80,197,80,112,30,29,0,0,420,3663,470,4159,0,0,0,0,140,492,440,1129
TX,78616,0,3210,1230,1290,640,1510,7710,3340,140,100,40,129359,3210,130539,2670,99830,460,261,190,358,180,223,0,0,690,8911,180,1858,140,1636,430,8602,220,100,363,290,3197,70,1073,780,1180,30,7,0,0,30,125,20,89,130,115,0,0,0,0,380,7040,28046,0,0,290,460,310,1005,360,1549,280,1973,250,850,2220,72820,2220,10602,0,0,30,17,980,1081,40,2,60,33,130,127,220,37,710,806,20,6,590,1323,70,253,70,250,340,70,3050,17589,840,2315,720,1853,890,1459,140,120,30,23,1800,9360,2300,10863,0,0,0,0,510,1472,2620,7646
TX,78617,0,9070,3610,3040,2300,3960,22050,10330,650,600,50,321809,9070,325299,7930,266769,700,239,230,295,200,156,0,0,1870,23340,250,1530,190,1650,780,14160,60,290,1284,400,3722,110,4234,2280,3490,110,26,0,0,80,280,60,197,530,458,60,131,0,0,1130,17551,67643,0,0,750,1060,930,2886,1080,4258,950,5904,640,1969,6360,164674,6380,23089,0,0,130,79,3290,3727,30,1,320,166,510,450,650,100,2410,2807,80,38,1610,3547,250,780,270,863,1110,230,8730,42912,2880,7955,2520,6644,2830,4261,540,441,110,40,4860,19359,6390,23412,0,0,0,0,1430,3579,7540,22923
TX,78618,0,120,40,70,0,80,210,30,0,0,0,6755,120,6841,80,2965,60,62,40,86,30,73,0,0,30,161,50,335,0,0,30,934,50,0,0,40,486,0,0,40,86,0,0,0,0,0,0,0,0,0,0,0,0,0,0,20,448,2743,0,0,0,0,0,0,0,0,0,0,0,0,100,4584,90,673,0,0,0,0,20,6,0,0,0,0,0,0,0,0,0,0,0,0,30,45,0,0,0,0,0,0,100,721,0,0,0,0,0,0,0,0,0,0,90,647,100,741,0,0,0,0,40,105,60,101
TX,78619,0,1860,670,1100,80,880,4020,1210,0,0,0,256867,1860,260643,1440,160119,900,1941,670,7164,630,5450,40,113,450,11802,660,18735,230,5480,450,16219,60,40,198,290,4811,280,23455,630,3776,50,12,30,608,130,820,50,318,110,112,0,0,0,0,1000,30341,202226,60,561,840,2143,930,8352,990,11203,810,9602,830,6293,1600,206633,1570,47614,150,808,0,0,630,759,250,63,100,54,70,84,40,6,210,256,30,24,380,1692,40,134,40,143,50,13,1730,47717,140,218,90,168,80,98,70,59,0,0,1510,46858,1590,49709,180,209,200,769,590,7880,1110,3894
TX,78620,0,7490,2890,3990,520,3430,15950,5150,140,40,100,837302,7490,852301,5910,484573,3070,5104,2180,16307,2020,11700,80,187,2050,52838,2210,85637,860,19018,1630,50617,280,170,879,1170,18767,1070,87915,2700,14999,250,63,130,2738,530,3513,220,1298,590,644,60,143,70,1247,3290,88868,578853,130,1470,2730,6304,3080,21628,3260,31151,2730,27554,2680,15170,6240,660688,6160,146552,310,1102,100,86,2510,4200,780,870,390,208,410,479,210,34,1090,1498,140,138,1720,7767,170,592,190,630,350,107,7010,153886,680,1405,500,1029,480,696,360,329,70,51,5830,142990,6330,154250,380,612,450,2618,2310,21355,4650,15236
TX,78621,0,9890,4090,3900,1750,4040,21410,8130,290,270,20,481751,9890,486889,8560,361351,2040,1707,990,4616,920,3255,30,16,1660,17935,880,11360,570,8696,1730,41793,440,320,1392,1060,13107,320,14800,2360,5138,200,51,0,0,180,826,150,598,710,709,70,116,0,0,1790,33528,169611,30,124,1370,2355,1570,6647,1740,9611,1390,9473,1320,5562,7480,307412,7470,49966,40,174,120,89,3170,3566,230,53,330,184,510,503,650,99,2050,2487,110,94,1340,3039,210,579,230,635,820,183,9580,68484,2330,5968,2050,5249,1980,2807,520,413,80,38,6380,46381,7290,50655,40,42,70,350,1630,6303,7980,22512
TX,78623,0,560,220,310,30,280,1050,200,0,0,0,40311,560,40715,390,23467,220,306,140,785,120,570,0,0,130,1453,150,2061,110,1653,200,6002,30,0,0,180,2570,40,174,170,404,0,0,0,0,20,65,0,0,30,42,0,0,0,0,180,3776,18550,0,0,140,267,160,580,180,875,140,960,150,577,460,29188,470,4962,0,0,0,0,130,171,40,13,0,0,20,31,0,0,40,62,0,0,90,182,0,0,0,0,30,5,510,5584,40,84,30,49,0,0,20,20,0,0,450,4774,490,5102,0,0,0,0,180,629,380,936
TX,78624,0,10870,4810,4970,930,6910,20470,5470,430,0,430,879598,10870,895946,7760,359989,4260,14179,3110,49938,2890,37720,70,221,2770,52037,3190,133273,1830,37197,2700,77644,1360,130,557,2590,37920,1250,75955,3420,16348,230,66,90,1880,880,4901,250,1481,600,649,40,97,110,1759,2800,79082,479199,120,1404,2460,4727,2460,13677,2760,20171,1690,15443,2330,25109,8460,664833,8250,139761,240,1563,160,132,3280,5302,1160,1474,350,185,430,516,450,82,1360,1573,130,104,2330,7714,290,876,320,985,960,228,9920,159592,1700,3990,1350,3241,1200,1656,410,388,140,82,7510,135839,8530,148399,170,338,410,5136,2870,21264,6890,23088
TX,78626,0,11790,5160,4700,1750,4640,25100,9350,180,110,70,666963,11790,675307,10270,513170,2510,2537,1460,6676,1340,4787,110,154,2080,27879,1350,23621,800,12347,1910,40366,190,390,1916,1130,14998,490,17317,3270,8344,380,97,40,616,280,1317,180,757,1170,1233,110,246,30,378,2800,55022,296195,130,852,2150,4147,2510,11736,2740,17195,2310,17017,2170,10086,9340,449463,9290,76593,120,493,140,111,3990,4952,350,148,630,360,740,801,680,101,2500,3185,150,71,1670,4486,220,623,270,726,900,200,11320,93911,2240,5596,1900,4821,1870,2668,700,627,90,62,8150,71581,9070,77448,120,125,130,405,2200,10397,9190,25227
TX,78628,0,13060,4890,6830,1100,5590,27340,8460,130,60,70,1317239,13060,1337359,10320,795388,5310,10631,3820,30647,3550,22794,160,430,2530,56999,3550,96965,1980,41671,3460,107402,200,340,1785,2640,43499,1200,104510,3840,20120,510,128,150,3474,610,4103,300,1549,1060,1132,130,305,90,3056,5410,138736,905947,220,2789,4450,10218,5070,35279,5350,48986,4280,38761,4550,31242,10860,1020895,10760,217471,480,1949,120,88,4410,5205,1240,387,770,443,750,864,410,58,2010,2612,270,161,2070,8160,210,590,230,651,550,162,12410,233816,1340,3055,1120,2647,990,1379,690,623,80,52,10100,212836,10680,225995,520,872,630,3633,3530,28943,8680,28434
TX,78629,0,5340,2280,1930,1090,3150,11110,4160,0,0,0,395356,5340,399533,4570,186682,1210,2050,620,5214,600,4004,0,0,900,18862,630,12130,370,4890,810,16500,570,90,345,690,9009,270,22921,1220,4177,120,30,0,0,180,948,70,454,230,226,30,51,0,0,600,15056,129394,0,0,500,1096,460,1869,580,3418,320,2269,450,4964,4060,303143,4050,75517,80,202,30,22,1650,1834,180,151,120,66,200,199,360,60,1090,1249,60,15,810,2665,60,144,60,186,600,149,5120,93690,1380,3640,1230,3282,1060,1449,220,184,30,13,3510,74155,3970,80350,40,43,200,3747,970,13582,4110,13596
TX,78631,0,1170,450,620,100,680,2400,700,40,0,40,63740,1170,64661,830,40386,390,300,240,1189,210,763,0,0,350,3204,260,2058,160,2399,280,8181,270,0,0,220,2648,100,2442,380,921,40,12,0,0,70,312,0,0,60,75,0,0,0,0,240,4850,21046,0,0,210,341,200,669,240,1058,160,1331,180,670,870,42749,860,7702,0,0,0,0,330,355,60,10,20,9,40,47,60,12,190,252,0,0,270,618,30,101,30,111,100,24,1050,9630,220,497,170,385,130,180,50,40,0,0,780,7305,900,8162,0,0,0,0,280,1117,800,2307
TX,78632,0,460,180,220,50,280,920,280,0,0,0,26314,460,26522,360,18402,130,94,50,139,50,79,0,0,80,619,70,487,40,513,110,2248,110,0,0,90,1035,0,0,100,208,0,0,0,0,0,0,0,0,0,0,0,0,0,0,80,1845,7395,0,0,70,93,60,195,80,335,40,326,40,224,360,18046,350,2818,0,0,0,0,120,124,0,0,0,0,0,0,0,0,80,100,0,0,80,170,0,0,0,0,40,9,430,3795,70,187,70,160,60,82,0,0,0,0,320,2694,360,2924,0,0,0,0,90,375,340,1045
TX,78633,0,11960,4200,7360,280,5990,22450,3610,340,0,340,1187788,11960,1200677,5900,452980,7390,14197,6010,55089,5640,39022,290,406,2000,34720,5670,95712,4840,123131,6480,233599,220,200,988,6310,112615,1340,43074,2670,12889,200,49,120,2115,580,3161,210,1215,460,465,70,132,90,275,6200,150142,789726,340,3194,5290,10897,5800,35156,6140,50018,4160,34007,5510,29880,10310,904339,10140,171465,440,1851,70,78,3610,3271,2250,1270,300,167,320,399,160,27,720,1023,230,146,1500,5186,110,456,140,529,200,65,10910,175047,380,642,290,507,250,355,320,280,50,29,9940,168204,10240,176666,330,538,580,2099,4250,25588,6300,18267
TX,78634,0,12920,5240,5360,2070,4120,28610,11180,300,250,50,739428,12920,747715,11850,626028,2130,1358,1190,2882,1090,1874,60,82,2170,21622,1140,16290,600,8238,1800,34233,170,520,2693,850,10503,370,17353,3860,8287,500,129,20,272,230,1241,210,691,1730,1771,160,328,0,0,4070,72036,360199,100,471,2870,5202,3770,17594,3990,23870,3690,25387,2880,9329,10820,488253,10810,78818,90,228,190,134,5340,7827,260,63,1130,672,1040,1127,830,117,3670,5095,180,138,1600,3955,290,783,330,972,840,218,12590,99064,2190,5149,1890,4385,1870,2629,920,809,90,50,9470,70928,10340,76564,70,52,80,423,2250,8219,10440,29790
TX,78636,0,1770,750,830,170,970,3410,930,20,0,20,123629,1770,124982,1310,69144,640,1506,360,4654,330,2793,0,0,430,4580,390,14293,200,3444,440,12425,210,30,176,360,4963,160,5039,510,1353,40,12,0,0,90,413,0,0,110,109,0,0,0,0,430,11148,60900,0,0,350,685,380,1884,420,2981,290,2452,330,2718,1370,89300,1350,16882,40,339,0,0,520,667,110,34,50,28,90,104,70,14,240,337,0,0,330,861,30,85,30,87,160,30,1620,20433,290,643,230,522,180,238,80,70,0,0,1250,16143,1400,17584,20,49,50,231,400,1980,1210,3676
TX,78638,0,940,390,450,90,470,1840,510,0,0,0,59727,940,60685,730,35279,280,207,150,493,140,383,0,0,170,2762,130,3045,90,1104,200,5111,170,30,147,160,1776,70,4680,270,958,20,7,0,0,40,207,0,0,60,57,0,0,0,0,170,3554,18141,0,0,140,236,140,498,150,770,110,898,110,653,760,43054,760,8469,0,0,0,0,280,301,40,3,30,21,40,36,50,8,140,217,0,0,160,495,0,0,0,0,60,9,880,8350,150,310,120,259,90,111,30,24,0,0,690,8166,760,8950,0,0,20,72,210,1818,680,1929
TX,78639,0,3110,1290,1430,360,1490,5970,1540,160,0,160,179466,3110,181962,2100,90813,930,3406,620,4342,580,3104,0,0,720,10235,600,14034,490,8536,880,24747,60,80,352,750,9841,210,7936,820,2496,60,13,0,0,150,758,40,206,100,94,0,0,0,0,620,15109,84084,20,149,520,1048,550,3253,600,4635,390,3280,490,3187,2200,124302,2190,24414,50,250,30,26,720,635,210,80,60,32,90,87,120,21,330,343,0,0,630,1753,60,215,70,241,290,62,2830,27759,730,1804,590,1455,450,637,90,80,30,14,1990,23731,2360,26185,40,118,60,425,770,4844,2110,5571
TX,78640,0,21720,9090,8410,3800,7450,48090,19160,640,510,120,1046905,21720,1057657,19420,881195,3300,1894,1520,3619,1360,2280,100,80,3790,41788,1430,10362,940,12633,3100,65180,140,690,3234,1550,17650,470,13402,6280,10752,770,194,0,0,310,1352,270,842,2610,2690,230,425,0,0,4980,84451,393300,140,480,3570,5893,4510,18186,4850,25253,4370,28536,3400,10706,17240,650985,17230,98902,80,215,280,201,8270,10681,280,38,1370,761,1560,1497,1550,237,5750,7515,230,94,2980,6740,540,1553,580,1694,1810,432,21110,136544,4720,11796,4040,9930,3970,5702,1320,1068,220,117,14810,88148,16850,96754,50,25,70,119,3660,10213,17700,49158
TX,78641,0,23490,9100,11280,2690,7960,52260,19090,510,320,180,1744256,23490,1766242,20810,1356617,6010,7498,3730,20357,3480,14929,280,354,4480,64769,3630,59858,1660,29850,3670,84342,170,830,4098,2170,29537,1320,85554,7450,21986,950,242,100,1973,690,3779,510,2061,2760,2883,310,591,70,1707,8900,190387,1064551,340,2095,6710,13733,8310,52792,8770,70400,7870,63348,6650,28369,19630,1244299,19540,233250,580,1869,310,287,9040,13325,980,1441,1920,1127,1670,1683,1160,181,5680,7923,360,238,3430,10233,490,1474,580,1650,1310,368,22670,264193,3220,7334,2670,6132,2560,3608,1450,1208,210,145,17760,219926,19180,234661,530,632,580,1723,4870,28166,17850,52667
TX,78642,0,5160,1910,2700,450,2190,11470,4000,80,60,20,391891,5160,397313,4380,288537,1550,1471,850,3118,790,2327,50,69,1180,17047,810,11864,420,9791,1020,26820,260,140,752,650,8774,390,23296,1610,5422,190,50,0,0,230,1201,80,400,420,412,40,95,30,783,1880,42333,242861,60,682,1500,3329,1740,9958,1850,14299,1590,13967,1460,6026,4190,282058,4170,52853,120,442,80,60,1680,2340,210,78,300,185,340,356,190,29,1000,1441,70,22,940,2855,100,293,120,371,280,85,4920,58710,670,1628,560,1321,500,713,330,282,30,9,3870,50417,4210,54116,130,117,150,247,1260,7269,3690,10568
TX,78643,0,2880,1230,1320,290,1590,5430,1380,40,0,40,173102,2880,175852,2030,84743,970,2069,630,4393,590,3141,0,0,680,9779,610,11091,440,7581,850,23615,350,50,263,680,8610,290,9010,870,2750,80,18,0,0,180,746,60,314,130,128,0,0,0,0,530,12732,72993,30,88,450,807,440,1957,510,3059,320,2842,410,2740,2160,122082,2130,22024,40,140,30,19,750,760,170,33,60,35,110,112,150,30,360,415,20,14,590,1645,60,188,60,189,260,56,2610,26938,560,1252,440,1033,340,442,80,78,30,15,1930,21632,2220,23707,30,34,70,276,710,2931,1930,5333
TX,78644,0,7530,3220,2740,1460,3180,15770,5830,240,70,180,354367,7530,358725,6430,252419,1790,2271,770,3472,710,2588,0,0,1240,17401,690,10562,480,6335,1400,32346,340,220,943,920,10456,250,9876,1840,4358,200,52,20,423,210,1010,110,471,520,502,50,131,30,65,1100,20662,99619,0,0,870,1483,930,3852,1060,5578,790,4846,780,3901,5710,225811,5690,37204,40,120,70,38,2320,2569,220,24,310,135,350,361,480,68,1530,1852,50,28,1050,2780,130,421,150,468,610,138,7260,50918,2020,5159,1750,4562,1480,1966,370,324,60,37,4930,34592,5630,38257,30,37,60,427,1300,5686,6000,17007
TX,78645,0,5340,2280,2560,410,2160,10160,2520,130,0,130,463812,5340,469990,4030,272439,1940,3069,1360,11865,1250,8001,50,91,1220,16125,1340,46144,850,17353,1420,41443,50,160,830,1180,18348,550,29342,1620,6178,140,38,30,640,300,1606,130,664,380,371,40,108,30,384,2000,47803,285546,90,811,1620,3434,1850,12238,1970,16749,1600,13939,1590,7089,4350,353702,4320,72833,160,809,70,57,1490,1626,420,269,160,87,260,292,190,34,640,810,90,28,910,2816,140,497,170,554,310,88,5000,73935,630,1279,500,975,380,508,250,206,60,35,4070,71347,4420,75656,140,274,190,1049,1530,13235,3480,9624
TX,78648,0,3290,1470,1210,590,1870,6730,2430,30,0,30,174666,3290,176466,2810,110164,670,846,340,2267,300,1772,0,0,550,9118,270,7977,200,2932,520,12350,240,90,437,390,4614,130,5675,690,1800,70,18,0,0,90,504,30,166,150,126,0,0,0,0,380,8392,48180,0,0,320,559,310,1125,370,1733,230,1531,260,2014,2460,119299,2450,22441,20,72,40,15,920,980,80,21,100,52,110,116,180,29,640,743,0,0,460,1333,70,206,70,229,270,64,3180,29707,890,2216,770,1965,620,815,130,110,20,7,2150,21374,2440,23721,0,0,50,633,560,2963,2600,7716
TX,78650,0,660,270,310,70,380,1370,440,0,0,0,37969,660,38404,530,25224,210,151,120,414,110,284,0,0,120,1499,110,856,50,582,180,4276,110,20,75,120,1476,20,214,170,435,0,0,0,0,20,88,0,0,40,31,0,0,0,0,120,2287,11554,0,0,90,153,110,438,110,626,80,519,80,423,530,26189,530,4380,0,0,0,0,200,269,0,0,0,0,30,36,40,10,130,161,0,0,120,282,0,0,0,0,50,12,620,5144,110,264,100,224,80,95,0,0,0,0,470,4113,520,4510,0,0,0,0,150,831,480,1310
TX,78652,0,2320,1110,1010,170,910,4260,1070,40,40,0,156924,2320,159396,1840,103691,870,837,510,1656,460,1023,0,0,490,8227,450,4819,270,4369,560,16593,30,80,499,420,6070,160,9626,740,2472,90,21,0,0,100,534,60,276,240,251,30,39,0,0,740,13617,73132,0,0,580,1009,690,3123,730,4262,600,4247,510,2138,1960,114782,1950,20757,0,0,20,15,680,703,150,10,100,54,150,163,100,17,280,367,50,12,400,1290,50,169,60,178,110,37,2220,23259,280,548,210,421,160,210,130,112,20,10,1850,19925,1980,21465,20,43,40,81,620,2759,1630,4155
TX,78653,0,8550,3600,3030,1760,3280,19180,7970,330,310,30,405088,8550,409383,7610,331187,1220,1013,600,2022,530,1450,20,13,1560,16699,570,8335,340,3587,1190,25492,180,330,1678,590,7526,210,7969,2360,4295,230,59,0,0,110,585,100,362,900,905,80,147,0,0,2030,36444,159849,40,116,1470,2278,1850,7895,1990,10843,1750,12114,1350,5514,6680,247646,6690,39592,20,83,120,69,3220,4112,130,12,450,249,590,569,690,101,2140,2684,70,46,1220,2861,190,551,210,638,790,179,8260,55014,2090,5343,1800,4571,1880,2775,590,490,60,27,5540,35304,6450,39043,30,32,50,182,1480,4540,6890,20141
TX,78654,0,8410,3620,3690,1010,4260,16930,5390,280,20,260,586872,8410,595505,6200,271449,2480,6543,1650,15499,1520,11043,40,51,2040,35532,1680,39901,1160,23871,1910,52760,300,180,845,1670,23861,670,50979,2440,8633,220,57,40,1079,360,1944,120,675,440,407,50,113,50,957,2000,51390,251550,60,497,1730,3474,1800,11294,1980,15693,1320,10903,1630,11520,6180,427588,6130,85118,130,635,80,57,2280,3362,540,982,210,119,350,374,330,54,1210,1489,70,24,1680,4935,170,557,190,588,820,179,7780,78079,1680,4258,1400,3467,1260,1800,330,285,90,57,5520,81758,6480,88459,100,139,210,1164,1990,13656,5820,16388
TX,78655,0,1270,520,520,210,540,2670,940,50,0,50,67700,1270,68520,1080,46897,280,480,140,655,130,309,0,0,230,4035,140,2373,60,1348,230,5321,40,30,125,150,1835,70,1555,340,820,30,7,0,0,20,67,0,0,110,110,0,0,0,0,230,4310,26857,0,0,180,353,180,961,220,1386,170,1258,160,839,970,45722,960,8204,0,0,0,0,370,423,0,0,40,24,60,64,80,13,230,287,0,0,190,490,30,96,30,97,110,23,1200,9901,320,787,280,698,230,297,50,45,0,0,850,7768,970,8458,0,0,0,0,260,1582,970,2717
TX,78656,0,1020,480,340,210,440,2080,770,40,0,40,39046,1020,39404,890,30927,180,48,40,39,40,24,0,0,180,1726,50,951,40,347,150,2592,40,40,183,90,841,0,0,250,358,0,0,0,0,0,0,0,0,80,81,0,0,0,0,80,1507,7218,0,0,60,92,70,208,80,327,60,432,50,194,780,22808,790,3303,0,0,0,0,310,329,0,0,30,17,40,41,90,17,210,247,0,0,150,310,0,0,0,0,130,24,970,4938,290,694,250,593,210,272,30,25,0,0,660,2903,770,3323,0,0,0,0,160,567,840,2252
TX,78657,0,2740,1080,1440,210,1600,5130,1040,50,0,50,395521,2740,400609,1650,122004,1310,8442,1090,26160,1040,19775,40,178,670,14580,1080,77889,720,26287,980,32518,70,60,304,1050,19441,460,34900,780,5088,40,9,40,1061,180,1148,50,342,100,105,0,0,50,535,1120,40869,277148,60,1765,970,2511,1010,9821,1110,14328,680,7357,990,10160,2240,325087,2190,79330,180,1894,20,16,840,1289,490,699,50,26,60,76,60,11,220,284,40,13,550,2191,40,91,40,104,170,41,2490,85188,350,884,290,726,230,314,70,68,0,0,2080,79241,2310,84521,70,169,250,3747,880,11706,1510,5929
TX,78659,0,1220,520,570,130,590,2510,780,0,0,0,67684,1220,68234,990,44710,340,237,150,609,140,455,0,0,220,1864,160,2622,100,1776,280,6434,170,40,201,200,2473,50,1435,300,550,30,8,0,0,0,0,0,0,70,65,0,0,0,0,240,4875,26599,0,0,200,341,200,797,240,1196,180,1389,160,809,930,45844,930,6796,0,0,0,0,330,386,30,5,40,23,50,58,60,11,210,260,0,0,170,376,30,88,40,103,90,18,1160,8717,230,529,200,453,160,222,50,43,0,0,830,6410,950,7052,0,0,0,0,230,991,940,2593
TX,78660,0,37310,16490,14530,5640,12250,78440,29080,890,690,190,2210692,37310,2235036,33830,1869571,7790,4559,4630,10261,4270,7179,280,272,6450,72687,4350,35705,1880,26460,5440,121397,150,1530,7699,2500,31924,1190,37783,11360,24344,1420,360,80,1389,570,2636,650,2565,4850,5068,520,1186,40,1378,12050,219117,1137603,390,1349,8790,16228,11140,56349,11880,75687,10710,73574,8990,33296,30810,1504989,30800,251950,280,715,540,405,13790,18254,1070,697,2840,1598,3050,3327,2150,328,8520,11057,620,477,4880,12106,950,2676,1060,3064,2260,531,36270,305084,6090,14256,5120,11963,4800,6653,2760,2458,390,171,27550,233697,30020,249520,260,256,270,750,7310,25877,29300,78333
TX,78662,0,1050,430,480,120,480,2110,640,0,0,0,56866,1050,57438,830,41978,330,224,160,643,150,429,0,0,200,1876,170,1166,80,960,260,6204,160,40,249,180,2132,60,1523,280,572,20,6,0,0,20,65,0,0,60,67,0,0,0,0,180,3234,17460,0,0,150,251,150,584,170,879,130,934,120,310,840,38636,840,6220,0,0,0,0,310,348,40,4,30,18,50,55,60,9,170,236,0,0,170,390,0,0,0,0,70,13,1010,7742,170,418,140,328,120,173,50,39,0,0,790,5870,870,6330,0,0,0,0,220,757,790,2067
TX,78663,0,300,120,160,0,190,600,140,0,0,0,34554,300,35044,200,11397,130,338,80,712,70,489,0,0,90,2601,80,4416,40,548,80,2658,60,0,0,80,1187,50,949,100,490,0,0,0,0,0,0,0,0,0,0,0,0,0,0,80,3058,23828,0,0,80,157,70,527,80,734,60,692,60,1300,250,26600,250,5420,0,0,0,0,70,67,20,4,0,0,0,0,0,0,30,42,0,0,70,210,0,0,0,0,0,0,270,6015,30,82,30,67,20,32,0,0,0,0,240,5338,260,6083,0,0,0,0,90,672,180,501
TX,78664,0,26610,12460,9210,4530,8740,54360,20210,780,660,110,1480564,26610,1496953,24090,1218361,4810,3933,3000,13092,2780,9681,160,158,4090,48267,2850,34682,1400,22258,3530,74554,110,1090,5436,1820,23218,850,40377,7120,16389,720,182,80,1020,420,2138,430,1782,2850,2959,340,733,40,470,6370,120963,667196,250,1222,4720,8931,5680,28370,6230,40233,5350,37259,4740,19562,21470,1004652,21430,176675,300,818,350,268,9420,11306,790,507,1620,910,1980,1968,1730,251,5640,6906,380,231,3200,7946,590,1609,670,1855,1920,421,25810,217007,5190,12463,4490,10788,4140,5543,1870,1563,230,127,18770,165369,20620,176779,300,440,300,974,4730,18490,21260,56026
TX,78665,0,18500,7410,8650,2130,5980,40910,15130,260,210,60,1396333,18500,1412938,16790,1164078,4650,3264,3070,12334,2870,7334,270,325,3180,41729,3020,25718,1200,20790,2880,69384,70,770,4266,1440,20192,850,31557,5860,16605,740,190,90,1533,410,2253,390,1811,2540,2729,310,655,30,741,7390,153843,873111,310,1721,5530,11390,6800,40846,7300,55022,6480,51683,5820,23870,15840,1003014,15780,183546,360,1067,230,203,7460,10837,810,915,1730,987,1640,1721,880,132,4540,6330,310,231,2290,6765,350,1015,430,1184,820,217,17910,206623,2100,4565,1750,3818,1580,2042,1420,1216,160,83,14560,172709,15380,182261,380,384,330,523,4030,19012,14010,40316
TX,78666,0,28220,16960,7150,3760,9240,46690,14310,860,150,710,1174809,28220,1192667,25150,824067,4600,7288,2660,14489,2410,10205,90,104,3810,49242,2360,67622,1460,23582,3550,79827,240,640,2694,2220,29603,820,36552,6750,17858,760,191,60,939,500,2399,330,1324,2620,2742,480,1420,30,597,3510,77007,417103,100,573,2680,4879,2940,14111,3350,20134,2540,17797,2660,16391,20520,761166,20430,134667,160,579,340,189,7970,8054,680,472,710,377,2610,2230,1660,249,3680,4198,190,193,3140,7745,630,1504,680,1612,2470,456,27280,182920,6030,13424,5210,11828,3750,5002,2770,2478,270,131,17430,127371,19620,137930,120,139,230,2103,4130,15567,23310,57762
TX,78669,0,4620,1840,2420,290,2280,9240,2480,30,0,30,586421,4620,597053,3490,301144,1950,8073,1450,25138,1350,18386,70,216,1350,35015,1490,77506,650,16882,1090,35507,140,120,758,910,15435,780,65415,1660,10632,100,26,70,1958,380,2544,110,657,280,281,40,79,70,896,2120,63575,436865,90,1222,1750,4216,1950,16788,2090,22543,1650,18697,1710,13132,3830,472099,3780,109082,270,1440,60,64,1420,2406,530,921,170,97,200,195,110,20,520,675,100,125,1090,4756,120,365,130,417,220,54,4270,121567,390,833,310,615,240,377,170,142,50,31,3610,106747,3900,115056,230,548,340,2686,1450,13822,2750,11261
TX,78671,0,390,170,170,40,260,720,210,0,0,0,19591,390,19988,280,10133,140,117,80,672,80,423,0,0,90,970,90,2421,50,466,80,2562,80,0,0,70,766,30,481,130,397,0,0,0,0,20,97,0,0,0,0,0,0,0,0,60,1368,7371,0,0,50,84,50,239,60,356,40,238,40,274,280,13175,280,2231,0,0,0,0,110,96,30,6,0,0,0,0,0,0,40,45,0,0,80,224,0,0,0,0,30,7,350,2600,80,178,70,143,50,68,20,20,0,0,250,2122,280,2426,0,0,0,0,80,419,280,694
TX,78672,0,360,150,190,20,200,660,100,20,0,20,17518,360,17706,250,9032,130,114,70,187,60,61,0,0,70,303,60,113,60,790,140,3294,0,0,0,130,1384,0,0,70,188,0,0,0,0,0,0,0,0,0,0,0,0,0,0,40,756,3462,0,0,40,45,40,105,40,193,20,114,30,43,260,11450,260,1874,0,0,0,0,70,42,0,0,0,0,0,0,0,0,20,22,0,0,50,117,0,0,0,0,0,0,330,2243,60,122,50,106,30,39,0,0,0,0,240,1828,280,2022,0,0,0,0,90,378,230,527
TX,78676,0,6500,2790,3150,460,3030,12270,3020,130,20,100,589626,6500,599928,4390,270932,2670,5493,1940,20308,1800,14432,70,111,1780,31136,1870,47130,1210,27401,1840,52150,150,140,745,1650,24896,780,45169,2220,10302,210,52,70,1266,450,2322,160,907,460,459,70,128,40,429,2350,67665,357559,80,737,1950,4004,2140,12567,2290,18639,1640,13970,1880,10111,5180,447716,5120,92716,160,988,130,134,1800,2591,640,588,190,100,300,331,190,35,700,945,120,76,1420,4800,220,699,240,808,330,96,5910,99464,720,1371,540,1023,430,547,280,251,100,40,4830,90215,5340,97516,140,277,260,2306,1990,14503,3910,10726
TX,78681,0,23570,9250,11730,2290,8060,52740,19450,320,240,70,2034445,23570,2058483,20860,1608971,8060,9484,5810,24358,5430,17196,280,347,4350,66696,5580,64064,2000,33926,4000,103962,150,880,4837,2410,37757,1520,78127,7210,24038,920,233,180,3284,700,4476,540,2763,2460,2562,340,686,70,977,9780,212832,1331341,400,2761,7710,17054,9140,59847,9660,80768,8340,65118,8110,38356,20030,1520171,19910,292330,720,1928,230,180,9150,12232,1700,1509,1870,1010,1770,1954,930,148,4910,6738,480,267,3410,10547,430,1282,490,1381,950,247,22740,314795,2380,5002,1960,4225,1780,2421,1550,1331,190,125,18620,280097,19690,295429,840,913,780,1890,5910,32951,16770,47304
TX,78701,0,4870,3650,980,150,2350,6360,660,80,80,0,1398750,4870,1417430,3940,592430,2130,20663,1940,60071,1830,44926,230,977,1190,64902,1930,481932,380,11254,520,17093,40,110,579,400,7925,990,97655,1930,18680,50,15,170,5607,470,2827,140,605,500,594,80,220,60,976,1860,126513,1036495,330,10337,1340,3667,1430,21558,1820,35933,1160,14840,1490,44413,4350,1234940,4290,328397,410,4297,50,30,1340,8944,920,6850,40,19,190,205,80,12,60,67,0,0,1060,8475,70,129,90,150,130,50,4530,369595,320,216,240,172,40,39,100,86,20,9,4210,321673,4370,339797,630,2688,720,13812,1620,26351,2720,36169
TX,78702,0,11400,7360,2010,1930,3580,19040,5920,930,800,130,559733,11400,567772,10140,418697,1780,1032,1300,4073,1200,3091,90,103,2380,33049,1250,24120,270,3266,950,15627,0,310,1349,400,3745,520,34316,3670,8039,220,51,40,547,380,1189,160,520,1460,1617,130,294,0,0,1880,33951,231238,130,998,1290,2112,1620,9408,1830,12757,1500,11894,1300,4702,8590,396569,8570,75456,80,314,280,165,2760,2431,410,93,290,154,590,459,650,95,1190,1195,100,103,2050,5238,430,818,480,967,940,179,11020,92874,2960,6890,2510,5959,1850,2460,500,402,170,64,7700,73242,8740,79935,120,135,150,1042,2290,11466,8830,22211
TX,78703,0,10920,6640,3680,460,5630,18330,4380,80,50,20,2672613,10920,2721443,8580,1077824,5460,45263,5180,124618,4970,96019,290,1795,3040,136036,5040,664758,1080,32308,1440,48575,120,220,1173,1240,24865,2660,392462,4500,48830,190,44,540,17187,1280,9640,310,1790,1020,1225,180,412,210,2776,4950,229438,2125291,440,13496,4060,12073,4270,67364,4840,94112,3200,46901,4310,69938,9810,2353844,9660,614633,1400,9357,130,105,3870,10392,2480,5871,450,265,530,530,200,34,410,475,140,113,2770,20122,200,443,250,503,300,112,10230,672684,550,600,370,470,220,246,290,249,100,75,9390,611790,9770,655708,1500,4100,2000,24516,3550,64413,5870,39395
TX,78704,0,25680,18540,5170,1650,9150,37100,6950,680,600,70,2160169,25680,2200881,22100,1428240,7390,17216,6270,52131,5940,36802,510,935,5830,132121,6010,229713,1370,23287,2550,62298,90,760,3872,1560,21769,2320,158464,10240,40712,590,144,400,7816,1580,7432,630,2743,4190,4723,360,861,130,1356,6650,169997,1204060,660,10520,4940,9657,5460,48305,6440,69544,4640,46211,5060,21621,22190,1736224,21970,375267,820,4100,530,318,6180,7868,2430,3098,650,330,1390,1293,940,129,1310,1314,250,193,5050,19621,800,1713,930,1916,1540,336,24520,404442,2770,4466,2030,3644,1360,1892,960,789,360,197,21020,367746,22370,396689,970,1690,1230,6192,6800,53318,17520,46109
TX,78705,0,6550,5630,750,120,1580,6710,660,100,100,0,348378,6550,355095,5930,208697,1390,3064,1300,14517,1260,10595,60,86,1100,18924,1160,41913,210,3537,340,8550,0,110,513,210,3606,320,29702,2130,6717,110,25,50,1162,210,964,110,399,900,974,280,865,0,0,730,25396,166133,60,864,550,1253,590,5913,690,8158,440,4728,560,5384,4740,267062,4640,58532,130,647,90,37,1580,2160,430,863,90,46,880,753,200,31,150,151,0,0,960,2978,160,241,170,270,280,59,6150,60944,500,337,330,264,70,64,660,581,80,29,4190,56765,4560,61185,140,214,190,1276,1280,6302,4870,7585
TX,78717,0,12720,5230,6300,980,4080,28170,10080,50,50,0,1281547,12720,1297149,11520,1029730,4730,5617,3670,14516,3480,10907,230,338,2290,36487,3550,59787,910,16457,1620,42383,50,470,2439,870,13396,950,64834,4240,15602,440,107,110,2141,390,2520,390,1950,1430,1551,250,536,40,602,5540,126703,873352,280,2048,4350,10910,5160,39589,5470,53289,4770,39336,4540,21074,11250,996187,11190,199139,610,1509,130,105,5050,7091,1200,1531,1180,607,970,1062,420,63,2370,3119,180,156,1770,6138,210,628,240,732,470,144,12250,209547,870,1602,690,1259,550,660,820,717,90,70,10700,192671,11130,201855,670,645,610,1869,3520,22497,8710,26594
TX,78719,0,760,350,250,170,370,1820,830,50,50,0,25777,760,25985,630,19664,70,27,30,29,20,17,0,0,170,2003,30,82,0,0,90,2041,0,0,0,40,428,0,0,190,208,0,0,0,0,0,0,0,0,20,23,0,0,0,0,50,747,2413,0,0,30,34,30,90,40,150,20,114,0,0,520,12978,520,1835,0,0,0,0,230,228,0,0,0,0,20,18,50,9,160,180,0,0,150,293,0,0,0,0,110,22,720,3309,240,680,210,540,230,366,30,19,0,0,410,1607,530,1951,0,0,0,0,140,399,620,1766
TX,78721,0,5430,3110,900,1360,1770,9990,3830,570,470,100,171506,5430,173774,4780,143212,560,166,270,358,250,248,0,0,930,10312,240,2948,110,885,580,10050,0,160,608,260,2204,80,434,1400,2268,90,23,0,0,90,188,50,110,570,633,60,137,0,0,600,8433,38026,0,0,400,498,530,2037,580,2749,490,2903,360,950,3810,95433,3800,14019,0,0,120,57,1430,1193,60,1,160,75,270,213,380,57,800,751,40,20,790,1622,220,432,240,479,530,90,5280,24302,1860,4602,1650,4054,1300,1749,270,210,90,34,3180,12823,3800,14659,0,0,0,0,830,2136,4500,11672
TX,78722,0,3680,2640,790,190,1070,5220,870,100,80,20,218232,3680,222697,3240,161845,970,469,770,3056,740,2272,30,20,910,12890,730,8401,180,1825,390,9759,0,110,464,210,2818,270,9181,1560,4465,110,27,40,591,200,715,90,361,740,849,110,274,0,0,840,15620,102648,40,213,640,1067,750,5119,820,6666,650,5229,630,1892,3170,164160,3150,29559,40,133,90,41,970,889,280,26,150,81,280,240,160,26,280,305,30,10,760,2274,170,276,190,283,200,44,3550,31415,450,503,320,413,130,146,150,113,90,48,3000,28590,3160,31517,50,47,70,184,1010,4150,2530,4997
TX,78723,0,14830,8250,3710,2620,5430,27880,9750,950,790,160,728486,14830,738911,12900,561444,2930,2374,1950,8816,1810,6401,80,100,2860,36855,1750,26130,730,8116,1870,46150,40,420,1813,1110,13993,550,26189,4490,10425,400,96,70,1224,410,1454,250,891,1800,2035,200,444,0,0,3090,55813,322531,140,780,2250,3721,2780,14923,3030,19766,2500,18578,2290,8158,11340,491178,11290,86688,120,342,250,141,4260,4040,580,189,610,328,860,735,830,124,2090,2111,190,199,2410,5969,440,1010,500,1138,1180,218,14290,108831,3320,7966,2860,6972,2720,3855,710,572,190,79,9890,82580,11210,89984,140,198,170,524,2930,11187,11460,28663
TX,78724,0,9420,3910,2520,2860,4250,22920,11330,880,780,100,298003,9420,300897,8330,251793,600,201,210,365,200,225,0,0,1840,20064,190,2093,150,989,790,13469,30,250,1066,380,3270,70,5104,2220,2894,110,27,0,0,60,209,50,131,540,519,60,119,0,0,890,13572,61244,0,0,610,886,710,2429,830,3579,710,4512,580,2215,6090,142370,6090,21286,0,0,130,64,3080,3089,40,1,320,155,470,387,650,93,2220,2270,50,78,1560,3151,230,604,240,674,1090,203,9140,43689,3260,9560,2960,8198,3530,5375,570,455,70,35,4420,18196,6070,21710,0,0,0,0,1360,2867,7960,24318
TX,78725,0,3450,1610,980,800,1140,7350,3060,230,210,20,142909,3450,144119,3180,125682,330,84,150,143,140,116,0,0,540,5136,140,571,100,903,390,6638,0,120,570,150,1547,40,640,880,1210,70,20,0,0,0,0,30,78,400,392,30,47,0,0,630,8416,37794,0,0,390,533,580,1449,610,2207,560,3248,380,1115,2760,85474,2760,12757,0,0,40,25,1310,1544,20,0,190,95,240,230,300,45,830,972,40,75,410,882,80,220,90,238,320,65,3360,18459,870,2158,770,1905,770,1149,220,171,30,9,2260,11199,2610,12360,0,0,0,0,550,1462,2870,7807
TX,78726,0,6660,3310,2620,650,2080,12950,4210,40,40,0,605006,6660,614338,5980,480265,2120,3060,1800,12567,1710,9119,100,152,1140,19234,1820,27441,480,10042,790,19811,20,260,1323,430,7632,520,28666,2130,9332,180,44,70,1587,220,1473,170,912,760,747,100,223,20,176,2030,52248,376205,120,1566,1620,4337,1760,15807,1980,21988,1540,14158,1690,9773,5740,473292,5680,98937,380,1152,100,52,2310,3406,680,1128,430,222,520,555,320,43,860,1034,60,20,930,3499,160,351,180,385,320,90,6410,104961,690,1299,560,1085,400,493,430,378,70,40,5350,95530,5650,100882,430,557,430,775,1740,10982,4610,12844
TX,78727,0,14660,8180,4940,1330,4600,25660,6630,240,200,40,1009576,14660,1023051,13090,804685,4420,3971,3300,12868,3070,9210,150,133,2510,37018,3100,36054,920,15725,2050,52144,60,490,2498,1160,17027,780,29312,4810,13475,410,104,90,1451,440,2148,380,1808,2030,2246,220,444,30,221,4020,73558,443605,180,974,3050,5484,3460,18446,3920,26168,3070,19986,3100,12867,12860,757907,12800,136079,210,502,210,135,4550,5253,1000,846,730,388,960,981,770,119,1960,2371,240,223,1950,5727,390,984,440,1103,780,176,14180,150619,1580,3156,1270,2662,940,1172,770,656,180,77,12070,130826,12690,138331,210,215,270,790,3460,15523,10690,25308
TX,78728,0,11300,6460,2960,1670,3310,19640,5840,300,260,50,582780,11300,589364,10330,482675,2080,1023,1400,3866,1310,2652,80,74,1650,18732,1260,6784,460,5747,1180,22170,0,500,2362,610,6628,290,8477,3300,6584,320,81,0,0,180,670,190,736,1610,1683,150,342,0,0,1950,32042,177153,110,474,1370,2298,1580,6639,1870,9667,1450,8813,1450,5434,9550,407709,9540,69632,40,120,210,115,3680,3836,390,102,600,329,970,935,810,116,1900,2122,110,74,1240,3045,360,891,380,994,880,169,10970,86334,1970,4281,1650,3737,1350,1689,830,710,130,55,8530,65815,9180,69608,50,56,50,142,2150,6896,8930,21431
TX,78729,0,15160,8540,4790,1560,4340,26280,7070,210,170,40,906115,15160,918321,13760,765528,3710,2341,2700,8472,2510,6169,120,120,2480,33805,2500,18619,880,12968,1820,38962,40,590,3107,1040,13880,630,14818,4860,12206,450,113,60,950,410,1753,350,1580,2220,2481,220,467,20,149,3630,63781,377965,160,849,2740,4952,3170,16301,3540,22571,2900,18871,2770,10655,13170,656850,13140,112962,140,321,270,199,4820,5472,730,515,830,450,1210,1199,880,119,2240,2706,210,107,1940,5269,420,1238,480,1393,950,212,14680,128972,1860,3511,1480,2939,1090,1306,990,822,170,103,12250,107490,12980,114030,160,126,170,317,3330,11055,11430,25238
TX,78730,0,4130,1870,2030,200,1930,8390,2530,0,0,0,971146,4130,984586,3430,550873,2090,8238,1930,33816,1840,25170,100,377,970,34370,1930,110851,490,16262,620,20386,40,130,697,500,10553,810,99327,1540,13440,80,21,110,2973,330,2765,120,787,380,425,40,112,40,1833,2150,81280,705738,140,3990,1790,5711,1970,27707,2130,37671,1610,22174,1860,15821,3730,852175,3700,222089,680,3311,40,24,1560,4798,880,1819,230,115,190,183,90,14,240,274,140,250,830,4918,60,140,70,152,120,34,3900,230178,210,284,140,212,100,114,150,123,30,22,3580,218139,3730,229116,740,1961,830,4386,1440,22044,2310,13168
TX,78731,0,13460,7270,5330,660,6430,23730,5760,130,90,40,2559963,13460,2602939,10230,1185801,6840,26783,6300,111475,5990,80180,190,565,3360,117275,6070,324500,2010,57897,2610,97162,140,300,1488,2500,49983,2450,338704,5030,42976,300,72,560,14298,1220,8708,330,1879,1200,1378,220,549,140,2527,6370,301899,2026294,260,5602,5490,14364,5630,69736,6280,95698,4070,46565,5560,61418,11840,2137482,11640,566375,1460,7281,150,112,4940,7360,2870,3701,670,384,730,715,310,49,760,892,280,273,3030,18663,240,591,280,673,370,109,12660,608300,750,994,570,809,320,357,490,425,110,68,11260,558145,11760,591959,1450,3885,1910,11777,4320,47053,7480,39309
TX,78732,0,6140,1820,3950,330,2890,16320,6780,0,0,0,1154178,6140,1168839,5140,804570,3180,8120,2770,26225,2670,20326,190,429,1480,38617,2940,78425,730,22460,1000,30599,30,180,1067,710,13302,1040,107667,2100,14661,150,37,150,3200,440,3203,180,1097,350,374,70,142,40,836,3960,128561,956833,230,3643,3260,9370,3660,44113,3920,57655,3300,41191,3380,20328,5440,957272,5350,237620,990,3463,40,51,2650,5846,1140,2106,590,305,280,326,70,13,910,1240,140,210,1210,5783,70,215,90,282,110,63,5790,235807,250,424,170,307,210,278,260,232,40,40,5200,232129,5410,243273,1070,1858,950,3243,2160,30387,3510,16657
TX,78733,0,3880,1450,2090,230,1880,8950,3440,0,0,0,1058284,3880,1077014,3140,464022,1990,11783,1790,41305,1700,30669,90,626,1140,41658,1800,183352,370,13512,550,16415,40,100,551,390,7104,830,169157,1500,18730,80,21,160,4964,360,3092,140,775,230,241,40,104,60,3122,2130,87485,907679,130,6408,1770,5261,1980,25819,2100,38058,1680,22269,1810,24989,3320,932081,3250,247734,590,3460,40,41,1530,4417,780,2289,270,148,190,241,70,10,410,510,120,312,980,6269,60,206,70,240,100,30,3600,254416,190,335,130,229,130,151,170,163,30,20,3120,233917,3320,245762,630,1593,680,6322,1320,23363,2060,22118
TX,78734,0,9960,4240,4740,830,4980,19730,5780,60,60,0,1416998,9960,1441269,7540,718542,4380,19630,3540,52081,3350,35867,240,516,2740,72963,3650,239586,1470,43960,2110,67611,70,300,1642,1840,33574,1660,136751,3550,24271,240,57,190,4564,850,5490,320,1749,590,615,80,191,120,2654,4780,155500,1049028,310,5779,3910,9542,4360,38969,4710,54929,3670,41818,4000,30780,8280,1159124,8170,269729,710,4371,130,122,3270,8352,1340,4901,430,229,450,521,250,47,1100,1321,170,277,2290,10808,250,836,280,891,410,125,9210,274436,910,1715,670,1298,630,802,410,392,130,106,7720,261794,8390,280028,750,1439,950,5345,3380,39078,5650,23417
TX,78735,0,8060,3960,3390,590,3660,15460,4490,120,100,20,1401972,8060,1424843,6420,758774,3650,27224,3130,63543,2970,44491,160,469,1800,65089,3160,222612,930,30573,1410,46079,70,190,1100,1160,21481,1330,134234,2980,22871,200,49,210,6531,540,4310,210,1153,820,943,100,262,100,935,3430,132705,1044532,260,5839,2810,7711,2990,39229,3380,53565,2440,29033,2930,31103,7070,1188597,6970,305203,740,5608,90,65,2760,10698,1390,7420,360,198,360,397,190,28,740,886,140,199,1590,9611,110,296,160,361,290,79,7610,323001,520,1081,400,854,440,642,280,256,60,36,6660,296007,7060,316269,790,2373,1010,8379,2520,35692,4770,25067
TX,78736,0,3920,1900,1680,300,1460,7340,1950,50,50,0,331263,3920,337014,3190,229841,1410,1321,1010,6306,930,4629,40,104,940,20285,940,22477,380,5605,770,22070,30,110,548,500,7247,360,12297,1360,5751,100,24,40,799,240,1237,100,511,420,495,50,105,0,0,1380,29199,186617,40,547,1100,2226,1290,7820,1350,10818,1120,9487,1110,4659,3380,255329,3360,50442,120,392,60,47,1250,1958,330,281,200,112,230,239,170,29,520,654,90,151,760,2802,130,360,140,395,170,38,3720,55571,400,669,280,499,210,280,190,152,70,38,3170,48483,3400,52355,140,197,160,541,1160,5947,2570,7126
TX,78737,0,6960,2370,4190,340,3120,16010,5450,50,20,20,883120,6960,898855,5670,589561,3370,5997,2600,17425,2420,12283,170,358,1890,47298,2580,51520,850,19610,1520,52931,100,240,1198,1140,19711,1020,75937,2560,15735,230,61,170,3086,530,3495,230,1326,540,589,100,233,70,1339,3970,107751,673696,200,1553,3250,7948,3770,31971,3950,42153,3330,35227,3330,16283,6060,696533,6030,150724,490,1533,90,86,2670,3793,920,608,650,346,380,464,130,22,1060,1455,160,200,1540,7128,130,476,170,533,140,52,6620,155507,370,610,270,422,260,357,350,322,50,33,5800,145254,6090,155338,530,707,560,1480,2210,19387,4270,15309
TX,78738,0,8000,2740,4730,440,4420,18500,6570,20,20,0,1806603,8000,1834866,6290,984962,4250,13372,3840,53596,3660,38093,340,1639,2110,78156,3950,205080,1120,40229,1490,49700,90,220,1279,1220,24851,1780,208022,2910,28263,190,48,250,6409,720,5891,200,1389,410,462,50,142,110,2467,4780,176629,1450409,460,10523,3890,11429,4410,48219,4750,76239,3870,52973,4210,35037,7030,1551811,6880,392437,1130,5545,50,62,3110,6779,1630,3596,520,291,330,419,120,19,790,972,190,349,1820,11186,90,258,120,323,180,73,7450,388570,310,554,230,405,220,264,350,320,40,21,6690,385937,6970,407229,1320,3081,1380,6301,2960,53999,4160,22428
TX,78739,0,7490,2250,4830,360,3000,18860,7220,0,0,0,1094247,7490,1110757,6370,787943,4060,7110,3320,21098,3170,15041,160,288,1850,50119,3300,75663,860,18600,1400,53199,50,220,1080,930,17587,1050,53965,2660,16510,280,69,170,3347,490,3656,260,1518,540,580,100,228,50,505,4740,121426,868421,210,1561,3940,10192,4510,37534,4720,49938,4130,40833,4050,19415,6700,885256,6630,193015,700,2500,50,70,3250,5278,1270,1283,930,505,380,451,120,24,1170,1538,180,169,1570,7914,100,356,120,397,120,35,7140,197907,260,413,190,297,200,263,340,317,50,43,6440,187854,6690,199367,860,995,810,2024,2630,23854,4380,17942
TX,78741,0,22790,15830,3100,3640,7170,37200,12350,1490,1340,150,745389,22790,756071,21030,657959,2030,1217,1310,3043,1220,2136,130,98,3420,33865,1230,11175,380,4452,1160,18815,0,610,2691,460,4739,350,11383,6200,10682,340,76,40,462,300,813,250,813,2910,3108,280,687,0,0,1630,26188,134573,210,1617,990,1471,1070,4401,1500,7897,980,6170,1010,2873,16850,450447,16850,71922,50,151,390,190,5580,4246,400,151,320,157,1730,1311,1470,186,2390,2233,60,45,2770,5407,670,1232,740,1386,2330,389,22120,105714,5030,11241,4260,9760,4000,5776,1620,1268,270,102,14540,67588,16560,74041,50,68,60,231,3430,8717,19020,39977
TX,78742,0,330,160,80,90,180,750,350,20,20,0,10218,330,10301,260,7541,40,8,0,0,0,0,0,0,80,839,0,0,0,0,40,668,0,0,0,30,228,0,0,80,83,0,0,0,0,0,0,0,0,0,0,0,0,0,0,0,0,0,0,0,0,0,0,0,0,0,0,0,0,0,220,5053,220,737,0,0,0,0,100,72,0,0,0,0,0,0,20,2,70,55,0,0,60,126,0,0,0,0,30,5,300,1467,100,284,80,238,100,170,0,0,0,0,160,663,230,808,0,0,0,0,50,108,270,775
TX,78744,0,20070,9660,5160,4970,8050,43740,19320,1830,1750,80,679156,20070,685659,18090,588868,1480,1522,620,1301,520,742,70,226,3400,38618,520,4108,370,3732,1530,23942,0,540,2277,720,6564,160,7858,4810,6503,250,60,20,312,120,302,140,411,1600,1578,160,309,0,0,1680,28360,138931,90,1794,1090,1507,1310,4027,1580,7539,1260,7551,1000,2984,14220,361429,14240,60023,30,133,340,170,6550,6146,120,11,610,307,1180,994,1620,236,4290,4364,120,85,2920,5582,600,1604,670,1746,2440,459,19450,102767,6180,16510,5410,14170,5890,8507,1170,929,230,99,11130,53820,13890,60774,40,305,40,200,2760,5866,17090,47007
TX,78745,0,31220,19340,7780,3580,9720,51280,13310,1630,1490,140,1489522,31220,1510640,27220,1168381,6560,5216,3890,14444,3560,10047,180,215,5700,75491,3520,38754,1660,18745,4240,101682,80,930,4502,2620,30974,1110,32810,9790,21118,910,228,130,1451,890,3173,550,1964,4380,4795,400,883,20,173,5690,91961,478657,200,1055,4190,6120,4960,21781,5530,29796,4500,28895,4030,11483,25770,1023392,25690,169253,140,583,600,383,8350,8615,1110,813,1160,611,1970,1790,1830,277,3790,4152,460,432,4670,11860,1090,2487,1200,2748,2550,499,30090,204336,5100,9745,4090,8194,3190,4159,1520,1204,470,215,23550,160173,25570,174296,150,185,220,728,6520,22489,23850,49934
TX,78746,0,13230,6100,6290,650,7620,26790,8610,30,30,0,5429885,13230,5505543,9910,1689220,7690,152256,7210,220790,6900,161370,290,1944,3680,177131,7260,1288725,1670,50202,2120,74769,180,220,1198,1970,40020,3810,529668,5460,75658,230,56,780,26118,1640,14910,420,2574,830,951,130,380,280,8061,7070,408698,4730157,520,28439,5980,19029,6330,108671,6940,157610,4740,74628,6280,131168,11730,4748803,11430,1265527,2230,21159,120,122,5300,29221,3520,21820,600,346,560,595,200,31,670,795,260,304,3530,30160,170,449,210,570,290,163,12150,1520428,440,581,300,392,240,310,430,401,90,41,11130,1288221,11630,1352137,2520,7937,3080,40116,4630,104025,6400,113347
TX,78747,0,8590,4160,2840,1390,3240,17270,6250,430,400,20,464075,8590,469565,7460,345172,1600,2647,980,8807,910,6890,40,35,1520,21284,980,14302,540,10166,1270,35377,40,240,1126,860,13647,310,10636,2480,5490,230,58,30,500,170,822,120,427,1000,1036,100,202,0,0,2370,44978,216973,70,281,1760,3000,2150,9321,2330,13157,1980,14048,1630,6074,6970,309188,6950,52239,70,376,120,77,3010,3829,290,222,390,209,600,568,550,89,1740,2079,130,192,1210,3266,200,570,220,656,730,178,8290,65901,1700,3982,1410,3360,1420,2047,530,427,70,27,6000,48411,6750,52730,70,71,130,432,1660,6397,6660,18431
TX,78748,0,24030,12960,7910,2740,7290,43440,12690,720,680,40,1413436,24030,1431832,21370,1139788,5690,4029,3380,9520,3090,6662,180,170,4360,60920,3190,28227,1360,20082,3430,86116,80,820,4283,1860,24603,1000,33540,8030,18396,950,233,100,1522,670,2854,490,1841,3680,4005,350,759,20,112,7100,124334,674793,240,1147,5210,8888,6470,31087,6960,42023,6150,43573,5170,16096,20580,998497,20520,169271,190,492,420,291,7770,9570,900,608,1540,848,1870,1857,1290,186,4060,5061,390,372,3510,9437,660,1682,760,1914,1580,364,23200,197643,3330,6640,2670,5519,2070,2611,1450,1203,280,144,18960,159700,20240,171973,200,167,220,655,5310,20115,18100,43298
TX,78749,0,17460,8680,7150,1370,5670,32880,9310,230,180,50,1429311,17460,1450624,15220,1095282,6280,5722,4580,19226,4270,13243,210,209,3380,68478,4350,52471,1410,22525,2910,88702,60,530,2783,1860,27561,1230,48365,6040,21313,710,177,190,3639,750,3814,460,2071,2370,2583,290,626,40,304,6660,129127,811486,240,1355,5270,10242,6080,35727,6570,48252,5570,40633,5380,20535,15500,1092975,15400,204543,370,1108,270,234,6090,7133,1530,897,1280,656,1210,1309,620,99,2710,3468,430,310,2750,10191,400,1147,480,1300,650,198,16820,218464,1310,2225,980,1763,770,916,940,818,180,139,14710,197410,15350,210798,440,457,470,1367,4740,24903,12030,29654
TX,78750,0,13730,6370,5880,1290,4870,26730,8170,120,90,30,1345907,13730,1367470,11600,937503,5370,7482,4520,30543,4260,21954,160,201,2730,63601,4320,96808,1480,29420,2420,71787,50,450,2548,1770,31464,1330,75944,4360,21563,340,82,230,5247,630,3977,380,2102,1340,1492,190,418,50,830,5290,131803,882965,220,1358,4290,9855,4870,38759,5210,50668,4030,33266,4380,32076,11780,1055964,11680,220963,780,2159,170,108,4840,6801,1670,2337,850,431,900,1006,550,85,1700,2082,260,219,2200,9234,310,900,340,930,610,141,13070,231340,1320,2611,1050,2189,820,1018,740,666,140,112,11030,214999,11660,228320,860,999,890,2938,3900,28355,8980,24841
TX,78751,0,8240,6420,1450,280,2060,10630,1390,170,150,20,505976,8240,515688,7450,384335,2150,1677,1820,9754,1720,7218,90,114,1610,27362,1660,26188,320,4560,620,14024,0,190,822,310,4440,470,20195,3270,9712,200,46,80,1912,360,1422,160,629,1550,1775,260,712,20,88,1550,38093,231583,120,927,1160,2198,1320,10787,1510,14153,1140,10231,1140,4732,7100,385899,7040,75896,140,543,180,87,2180,1925,660,243,220,123,850,695,350,46,350,383,60,28,1400,4151,300,470,340,519,450,76,7920,84321,750,622,520,468,160,176,400,320,130,60,6680,74282,7040,79902,190,245,210,1185,2080,9004,5880,10777
TX,78752,0,8670,5180,1810,1580,3240,16400,6170,550,510,30,321572,8670,325548,7670,260616,1080,520,730,2594,690,1776,30,23,1610,16577,610,4856,260,2759,670,12711,0,220,892,360,4289,150,4240,2540,3976,150,35,0,0,130,317,90,265,1050,1116,120,286,0,0,820,13314,78396,40,107,600,844,640,2969,790,4123,590,3676,570,2109,6350,196686,6330,32698,0,0,170,72,2280,1941,190,23,200,91,540,428,550,74,1150,1097,50,20,1350,2625,290,639,330,690,820,140,8330,45759,1950,4454,1620,3772,1960,2870,460,368,120,47,5380,30658,6340,33928,0,0,20,133,1520,3414,6970,15676
TX,78753,0,24300,12380,6440,5150,10480,50670,20790,1440,1330,100,878183,24300,887924,21440,726324,2900,2159,1570,5255,1440,3691,80,69,4490,47515,1480,11999,800,10184,2200,46172,50,690,3208,1220,14884,430,12709,6340,9741,400,104,20,165,240,873,250,905,2060,2119,220,445,0,0,2680,43405,192631,80,288,1950,2841,2100,8137,2560,11719,1910,10953,1810,7905,17400,497288,17410,75556,50,105,470,261,7210,6773,380,249,630,323,1510,1321,1570,240,4220,4142,200,128,3680,7498,860,2248,920,2488,2520,471,23420,118661,6310,16382,5450,13962,6370,9618,1460,1195,310,121,14170,68781,17200,77580,30,23,50,172,4050,10338,19840,51071
TX,78754,0,9690,4920,3070,1560,3610,19330,6910,340,300,40,472738,9690,477924,8720,406473,1570,919,870,1645,800,1153,50,41,1760,17653,870,6171,360,3876,1070,22727,20,340,1581,500,6006,260,7270,2950,5186,270,68,0,0,110,356,170,661,1210,1288,110,206,0,0,2120,36344,166136,80,248,1490,2394,1820,7275,2060,10275,1760,11274,1410,5104,7890,307413,7900,49026,30,71,190,144,3280,3901,190,73,510,280,760,740,630,86,1930,2309,100,109,1360,3052,340,863,370,978,700,158,9390,63814,1890,4423,1570,3692,1660,2339,630,529,130,66,6850,44763,7690,48565,20,6,40,83,1840,5321,7700,20310
TX,78756,0,4520,3050,1210,210,1510,6870,1330,90,70,20,412837,4520,421764,3860,286818,1660,2934,1430,10218,1350,7407,60,82,1110,26823,1350,30264,330,4431,540,13225,20,120,595,320,4487,470,30233,1910,8927,100,24,110,1990,330,1563,120,569,750,851,80,185,0,0,1480,36346,264284,80,690,1210,2599,1340,12353,1460,15894,1130,11393,1210,5558,3990,332279,3960,70328,230,795,70,49,1370,2074,560,390,200,111,300,268,200,26,270,280,70,55,990,4103,140,280,160,302,180,39,4350,75687,380,337,240,229,100,113,160,132,70,38,3820,68254,4030,74175,260,311,300,1151,1350,8654,2920,7602
TX,78757,0,11620,6840,3770,880,4100,19900,4900,290,220,70,880622,11620,895675,9760,631879,4300,4910,3220,14483,3000,10300,90,157,2520,48184,2970,52953,1010,13469,1860,50623,70,290,1377,1260,17652,900,43376,4170,15053,350,84,180,2538,620,3084,310,1321,1660,1831,180,429,40,284,4020,78808,521313,130,807,3130,5696,3700,24789,3960,31722,3230,25928,3100,10483,10090,673084,10000,129369,200,638,210,131,3500,3465,1080,502,690,364,640,575,430,69,1270,1418,230,116,2150,7590,340,722,390,800,540,113,11120,141833,1050,1746,820,1471,730,1076,460,359,160,93,9490,126290,9980,135797,240,263,310,1410,3150,16437,7880,19448
TX,78758,0,22500,13130,5400,3690,8580,42090,14880,840,770,60,980790,22500,992949,20160,802623,3500,3214,2250,6163,2060,4108,130,112,3690,42427,2010,22414,870,11628,2100,46264,50,730,3221,1190,15100,540,21484,6270,12159,410,101,40,625,370,1377,330,1215,2590,2726,240,450,0,0,2750,46305,254081,150,743,1960,2996,2150,9047,2620,13224,1890,11149,1930,9582,17380,640824,17360,108161,80,218,350,196,6170,5766,580,723,540,292,1450,1222,1280,178,3140,3029,240,140,2980,6713,590,1434,660,1616,2000,375,21770,141818,4490,10640,3820,9065,4420,6678,1230,959,220,101,15060,102392,17000,110835,100,109,120,588,3970,12922,18060,42241
TX,78759,0,22100,12650,7850,1260,7550,37970,9110,230,170,60,2048509,22100,2082863,18650,1404256,8540,16456,7170,53050,6760,38315,260,379,4220,97567,6820,126444,2280,41810,3690,108346,100,630,3271,2770,47764,1980,128771,7610,34354,580,139,380,7017,1050,6324,620,3195,2880,3245,310,740,90,927,7220,169847,1223532,340,2340,5910,12952,6340,50880,7090,67337,5150,42938,6070,31913,19650,1633370,19480,340617,950,3274,320,240,7160,8985,2790,3045,1190,613,1400,1403,840,128,2060,2378,370,348,3500,14373,480,1196,580,1375,1010,238,21100,372080,1520,2305,1180,1862,780,892,1020,878,230,135,18720,332872,19480,353023,1070,1226,1200,4115,6370,36564,14360,43895
TX,78801,0,8450,3500,2800,2070,5130,18030,7280,280,280,0,368453,8450,373470,7370,269449,1220,2241,590,3837,530,2762,0,0,1770,16617,510,6541,370,4684,1060,20507,220,320,1298,650,7139,270,11436,2150,5017,310,80,30,376,170,871,90,455,470,495,80,185,0,0,1280,27804,136261,20,67,1000,1663,850,3362,1200,5500,650,4049,840,5059,5660,224737,5660,42213,40,91,70,40,2420,2609,130,31,230,122,410,388,520,89,1570,1826,110,39,1340,3628,190,591,180,604,1100,223,8170,60750,3140,9186,2820,7963,2170,2955,460,356,80,36,4790,39763,6050,44421,40,40,70,597,1130,6145,7110,23776
TX,78827,0,590,220,150,200,300,1220,500,30,30,0,21323,590,21419,530,18204,30,4,0,0,0,0,0,0,110,238,0,0,0,0,70,978,0,20,132,40,326,0,0,120,96,0,0,0,0,0,0,0,0,30,30,0,0,0,0,80,1892,5500,0,0,40,52,40,84,60,154,30,103,60,303,410,11279,410,1632,0,0,0,0,170,178,0,0,0,0,0,0,20,6,140,139,0,0,70,83,0,0,0,0,50,10,570,3242,200,588,190,514,140,183,20,13,0,0,350,1454,410,1593,0,0,0,0,70,101,510,1626
TX,78828,0,120,50,60,0,80,230,50,0,0,0,10247,120,10308,70,2690,40,76,0,0,0,0,0,0,40,56,0,0,0,0,30,688,30,0,0,30,334,0,0,40,61,0,0,0,0,0,0,0,0,0,0,0,0,0,0,0,0,0,0,0,0,0,0,0,0,0,0,0,0,0,80,8200,80,2274,0,0,0,0,20,18,0,0,0,0,0,0,0,0,0,0,0,0,30,40,0,0,0,0,0,0,110,2206,20,40,0,0,0,0,0,0,0,0,70,2246,100,2331,0,0,0,0,30,133,70,173
TX,78829,0,450,190,130,150,370,1020,450,0,0,0,21743,450,21845,400,10850,40,35,20,167,0,0,0,0,90,646,0,0,0,0,30,631,20,40,158,30,333,0,0,100,102,0,0,0,0,0,0,0,0,0,0,0,0,0,0,50,1118,5282,0,0,20,32,0,0,50,66,0,0,30,232,290,14055,290,3377,0,0,0,0,120,120,0,0,0,0,0,0,30,5,80,96,0,0,80,125,0,0,0,0,70,14,440,4566,200,620,190,529,150,180,0,0,0,0,220,3253,310,3662,0,0,0,0,50,313,390,1302
TX,78830,0,260,110,80,90,200,610,290,0,0,0,10261,260,10329,240,8310,0,0,0,0,0,0,0,0,40,206,0,0,0,0,20,230,0,0,0,0,0,0,0,50,68,0,0,0,0,0,0,0,0,0,0,0,0,0,0,40,960,3465,0,0,40,74,20,38,40,132,0,0,30,257,170,5669,170,951,0,0,0,0,80,127,0,0,0,0,0,0,0,0,60,79,0,0,40,42,0,0,0,0,40,8,250,1558,110,247,100,214,70,84,0,0,0,0,150,824,190,912,0,0,0,0,20,24,230,795
TX,78832,0,1270,510,570,180,560,2670,890,20,20,0,62862,1270,63389,970,39400,320,258,170,971,140,660,0,0,170,732,150,1347,130,1670,350,9930,50,50,193,270,2872,40,1291,250,527,40,11,0,0,0,0,0,0,70,54,0,0,0,0,160,3917,15240,0,0,140,241,130,349,150,676,80,435,130,667,940,40051,940,6669,0,0,0,0,370,387,40,2,0,0,60,59,90,14,230,292,0,0,120,245,0,0,0,0,130,25,1180,7773,310,751,270,650,190,255,50,38,0,0,820,6279,920,6717,0,0,0,0,240,778,930,2695
TX,78833,0,510,190,250,80,310,1120,380,0,0,0,20164,510,20504,360,12487,110,156,50,158,50,114,0,0,150,1724,50,130,40,643,120,2439,40,0,0,70,842,0,0,160,340,0,0,0,0,0,0,0,0,0,0,0,0,0,0,80,1586,6040,0,0,50,81,50,105,70,237,30,128,50,207,300,11433,300,1829,0,0,0,0,110,123,0,0,0,0,20,23,0,0,70,82,0,0,110,265,0,0,0,0,60,10,470,2856,170,480,150,387,110,164,0,0,0,0,250,1583,340,1954,0,0,0,0,90,255,390,1230
TX,78834,0,3530,1360,1060,1080,2110,7550,3200,180,180,0,200790,3530,202578,3160,127136,410,831,140,1201,120,999,0,0,640,5987,130,5011,90,953,420,7946,150,130,515,220,2455,80,7597,860,1788,140,34,0,0,60,301,40,197,190,180,0,0,0,0,470,10806,60685,0,0,330,556,260,651,400,1394,170,976,310,1789,2440,140331,2450,32201,50,82,40,29,1060,1235,30,9,100,64,150,133,170,33,780,933,50,20,540,1328,70,234,90,265,460,114,3400,37587,1230,3527,1110,3061,870,1114,160,128,30,7,2080,31149,2550,33829,20,27,60,1268,520,7557,2910,10034
TX,78838,0,240,110,110,20,160,430,100,0,0,0,18373,240,18688,180,8603,90,156,60,130,50,83,0,0,70,956,40,490,30,942,60,1553,20,0,0,40,734,30,1487,90,315,0,0,0,0,0,0,0,0,0,0,0,0,0,0,60,1384,9398,0,0,60,97,60,242,60,376,40,331,40,243,180,14134,180,2927,0,0,0,0,50,43,0,0,0,0,0,0,0,0,0,0,0,0,50,242,0,0,0,0,20,4,230,3034,30,74,30,59,20,25,0,0,0,0,160,2771,200,3092,0,0,0,0,70,681,150,349
TX,78839,0,3490,1360,900,1210,2360,7650,3470,0,0,0,131296,3490,132445,3120,95479,260,159,40,291,40,239,0,0,710,4718,40,608,90,764,400,6807,50,240,919,150,1274,20,2883,830,1149,110,33,0,0,0,0,0,0,150,150,0,0,0,0,270,6467,23942,0,0,230,330,150,342,250,737,100,465,160,878,2140,74984,2150,13838,0,0,40,26,1030,1228,0,0,110,61,150,150,190,34,750,872,60,28,580,880,80,229,90,241,580,99,3410,21060,1530,4497,1400,3892,1060,1330,150,119,30,28,1740,12684,2390,14233,0,0,0,0,380,2367,3040,10000
TX,78840,0,19300,7570,7500,4000,9990,43660,18000,2120,2120,0,838949,19300,846134,17080,673125,2760,2959,1240,6496,1110,4636,60,41,2790,27563,1180,17159,680,8161,2570,60499,230,1000,3085,1340,13579,310,13239,4150,7185,560,148,0,0,220,1002,160,658,1050,1066,150,346,0,0,2160,46627,213843,90,279,1570,2809,1560,5761,2000,9552,1420,9552,1290,6292,13510,503390,13520,81538,150,351,150,93,6600,10764,510,3180,610,355,1160,1111,1700,300,4210,5386,200,75,2400,4851,340,1254,370,1331,3240,727,18720,126074,6340,17994,5700,15865,4560,6064,1100,864,140,58,11400,70774,14000,77672,60,73,100,588,2250,8373,16630,54353
TX,78850,0,520,200,230,70,310,1100,360,0,0,0,41077,520,41753,420,20369,160,358,100,984,90,838,0,0,130,1167,100,7763,50,484,110,2508,90,0,0,80,911,50,1854,180,676,20,7,0,0,40,175,0,0,30,33,0,0,0,0,80,2064,19989,0,0,70,129,60,298,80,448,50,335,50,512,410,31272,410,6353,0,0,0,0,170,186,20,2,0,0,30,34,30,5,90,119,0,0,110,252,0,0,0,0,40,6,500,7090,120,315,100,256,70,102,20,17,0,0,370,6079,430,6693,0,0,0,0,110,480,380,1114
TX,78852,0,20070,7010,7730,5160,11040,49310,22700,1060,1060,0,727970,20070,733856,18020,616340,1340,947,370,956,300,458,40,25,3780,35230,360,6154,290,3043,1710,30332,120,1810,8014,700,5557,260,14991,4890,5886,850,228,0,0,80,421,100,394,930,829,120,221,0,0,2610,60007,208129,110,242,1810,3127,1540,5119,2300,9389,1320,7674,1370,3148,12450,364569,12460,57600,150,322,170,96,6490,10336,150,2099,660,405,1200,1170,1260,240,4520,5645,230,122,3280,5757,360,1299,380,1410,3750,878,19550,110150,8330,25128,7540,21379,6260,8672,1400,1162,160,62,9760,47261,13560,54519,50,64,70,201,1830,6892,17990,62115
TX,78861,0,5170,2250,2030,850,2830,10610,3800,160,20,140,278641,5170,282740,4360,183448,1280,2387,680,3278,620,2416,0,0,840,9655,650,14786,420,5866,1080,25328,500,120,500,710,7863,300,15437,1250,4099,180,44,0,0,200,1004,80,446,350,351,30,49,40,198,840,18265,100514,0,0,700,1403,700,2813,810,4383,550,4176,630,3253,3880,188414,3880,34370,40,167,50,28,1600,1803,180,17,180,103,300,352,370,57,970,1158,40,13,670,1970,120,328,120,339,440,90,4950,44960,1340,3531,1190,3205,940,1247,290,248,50,22,3360,32394,3780,35411,40,37,80,692,840,5905,4150,12678
TX,78870,0,360,140,160,60,260,790,270,0,0,0,17792,360,18234,290,10744,80,51,40,242,40,162,0,0,90,1460,40,216,0,0,60,1375,50,0,0,50,685,0,0,110,442,0,0,0,0,20,93,0,0,0,0,0,0,0,0,40,984,4568,0,0,40,67,30,79,40,179,0,0,30,250,270,11225,270,1831,0,0,0,0,110,104,0,0,0,0,0,0,20,3,60,74,0,0,80,286,0,0,0,0,60,9,340,2438,110,281,80,234,60,90,0,0,0,0,230,1724,280,2095,0,0,0,0,80,438,270,812
TX,78873,0,780,300,380,90,420,1490,410,0,0,0,38496,780,39226,510,17540,300,432,170,920,140,604,0,0,220,3668,130,2788,120,2557,230,5657,70,0,0,190,2553,70,1243,270,730,0,0,0,0,30,125,0,0,20,14,0,0,0,0,150,4605,15265,0,0,120,210,130,473,150,736,80,640,130,913,550,23928,540,3829,0,0,0,0,150,155,30,10,0,0,0,0,20,4,70,95,0,0,200,616,0,0,0,0,80,17,710,4805,160,420,130,320,110,125,0,0,0,0,490,3674,600,4391,0,0,0,0,220,972,500,1232
TX,78877,0,340,110,170,70,210,810,300,0,0,0,13719,340,13796,300,11488,40,6,0,0,0,0,0,0,70,161,0,0,0,0,50,861,40,0,0,30,249,0,0,80,77,0,0,0,0,0,0,0,0,0,0,0,0,0,0,50,956,2868,0,0,30,40,20,36,40,95,0,0,0,0,230,7582,230,1171,0,0,0,0,100,131,0,0,0,0,0,0,0,0,70,95,0,0,60,80,0,0,0,0,40,8,320,1927,100,298,90,244,80,106,0,0,0,0,200,1005,250,1153,0,0,0,0,40,40,280,943
TX,78879,0,110,50,50,0,70,190,40,0,0,0,6698,110,6756,60,1762,50,29,20,57,20,46,0,0,30,314,20,22,0,0,40,941,0,0,0,30,420,0,0,30,58,0,0,0,0,0,0,0,0,0,0,0,0,0,0,30,640,3562,0,0,20,31,0,0,30,155,0,0,20,77,80,4586,80,865,0,0,0,0,0,0,0,0,0,0,0,0,0,0,0,0,0,0,20,80,0,0,0,0,0,0,90,757,0,0,0,0,0,0,0,0,0,0,70,854,90,980,0,0,0,0,30,90,50,94
TX,78880,0,620,240,290,110,440,1340,430,0,0,0,35814,620,36423,490,18110,150,187,90,356,70,286,0,0,160,2012,80,1607,40,588,130,3462,90,0,0,100,1160,40,1482,200,609,0,0,0,0,20,136,0,0,20,18,0,0,0,0,120,2525,10253,0,0,100,141,50,110,110,327,30,176,80,453,430,24493,420,3793,0,0,0,0,180,192,0,0,0,0,20,20,30,7,100,135,0,0,150,526,0,0,0,0,90,21,580,4111,170,453,140,390,110,138,20,18,0,0,390,3601,480,5122,0,0,0,0,160,1596,440,1350
TX,78881,0,950,390,340,220,440,2000,780,0,0,0,44352,950,44912,770,27939,180,143,100,935,80,799,0,0,210,1399,90,3254,50,229,160,3417,90,20,83,110,1268,40,1696,270,560,30,8,0,0,30,81,0,0,50,42,0,0,0,0,150,3314,16428,0,0,120,267,100,297,140,600,70,429,120,592,670,27789,660,4549,0,0,0,0,300,356,20,5,30,12,60,73,60,10,180,214,0,0,180,491,0,0,0,0,100,17,890,6051,300,819,260,685,200,280,70,67,0,0,550,4185,680,4857,0,0,0,0,180,1039,740,2433
TX,78883,0,130,50,70,0,70,230,40,0,0,0,9112,130,9164,90,4648,50,20,30,249,30,160,0,0,30,176,30,163,0,0,30,1083,20,0,0,30,449,0,0,30,52,0,0,0,0,0,0,0,0,0,0,0,0,0,0,0,0,0,0,0,0,0,0,0,20,103,0,0,0,0,100,6921,100,1339,0,0,0,0,0,0,0,0,0,0,0,0,0,0,0,0,0,0,20,36,0,0,0,0,0,0,120,1237,0,0,0,0,0,0,0,0,0,0,100,1295,110,1413,0,0,0,0,30,197,80,214
TX,78884,0,510,190,300,30,320,1000,210,0,0,0,33948,510,34704,330,13624,210,675,140,662,120,452,0,0,180,2911,120,3582,60,895,160,3871,80,0,0,130,1483,40,1555,200,756,0,0,0,0,40,238,0,0,30,25,0,0,0,0,110,2421,12019,0,0,110,158,80,302,110,533,60,519,80,540,370,24789,370,4765,0,0,0,0,120,111,30,6,0,0,0,0,0,0,50,66,0,0,150,529,0,0,0,0,40,11,470,5364,90,162,50,112,40,52,0,0,0,0,350,4620,410,5361,0,0,0,0,160,820,310,828
TX,78886,0,280,110,120,30,170,540,150,0,0,0,17583,280,17813,230,8935,60,44,20,398,0,0,0,0,40,413,20,2286,0,0,50,1084,50,0,0,40,408,0,0,80,230,0,0,0,0,0,0,0,0,0,0,0,0,0,0,30,627,4009,0,0,0,0,0,0,20,112,0,0,0,0,210,12173,210,2117,0,0,0,0,60,62,0,0,0,0,0,0,0,0,40,35,0,0,50,112,0,0,0,0,30,4,260,2456,50,136,50,109,30,48,0,0,0,0,180,2049,220,2378,0,0,0,0,50,276,210,512
TX,78931,0,140,70,60,0,90,240,60,0,0,0,7463,140,7490,100,4418,70,40,40,129,40,118,0,0,0,0,30,452,0,0,30,653,40,0,0,30,397,0,0,30,27,0,0,0,0,0,0,0,0,0,0,0,0,0,0,20,402,2102,0,0,0,0,0,0,20,106,0,0,0,0,100,5186,100,716,0,0,0,0,30,34,0,0,0,0,0,0,0,0,0,0,0,0,0,0,0,0,0,0,0,0,120,848,0,0,0,0,0,0,0,0,0,0,100,674,100,717,0,0,0,0,20,59,80,207
TX,78932,0,370,140,190,0,230,720,150,0,0,0,33822,370,34205,260,15157,190,254,140,805,130,667,0,0,70,940,100,8852,70,2473,120,2673,90,0,0,100,1487,30,1096,120,383,0,0,0,0,0,0,0,0,0,0,0,0,0,0,80,2086,17115,0,0,70,129,70,427,80,655,50,462,70,281,310,26709,300,5042,0,0,0,0,100,139,20,15,0,0,0,0,0,0,40,64,0,0,80,199,0,0,0,0,0,0,340,6177,30,70,20,52,20,34,0,0,0,0,290,4886,320,5224,0,0,0,0,110,752,220,1085
TX,78933,0,680,270,360,40,430,1320,330,0,0,0,60994,680,62082,500,36945,330,838,210,1921,190,1481,0,0,170,4797,210,3804,100,2655,180,3695,180,0,0,150,2428,70,2917,220,1088,0,0,0,0,60,333,0,0,20,17,0,0,0,0,180,4728,31116,0,0,160,383,160,703,180,1251,120,1329,130,900,550,46316,550,9119,20,85,0,0,180,212,50,23,0,0,30,28,0,0,80,115,0,0,170,638,0,0,0,0,30,7,620,10743,70,140,60,104,40,55,20,19,0,0,520,8907,560,9732,20,29,40,69,190,1304,420,1372
TX,78934,0,3170,1390,1330,430,1900,6310,2040,0,0,0,201068,3170,204976,2580,121221,1150,2015,700,4864,630,4172,0,0,630,10703,600,13854,380,6796,670,13953,330,60,328,540,7180,210,16339,880,3908,80,25,0,0,180,1110,80,556,160,163,30,46,0,0,530,11793,70582,0,0,440,913,460,1946,520,3105,330,2433,400,2831,2420,145640,2400,28362,50,184,40,25,900,946,180,87,90,46,140,169,160,32,470,556,40,12,590,1883,60,211,70,237,240,42,2980,40231,600,1556,510,1393,450,617,140,133,30,15,2180,27243,2430,29807,40,84,80,345,680,4321,2320,6775
TX,78935,0,400,140,200,50,220,820,250,0,0,0,29497,400,29945,330,20007,140,129,70,342,70,306,0,0,70,1402,70,852,40,946,80,1388,60,0,0,50,861,20,633,110,448,0,0,0,0,0,0,0,0,0,0,0,0,0,0,70,2356,13478,0,0,70,199,70,400,70,619,60,617,70,381,310,21772,300,4378,0,0,0,0,100,93,20,2,0,0,0,0,0,0,50,57,0,0,80,254,0,0,0,0,20,3,390,5761,70,194,60,173,50,65,0,0,0,0,270,4278,310,4647,0,0,0,0,90,374,270,883
TX,78938,0,180,60,80,20,120,360,110,0,0,0,9277,180,9299,150,6126,40,44,0,0,0,0,0,0,0,0,0,0,0,0,30,400,30,0,0,20,301,0,0,30,22,0,0,0,0,0,0,0,0,0,0,0,0,0,0,0,0,0,0,0,0,0,0,0,0,0,0,0,0,0,140,6311,130,1071,0,0,0,0,40,53,0,0,0,0,0,0,0,0,30,45,0,0,0,0,0,0,0,0,20,4,170,1089,40,80,30,70,20,25,0,0,0,0,110,1015,130,773,0,0,0,0,0,0,140,399
TX,78940,0,950,400,500,50,620,1730,360,0,0,0,61088,950,62419,660,35419,560,1254,420,2645,400,1837,0,0,260,3731,270,2802,180,2663,260,5598,290,0,0,230,3248,90,1835,340,1331,0,0,0,0,100,511,20,115,40,39,0,0,0,0,160,4513,21367,0,0,150,306,150,605,160,1022,100,755,130,908,750,43840,740,7642,0,0,0,0,220,378,60,128,30,11,40,41,30,7,120,157,0,0,240,681,0,0,0,0,50,10,840,9082,90,176,70,133,60,57,30,24,0,0,690,6985,780,7876,0,0,20,107,240,1217,600,1631
TX,78941,0,1330,560,600,140,920,2690,880,0,0,0,96676,1330,97470,1080,47845,520,721,230,2227,230,1233,0,0,260,2812,220,3019,130,2234,270,6746,280,0,0,230,3520,110,6385,350,794,30,9,0,0,40,209,0,0,60,64,0,0,0,0,220,5366,31757,0,0,200,386,180,845,220,1373,130,1105,170,1426,1060,72491,1060,14963,30,62,0,0,360,416,60,7,30,19,60,60,70,13,220,283,0,0,210,497,20,49,20,54,130,30,1250,16255,210,529,190,463,170,224,60,52,0,0,960,14473,1070,15391,0,0,60,349,310,3873,940,3925
TX,78942,0,4190,1810,1710,650,2620,8890,3310,20,20,0,256558,4190,259791,3550,168646,1370,2618,610,3473,590,2800,0,0,740,11423,670,16194,330,3765,700,14261,600,100,426,530,7040,220,9738,1020,3233,90,26,0,0,150,860,90,488,230,214,20,47,0,0,800,18742,88197,0,0,670,1266,630,2607,770,4078,430,2916,630,4885,3260,178688,3230,34303,70,245,30,12,1310,1485,160,16,190,101,230,231,210,30,830,1050,40,10,650,1895,50,142,60,158,340,88,3990,41931,760,1968,660,1755,640,918,210,182,0,0,2870,33112,3170,35969,40,38,70,914,790,4977,3240,10047
TX,78943,0,150,70,50,30,90,350,160,0,0,0,5153,150,5173,130,4430,0,0,0,0,0,0,0,0,30,170,0,0,0,0,0,0,0,0,0,0,0,0,0,30,20,0,0,0,0,0,0,0,0,0,0,0,0,0,0,0,0,0,0,0,0,0,0,0,0,0,0,0,0,0,90,2747,90,386,0,0,0,0,30,35,0,0,0,0,0,0,0,0,0,0,0,0,20,24,0,0,0,0,0,0,150,706,40,106,30,98,40,64,0,0,0,0,70,342,100,395,0,0,0,0,0,0,120,350
TX,78944,0,330,150,140,30,200,620,180,0,0,0,23256,330,23900,260,12332,160,226,80,586,70,498,0,0,80,1070,60,616,40,582,60,1372,60,0,0,50,750,30,1238,100,644,0,0,0,0,20,165,0,0,0,0,0,0,0,0,60,1641,10631,0,0,60,126,50,227,60,390,30,234,50,365,260,17175,270,3579,0,0,0,0,100,97,0,0,0,0,0,0,0,0,40,62,0,0,70,241,0,0,0,0,0,0,300,3573,50,132,40,99,40,49,0,0,0,0,230,2963,250,3347,0,0,0,0,60,420,220,564
TX,78945,0,4700,1930,2190,550,2930,9400,2840,0,0,0,329847,4700,334767,3690,192758,2010,4421,1730,7564,1650,5502,0,0,970,15059,1070,28962,630,10423,1070,28144,590,70,352,910,12754,440,14430,1370,4920,130,32,20,364,310,1618,120,683,240,233,0,0,40,303,900,22931,132195,30,595,750,1497,760,2936,860,5713,510,4121,700,4772,3740,240769,3720,46110,70,384,30,17,1450,1640,300,62,220,118,250,286,230,42,750,977,60,26,850,2396,70,191,70,207,310,80,4440,53989,710,1746,620,1554,540,721,220,210,30,8,3380,44293,3710,48167,50,96,130,956,1100,5883,3300,10114
TX,78946,0,450,180,200,70,290,940,320,0,0,0,24907,450,25131,350,15858,180,233,130,325,110,240,0,0,90,744,90,1044,40,689,90,1844,100,0,0,90,992,30,418,100,224,0,0,0,0,0,0,0,0,20,20,0,0,0,0,80,1837,8506,0,0,70,112,70,258,80,378,40,272,60,356,370,16593,360,2778,0,0,0,0,130,157,0,0,0,0,30,24,20,3,80,109,0,0,60,162,0,0,0,0,30,7,410,3380,90,207,70,189,60,82,20,19,0,0,330,2617,360,2560,0,0,0,0,120,455,310,942
TX,78947,0,1970,740,980,220,1050,4050,1210,0,0,0,118676,1970,120374,1580,82945,700,469,320,930,300,627,0,0,420,6440,350,3031,190,3646,490,11615,450,70,313,350,4085,80,1941,550,1698,60,16,0,0,70,416,40,192,120,141,0,0,0,0,380,7320,38633,0,0,340,594,350,1247,380,1904,270,1974,310,1279,1570,82955,1540,14549,0,0,0,0,580,752,70,8,60,35,100,100,90,13,360,537,20,7,350,1002,20,80,20,69,130,37,1830,17562,330,697,260,608,200,252,80,78,0,0,1420,13718,1560,14937,0,0,20,38,430,1911,1440,4286
TX,78948,0,390,160,190,40,240,760,210,0,0,0,24400,390,24643,290,13886,170,106,70,149,70,106,0,0,70,385,80,352,30,343,80,1866,110,0,0,80,942,30,87,120,243,0,0,0,0,0,0,0,0,0,0,0,0,0,0,80,1683,9441,0,0,60,99,50,201,70,310,40,261,60,397,320,17115,320,2970,0,0,0,0,100,153,0,0,0,0,0,0,0,0,60,78,0,0,70,185,0,0,0,0,0,0,360,3284,60,125,50,109,30,36,0,0,0,0,290,2713,310,3058,0,0,0,0,90,489,260,681
TX,78949,0,220,90,120,0,150,400,70,0,0,0,15333,220,15398,150,7597,110,156,100,733,90,547,0,0,30,106,60,1011,40,438,70,1484,60,0,0,60,908,0,0,50,65,0,0,0,0,0,0,0,0,0,0,0,0,0,0,60,1821,7344,0,0,40,81,40,156,60,283,30,202,40,240,170,10770,160,1877,0,0,0,0,60,39,0,0,0,0,0,0,0,0,0,0,0,0,20,15,0,0,0,0,0,0,200,2322,30,54,20,48,0,0,0,0,0,0,150,1832,170,1923,0,0,0,0,60,252,120,361
TX,78950,0,940,390,510,60,600,1780,410,0,0,0,86317,940,88288,680,43877,510,1282,300,2290,270,1813,0,0,260,4986,280,8151,170,3297,250,5508,250,0,0,230,3401,100,10038,320,1971,0,0,0,0,90,482,40,226,40,34,0,0,0,0,250,5925,40970,0,0,200,371,200,1021,250,1544,130,1214,180,1753,750,68277,740,14956,0,0,0,0,250,426,80,158,20,15,40,50,40,7,90,134,0,0,240,890,0,0,0,0,50,12,860,17670,90,203,70,165,50,67,40,37,0,0,700,14402,770,15807,30,53,40,205,270,1759,570,1649
TX,78953,0,510,200,240,50,300,1010,290,0,0,0,27585,510,27868,380,17403,180,277,90,198,80,141,0,0,110,1247,100,505,60,1005,140,3525,130,0,0,110,1205,40,-76,150,283,0,0,0,0,0,0,0,0,30,19,0,0,0,0,120,2122,8548,0,0,110,148,90,311,110,463,70,522,90,262,390,18594,380,2781,0,0,0,0,150,179,20,1,0,0,20,33,30,4,80,109,0,0,110,255,0,0,0,0,30,5,470,3649,70,167,60,143,50,55,0,0,0,0,350,2603,400,2944,0,0,0,0,130,423,350,927
TX,78954,0,560,250,280,30,390,1010,200,0,0,0,52636,560,53838,360,22898,330,765,350,3075,330,2684,0,0,160,2963,210,8048,120,3318,200,4239,130,0,0,160,2478,60,2410,200,1202,0,0,0,0,50,259,0,0,0,0,0,0,0,0,180,4393,28427,0,0,150,324,150,836,180,1253,100,937,140,1043,460,41563,450,8227,20,114,0,0,150,136,60,15,0,0,0,0,0,0,50,67,0,0,140,480,0,0,0,0,20,4,510,8690,40,78,30,68,20,30,0,0,0,0,430,8067,470,8868,0,0,40,228,190,1586,300,867
TX,78956,0,2440,1060,1070,300,1790,4740,1470,0,0,0,165187,2440,167763,1930,89031,980,2134,810,4973,760,2752,0,0,480,6769,500,9016,320,4795,510,11532,480,30,127,440,6228,180,10044,720,2576,60,15,0,0,140,687,80,531,120,138,0,0,0,0,340,7788,44839,0,0,310,577,300,1140,340,1798,210,1493,260,2316,1920,121599,1900,23663,30,142,30,17,730,788,150,10,100,61,140,149,130,26,370,474,0,0,470,1152,40,122,50,151,170,35,2290,28928,380,1025,340,912,300,418,130,109,0,0,1710,23335,1900,24953,0,0,60,401,510,4366,1780,5517
TX,78957,0,3910,1740,1610,510,1780,7660,2330,30,30,0,207020,3910,209301,3140,141203,1160,1487,590,2703,550,1825,0,0,720,8541,610,6100,400,6176,940,22586,290,110,430,680,8505,220,3957,1000,2281,100,28,0,0,110,531,70,205,250,258,0,0,0,0,740,15181,71379,20,96,600,1069,660,2867,720,4162,510,3681,550,2471,3020,139256,3000,23425,30,64,40,20,1040,1105,140,18,120,61,160,189,210,34,600,736,60,23,610,1422,90,273,100,288,280,59,3710,29799,770,1842,640,1596,510,668,170,146,50,18,2740,22308,3040,24189,30,30,40,143,760,3389,2970,8162
TX,78959,0,860,350,280,220,550,1760,640,0,0,0,42584,860,42803,710,23728,150,209,50,149,40,70,0,0,110,648,60,500,60,472,120,3463,100,0,0,110,1491,0,0,130,219,0,0,0,0,0,0,0,0,0,0,0,0,0,0,60,1281,5600,0,0,50,74,40,156,50,280,30,279,40,235,610,28589,610,5840,0,0,0,0,270,289,0,0,0,0,0,0,80,15,170,179,0,0,80,146,0,0,0,0,120,19,810,7114,260,664,240,607,200,234,0,0,0,0,500,5353,580,5731,0,0,0,0,140,887,680,2043
TX,78962,0,2100,860,980,240,1400,4140,1220,0,0,0,160710,2100,163529,1650,88562,790,1185,680,3868,640,3065,0,0,450,8135,470,12461,280,4135,490,10246,380,30,176,360,5537,170,12380,650,2819,50,11,0,0,130,937,40,235,120,104,0,0,30,354,320,7606,57872,0,0,300,620,290,1322,320,2028,230,1675,250,1609,1630,123406,1610,25660,40,181,20,16,630,716,150,63,80,48,100,105,120,22,320,431,0,0,430,1239,40,126,40,144,130,24,1960,29797,340,818,290,674,230,288,100,85,0,0,1490,24920,1660,26882,30,37,60,585,450,3060,1510,4497
TX,78963,0,350,130,210,20,220,770,240,0,0,0,23456,350,23834,280,13521,140,121,170,316,160,151,0,0,70,776,70,208,40,486,90,1731,80,0,0,70,741,20,1335,110,378,0,0,0,0,0,0,0,0,0,0,0,0,0,0,60,1552,8178,0,0,50,92,60,145,60,260,40,308,50,174,290,16623,280,3034,0,0,0,0,110,152,0,0,0,0,0,0,0,0,70,109,0,0,70,205,0,0,0,0,20,7,320,3350,40,87,30,71,30,36,0,0,0,0,270,2854,290,3178,0,0,0,0,100,600,230,692
TX,79001,0,130,50,60,0,80,240,70,0,0,0,6537,130,6652,80,3548,40,8,0,0,0,0,0,0,0,0,0,0,0,0,30,440,20,0,0,20,294,0,0,40,115,0,0,0,0,0,0,0,0,0,0,0,0,0,0,0,0,0,0,0,0,0,0,0,0,0,0,0,0,0,100,4308,100,673,0,0,0,0,40,37,0,0,0,0,0,0,0,0,0,0,0,0,30,68,0,0,0,0,0,0,100,544,20,63,0,0,0,0,0,0,0,0,90,627,110,742,0,0,0,0,40,280,70,182
TX,79005,0,740,270,360,110,540,1790,770,0,0,0,62911,740,63549,640,34968,170,380,70,1197,70,1094,0,0,140,1902,100,1224,40,284,80,1003,70,0,0,80,959,50,2359,210,638,0,0,0,0,20,150,0,0,40,25,0,0,20,31,140,4187,24755,20,135,100,183,90,202,140,520,50,227,100,1847,580,47474,580,10872,0,0,0,0,300,418,0,0,0,0,50,54,30,3,210,313,20,5,130,438,0,0,0,0,90,29,690,13521,90,230,70,195,120,176,50,43,0,0,500,10333,580,11107,0,0,40,254,160,1144,550,1890
TX,79007,0,5880,2380,2560,900,3260,12590,4600,0,0,0,356195,5880,358781,5130,262207,1420,1123,680,3537,630,2906,40,35,680,6289,550,19993,660,18531,1030,19586,30,170,660,740,9145,150,11941,1010,2586,150,40,0,0,60,428,50,241,280,273,60,108,0,0,790,17980,107207,70,250,590,1194,650,2127,770,3679,450,2376,580,4999,4530,250473,4510,44720,40,82,30,18,1870,2354,100,9,120,70,300,286,300,47,1330,1835,80,20,490,1444,60,180,60,199,750,201,5680,56506,1180,2911,1060,2635,890,1130,280,199,0,0,4050,42377,4440,44855,50,101,60,124,830,4285,4910,14852
TX,79009,0,880,310,340,220,460,2160,1010,0,0,0,31784,880,32028,810,27545,110,59,20,19,0,0,0,0,100,506,20,21,0,0,90,1264,30,0,0,60,588,0,0,150,244,0,0,0,0,0,0,0,0,30,15,0,0,0,0,50,970,3747,0,0,40,46,30,48,50,127,0,0,40,317,650,16005,650,2210,0,0,0,0,340,360,0,0,0,0,50,43,80,17,260,286,0,0,90,169,0,0,0,0,90,21,830,4023,270,657,230,608,260,433,50,35,0,0,490,1849,580,2094,0,0,0,0,120,391,730,2343
TX,79010,0,200,70,120,0,80,430,110,0,0,0,9488,200,9585,180,8225,40,8,0,0,0,0,0,0,30,-59,0,0,0,0,20,351,20,0,0,20,260,0,0,50,97,0,0,0,0,0,0,0,0,0,0,0,0,0,0,0,0,0,0,0,0,0,0,0,0,0,0,0,0,0,160,5917,160,790,0,0,0,0,70,82,0,0,0,0,0,0,30,9,30,54,0,0,0,0,0,0,0,0,0,0,190,1067,20,50,0,0,0,0,0,0,0,0,160,708,170,763,0,0,0,0,40,36,150,344
TX,79011,0,100,30,60,0,80,210,60,0,0,0,17215,100,17421,60,3176,40,255,20,85,20,68,0,0,30,127,20,605,0,0,0,0,50,0,0,20,301,0,0,40,206,0,0,0,0,0,0,0,0,0,0,0,0,0,0,0,0,0,0,0,0,0,0,0,0,0,0,0,0,0,80,15140,80,3911,0,0,0,0,20,33,0,0,0,0,0,0,0,0,0,0,0,0,30,132,0,0,0,0,0,0,90,4373,0,0,0,0,0,0,0,0,0,0,80,3872,90,4240,0,0,20,210,30,465,40,181
TX,79012,0,480,160,310,20,270,1190,450,0,0,0,46049,480,46756,430,33900,160,119,90,284,80,206,0,0,110,1845,80,590,40,516,90,2179,30,0,0,60,715,40,4239,180,707,30,8,0,0,20,137,0,0,40,39,0,0,0,0,230,5396,32885,0,0,190,409,220,1081,230,1526,200,1696,200,1402,410,34070,410,6510,0,0,0,0,190,260,0,0,20,10,40,42,0,0,120,181,0,0,90,376,0,0,0,0,0,0,470,7393,40,84,30,60,30,39,30,26,0,0,390,6245,410,6710,0,0,0,0,100,767,340,1098
TX,79013,0,1480,630,440,400,1180,3790,1950,0,0,0,43150,1480,43319,1430,41546,40,6,0,0,0,0,0,0,160,-22,0,0,0,0,40,339,0,0,0,0,0,0,0,120,169,0,0,0,0,0,0,0,0,0,0,0,0,0,0,120,2386,5178,0,0,60,60,40,40,80,132,0,0,0,0,1060,16536,1060,2071,0,0,0,0,610,566,0,0,0,0,100,93,70,13,440,436,20,6,90,173,0,0,0,0,170,37,1450,6124,550,1427,500,1322,560,908,130,109,0,0,690,1502,840,1775,0,0,0,0,80,191,1390,4592
TX,79014,0,1860,700,910,220,1320,4360,1740,0,0,0,226531,1860,229369,1550,85672,520,1548,370,2910,340,2113,0,0,390,6224,360,18178,130,1613,250,4441,200,0,0,230,3428,190,11220,550,2838,50,14,0,0,100,774,30,161,120,100,0,0,0,0,350,13488,99217,30,189,280,596,250,1045,350,1908,140,1021,260,7701,1540,184566,1530,46858,50,99,0,0,690,961,140,26,60,32,90,89,40,6,450,670,0,0,370,1288,0,0,0,0,190,55,1770,52212,230,599,200,536,270,361,70,62,0,0,1360,46473,1490,49992,20,14,130,2562,440,7903,1270,6627
TX,79015,0,8220,3590,3770,750,3750,16410,5230,30,0,30,573665,8220,582339,6990,369878,2130,5318,1360,7798,1290,4761,60,53,1700,21425,1290,27333,730,11722,1590,37115,420,120,544,1060,14126,680,45104,2700,8674,450,115,30,743,320,1878,160,861,900,889,230,477,60,532,2130,47172,296542,70,324,1780,3571,1940,7475,2090,11629,1610,11537,1770,15139,6590,418344,6550,78776,80,261,30,12,2950,3736,380,53,520,293,890,886,440,66,1520,2193,110,35,1340,4166,70,163,80,159,450,108,7810,86186,1130,2503,960,2185,750,985,810,714,40,22,5920,75880,6400,82007,120,158,160,1191,1750,14678,6040,16631
TX,79018,0,190,70,110,0,110,410,140,0,0,0,9791,190,9887,160,6413,30,25,0,0,0,0,0,0,20,61,0,0,0,0,30,379,30,0,0,30,242,0,0,50,96,0,0,0,0,0,0,0,0,0,0,0,0,0,0,20,490,1827,0,0,0,0,0,0,0,0,0,0,0,0,150,6100,150,786,0,0,0,0,60,56,0,0,0,0,0,0,0,0,30,37,0,0,20,19,0,0,0,0,0,0,170,979,40,110,30,96,30,51,0,0,0,0,130,728,130,800,0,0,0,0,30,142,140,388
TX,79019,0,740,270,420,60,430,1610,500,0,0,0,47825,740,48712,590,29836,260,333,130,711,100,555,0,0,160,1385,120,1137,70,834,170,3652,110,0,0,120,1556,70,1127,240,887,30,7,0,0,40,226,0,0,70,58,0,0,0,0,120,2552,15827,0,0,100,176,90,259,110,467,60,346,100,800,600,33368,590,5981,0,0,0,0,240,315,40,1,20,10,40,41,40,6,160,237,0,0,150,528,0,0,0,0,40,8,700,5917,110,246,80,194,80,103,40,28,0,0,550,5647,600,6318,0,0,0,0,180,1205,530,1486
TX,79022,0,4370,1730,1910,680,2630,9840,3910,0,0,0,291191,4370,299030,3800,157511,960,3705,460,5682,440,4482,20,49,740,17263,500,24283,240,2147,530,9664,260,50,184,430,5168,370,33069,1160,7839,110,27,0,0,260,1740,60,287,200,196,0,0,80,2691,690,19852,131481,40,729,580,1032,530,1993,670,3869,410,2645,540,6388,3430,206204,3410,42927,40,147,0,0,1530,1988,140,14,110,66,170,178,310,53,1080,1414,50,17,790,3764,50,136,50,144,460,132,4110,45710,830,1872,700,1619,810,1196,160,129,30,8,2900,41487,3270,45985,40,62,90,972,910,11328,3300,9238
TX,79024,0,180,80,100,0,120,380,120,0,0,0,10055,180,10213,150,7134,50,15,0,0,0,0,0,0,30,312,30,84,0,0,30,552,30,0,0,30,251,0,0,50,158,0,0,0,0,0,0,0,0,0,0,0,0,0,0,20,350,2158,0,0,0,0,0,0,20,92,0,0,0,0,140,6921,140,1075,0,0,0,0,60,67,0,0,0,0,0,0,0,0,30,46,0,0,30,90,0,0,0,0,0,0,170,1325,20,57,0,0,0,0,0,0,0,0,140,1005,150,1155,0,0,0,0,40,85,120,331
TX,79027,0,1900,630,750,490,1060,4590,2050,0,0,0,99177,1900,102023,1660,55835,340,1164,150,718,150,569,0,0,300,2350,140,1849,110,707,240,3832,150,30,132,190,2245,120,19477,400,2846,50,14,0,0,70,457,20,104,70,65,0,0,40,1277,160,3764,24305,0,0,140,190,100,360,140,614,60,307,120,1609,1320,64427,1320,10899,0,0,0,0,680,673,30,2,30,15,80,83,140,27,490,526,0,0,260,1268,30,80,30,77,320,64,1800,13350,610,1692,560,1512,590,913,80,76,0,0,970,10216,1230,15135,0,0,30,175,300,3589,1530,4946
TX,79029,0,7040,2670,3000,1290,4250,16280,6700,0,0,0,352878,7040,357281,6330,284794,1170,1835,700,2365,640,1591,30,18,860,11419,630,4733,500,7353,860,13660,160,110,472,610,7614,240,13251,1250,4403,180,50,0,0,140,960,60,314,320,312,40,81,40,467,900,19696,92554,50,126,670,1254,650,1691,860,3415,510,2893,580,5150,5450,222219,5430,37008,50,160,30,20,2600,2924,180,9,180,84,330,303,450,77,1860,2350,110,39,720,2709,50,171,60,182,740,195,6800,48830,1740,4575,1560,4160,1540,2280,340,249,0,0,4490,34080,5040,37531,70,84,80,129,1020,7247,5870,18263
TX,79031,0,500,170,240,100,280,1210,520,0,0,0,21597,500,21997,410,16024,110,71,40,38,40,32,0,0,90,818,30,268,30,210,60,837,50,0,0,60,533,30,500,150,400,0,0,0,0,0,0,0,0,0,0,0,0,0,0,30,540,2834,0,0,30,29,0,0,30,60,0,0,20,133,350,12794,350,1933,0,0,0,0,170,187,0,0,0,0,20,18,20,3,120,152,0,0,100,258,0,0,0,0,70,14,440,2480,130,384,120,326,130,196,0,0,0,0,280,1745,350,2052,0,0,0,0,110,560,350,1086
TX,79034,0,290,100,150,30,230,690,260,0,0,0,19752,290,20068,220,11550,100,83,40,50,30,38,0,0,70,987,70,643,20,77,50,1017,70,0,0,60,808,0,0,110,316,0,0,0,0,30,89,0,0,20,21,0,0,0,0,60,1464,6690,0,0,40,74,40,47,50,205,0,0,50,331,240,13468,240,2280,0,0,0,0,110,149,0,0,0,0,0,0,0,0,80,117,0,0,70,190,0,0,0,0,0,0,260,2355,30,69,30,53,40,54,0,0,0,0,210,2129,240,2388,0,0,0,0,90,493,170,467
TX,79035,0,2200,730,920,550,1250,5600,2640,0,0,0,94793,2200,96827,1930,70538,480,881,160,685,160,501,0,0,310,2404,200,3183,100,1045,240,4290,160,0,0,230,2727,130,2740,480,2034,60,15,0,0,80,459,30,117,80,90,0,0,50,627,220,5199,20336,0,0,190,264,150,374,230,725,100,466,190,1752,1630,52490,1630,7973,0,0,0,0,820,860,30,0,40,20,130,118,170,33,600,658,30,8,280,895,0,0,0,0,220,48,2040,11418,570,1483,500,1317,670,1184,120,88,0,0,1210,7086,1440,8189,0,0,0,0,390,2415,1730,5463
TX,79036,0,2080,800,1050,180,1030,4250,1230,0,0,0,127904,2080,128575,1700,97679,720,316,280,937,260,698,0,0,250,1111,250,598,330,9262,530,10542,50,40,203,370,4595,50,767,360,671,50,11,0,0,0,0,0,0,110,103,0,0,0,0,290,7214,28115,0,0,250,448,250,448,290,985,150,692,220,1448,1670,90109,1660,14943,0,0,0,0,560,754,40,4,30,16,80,84,70,12,370,577,40,9,170,298,0,0,0,0,160,44,1990,18747,280,606,250,524,150,188,90,61,0,0,1570,14189,1660,14893,0,0,0,0,360,1173,1640,4751
TX,79039,0,350,150,180,30,190,690,200,0,0,0,19739,350,20183,280,12611,140,51,40,59,30,42,0,0,70,-83,40,277,20,121,60,1137,70,0,0,50,650,40,1145,120,444,0,0,0,0,0,0,0,0,0,0,0,0,0,0,60,1253,5169,0,0,40,59,40,104,60,186,20,101,40,367,280,13535,270,2326,0,0,0,0,90,120,0,0,0,0,0,0,0,0,50,84,0,0,70,290,0,0,0,0,0,0,310,2460,50,98,40,88,30,40,0,0,0,0,240,2206,270,2525,0,0,0,0,80,693,250,659
TX,79040,0,780,270,440,70,560,1800,670,0,0,0,58165,780,59626,640,30345,320,453,100,478,100,381,0,0,190,1543,110,2477,30,393,100,1779,120,0,0,90,1185,90,6689,270,1461,40,11,0,0,60,367,0,0,50,51,0,0,30,192,130,3291,14942,0,0,90,153,80,168,130,501,40,214,90,908,610,42545,610,9332,0,0,0,0,260,311,0,0,0,0,50,48,40,8,190,239,0,0,190,913,0,0,0,0,60,12,700,7395,110,271,90,233,120,203,40,34,0,0,530,9019,590,10127,0,0,20,116,220,4437,520,1500
TX,79041,0,1150,410,460,250,600,2600,1040,0,0,0,45346,1150,46306,970,31664,200,175,110,325,90,190,0,0,170,1193,110,1145,80,572,170,2848,80,40,176,130,1413,60,829,270,960,30,10,0,0,30,213,0,0,60,66,0,0,50,129,100,2105,7266,0,0,80,115,60,144,90,271,40,178,60,527,800,25513,800,3747,0,0,0,0,390,386,0,0,20,11,50,44,110,18,260,291,0,0,170,463,0,0,0,0,150,28,1050,5535,410,1129,370,988,310,444,60,46,0,0,640,3328,800,3940,0,0,0,0,210,1116,890,2920
TX,79042,0,470,190,240,40,260,970,320,0,0,0,22579,470,22995,360,15352,130,67,50,98,50,66,0,0,120,638,40,130,40,539,70,1240,100,0,0,70,1026,20,102,160,416,0,0,0,0,30,115,0,0,30,24,0,0,0,0,80,1503,7095,0,0,60,107,60,114,80,254,40,216,60,345,350,14363,350,2118,0,0,0,0,130,145,0,0,0,0,0,0,20,5,70,107,0,0,100,286,0,0,0,0,30,7,400,2653,90,247,80,191,70,98,0,0,0,0,310,1972,360,2547,0,0,0,0,90,483,330,911
TX,79043,0,520,170,230,110,310,1230,530,0,0,0,24870,520,25492,450,14731,90,55,30,54,30,46,0,0,80,355,40,534,0,0,40,540,40,20,117,40,514,20,2598,140,622,0,0,0,0,0,0,0,0,30,31,0,0,0,0,30,582,4197,0,0,30,45,0,0,30,94,0,0,20,125,360,15879,370,2891,0,0,0,0,180,173,0,0,0,0,20,20,40,7,120,134,0,0,70,370,0,0,0,0,90,20,450,2371,150,367,130,328,120,205,0,0,0,0,300,2716,380,3222,0,0,0,0,110,1702,380,1093
TX,79044,0,280,100,130,40,220,790,400,0,0,0,15654,280,15859,240,10086,40,12,0,0,0,0,0,0,40,283,20,521,0,0,0,0,30,0,0,30,284,20,1425,70,205,0,0,0,0,0,0,0,0,0,0,0,0,0,0,40,824,5917,0,0,30,50,0,0,30,97,0,0,30,355,230,9803,230,1661,0,0,0,0,120,138,0,0,0,0,0,0,0,0,90,114,0,0,50,165,0,0,0,0,40,10,240,1602,30,75,30,62,70,138,0,0,0,0,170,1521,200,1760,0,0,0,0,70,538,190,494
TX,79045,0,7910,2860,2900,2100,4030,19440,9170,0,0,0,334555,7910,341040,7030,245951,1040,4274,640,3850,600,2879,0,0,1310,8106,610,10480,390,4924,830,14096,370,100,483,610,7630,400,34504,1700,6485,240,60,0,0,240,1363,200,863,300,258,50,101,80,1224,690,16056,82200,20,80,560,961,510,1680,660,2937,340,1838,560,5652,5510,191984,5490,32755,30,203,40,23,2870,3027,170,28,230,129,380,325,590,113,2050,2334,100,28,1030,2856,100,325,100,337,940,221,7550,43179,2410,6696,2190,5948,2450,3991,390,296,40,22,4140,29759,5140,33513,30,65,70,377,1080,12940,6620,21911
TX,79046,0,240,100,100,20,160,480,140,0,0,0,19733,240,19880,180,7381,70,28,30,83,20,35,0,0,40,194,40,1072,0,0,40,663,50,0,0,40,505,0,0,60,147,0,0,0,0,0,0,0,0,0,0,0,0,0,0,30,548,3281,0,0,0,0,0,0,20,107,0,0,0,0,190,15613,190,3414,0,0,0,0,60,76,0,0,0,0,0,0,0,0,40,60,0,0,40,155,0,0,0,0,20,7,210,2790,40,95,40,81,30,31,0,0,0,0,160,3338,190,3742,0,0,0,0,70,1471,150,477
TX,79052,0,470,170,210,80,270,1040,370,0,0,0,22057,470,22948,370,11786,100,180,40,128,30,80,0,0,70,538,40,423,30,91,70,778,70,0,0,60,743,40,779,130,891,0,0,0,0,40,277,0,0,0,0,0,0,30,80,40,651,5074,0,0,30,41,0,0,30,106,0,0,20,103,330,14142,330,2598,0,0,0,0,130,109,0,0,0,0,0,0,30,6,80,75,0,0,80,505,0,0,0,0,70,12,420,2679,160,427,140,384,110,147,0,0,0,0,280,2481,340,3081,0,0,0,0,110,1178,340,1025
TX,79057,0,440,160,220,60,260,950,300,0,0,0,25308,440,25605,350,15641,100,46,30,185,30,38,0,0,110,864,50,279,0,0,80,1391,90,0,0,70,803,20,598,150,297,0,0,0,0,0,0,0,0,30,22,0,0,0,0,60,1281,5905,0,0,40,59,40,55,50,167,20,102,40,384,310,17346,310,2634,0,0,0,0,120,177,0,0,0,0,0,0,0,0,100,134,0,0,100,234,0,0,0,0,40,7,410,3178,90,223,80,190,60,78,0,0,0,0,270,2458,330,2761,0,0,0,0,100,727,320,1011
TX,79059,0,360,150,190,20,220,740,230,0,0,0,31952,360,32272,270,15715,130,214,80,274,80,189,0,0,90,273,70,865,40,277,80,1282,60,0,0,70,908,20,877,140,320,0,0,0,0,0,0,0,0,20,10,0,0,0,0,50,1160,8838,0,0,40,65,40,65,50,150,0,0,40,336,290,24029,290,4988,0,0,0,0,130,151,0,0,0,0,20,16,0,0,70,109,0,0,80,177,0,0,0,0,0,0,320,4071,40,80,30,69,0,0,0,0,0,0,280,4836,310,5324,0,0,0,0,100,755,220,657
TX,79061,0,170,60,80,0,130,340,90,0,0,0,13331,170,13445,150,7228,60,19,30,58,30,45,0,0,30,-37,30,126,0,0,30,669,50,0,0,30,385,0,0,50,114,0,0,0,0,0,0,0,0,0,0,0,0,0,0,30,606,2456,0,0,0,0,0,0,20,75,0,0,0,0,140,10032,140,1965,0,0,0,0,40,42,0,0,0,0,0,0,0,0,30,33,0,0,40,99,0,0,0,0,0,0,160,1771,0,0,0,0,0,0,0,0,0,0,130,1915,140,2149,0,0,0,0,40,389,120,369
TX,79062,0,120,50,70,0,90,250,70,0,0,0,8741,120,9028,90,3378,40,10,0,0,0,0,0,0,0,0,0,0,0,0,0,0,0,0,0,0,0,0,0,30,287,0,0,0,0,0,0,0,0,0,0,0,0,0,0,0,0,0,0,0,0,0,0,0,0,0,0,0,0,0,80,6475,80,1426,0,0,0,0,20,16,0,0,0,0,0,0,0,0,0,0,0,0,0,0,0,0,0,0,0,0,110,2263,0,0,0,0,0,0,0,0,0,0,70,1407,80,2202,0,0,0,0,30,425,80,151
TX,79063,0,330,130,170,20,250,690,250,0,0,0,21014,330,21915,260,13518,170,185,80,75,70,52,0,0,80,963,90,488,0,0,50,555,100,0,0,40,443,80,2765,140,901,0,0,0,0,50,310,0,0,20,23,0,0,20,75,70,1392,6974,0,0,60,83,40,144,70,245,40,216,50,431,280,14866,260,2284,0,0,0,0,110,130,0,0,0,0,0,0,0,0,60,96,0,0,100,384,0,0,0,0,30,6,260,2644,30,70,20,52,30,42,0,0,0,0,230,2120,250,2588,0,0,0,0,110,666,170,498
TX,79064,0,990,370,450,170,650,2250,910,0,0,0,41992,990,42742,840,28637,190,314,80,203,70,136,0,0,180,1334,100,660,40,387,150,1936,80,50,182,90,1159,40,837,250,750,30,10,0,0,20,99,0,0,40,36,0,0,50,140,70,1483,6624,0,0,70,88,40,95,70,207,0,0,70,530,700,24924,700,3901,0,0,0,0,320,348,0,0,0,0,50,53,60,11,230,269,0,0,180,512,0,0,0,0,180,39,910,5549,280,801,250,689,220,317,50,44,0,0,580,3550,730,4172,0,0,0,0,220,1301,740,2208
TX,79065,0,8240,3180,3740,1210,3980,18120,6650,0,0,0,478886,8240,483738,7170,346074,1740,2217,1050,5018,960,3758,60,69,1040,17614,910,15919,770,12532,1500,28359,210,170,643,1090,13734,390,9785,1610,4852,190,49,0,0,230,1362,100,499,480,485,50,101,30,151,1190,28054,146199,110,408,880,1556,950,2992,1140,5167,580,3049,830,7672,6360,326402,6340,57455,90,213,30,22,2690,3420,260,48,300,144,380,382,430,72,1810,2580,200,80,870,2859,60,160,70,191,840,240,7940,74523,1560,3732,1380,3406,1270,1800,360,279,20,7,5670,53961,6190,58516,60,55,120,833,1280,7145,6590,20494
TX,79068,0,1310,500,660,130,690,2770,910,0,0,0,86316,1310,87487,1090,61021,400,368,190,647,160,511,0,0,230,2197,170,2944,150,2244,290,6745,100,0,0,200,2609,80,1971,370,1171,60,16,0,0,50,264,20,63,100,98,0,0,0,0,250,5383,28542,0,0,200,379,200,680,240,1093,150,905,200,1646,1090,61196,1090,10188,0,0,0,0,450,653,30,2,30,11,110,129,60,13,300,469,20,4,190,610,0,0,0,0,90,23,1240,11397,180,355,140,314,100,126,100,81,0,0,1010,9535,1090,10339,0,0,0,0,300,1850,960,2715
TX,79070,0,4520,1620,2170,710,3450,11080,4800,0,0,0,410691,4520,417857,3960,233720,950,1744,520,4057,470,2531,50,139,820,21251,500,32809,250,3585,430,7522,230,40,162,470,6273,280,58064,1030,7166,120,31,30,676,210,1400,70,423,170,192,40,68,60,1436,740,19908,158701,90,509,570,1233,540,1815,730,3714,350,2098,520,8247,3630,318510,3600,73821,80,251,0,0,1740,2652,160,36,130,69,210,242,130,22,1290,2061,70,20,690,3038,0,0,0,0,650,211,4340,89293,660,1639,580,1424,690,929,200,179,0,0,3200,71254,3590,76526,70,184,170,1805,820,10811,3480,14452
TX,79072,0,9900,3950,3660,2190,5540,21720,8820,0,0,0,411835,9900,417851,8570,297281,1580,2865,990,5509,920,4112,0,0,1610,15042,930,10229,680,8332,1650,27615,270,620,3253,940,11857,450,19189,2150,6016,240,63,20,443,260,1580,90,488,560,573,100,191,170,624,1080,25859,116166,30,108,880,1462,820,2710,1030,4379,570,3004,840,8048,6810,242246,6770,39678,70,150,60,40,3170,3242,260,23,250,122,530,519,830,130,2040,2299,110,33,1280,3387,140,441,140,460,1280,249,9410,60689,3360,9025,3030,8054,2520,3494,570,473,70,29,5540,36433,6790,41047,30,54,80,189,1540,7391,8000,25018
TX,79079,0,1200,490,520,160,780,2450,820,0,0,0,68001,1200,69087,990,43526,270,278,100,284,90,202,0,0,320,2834,110,1717,80,1188,180,3426,160,0,0,160,1849,60,430,340,1086,30,8,0,0,60,330,0,0,40,29,0,0,0,0,170,4169,16792,30,70,120,178,80,193,170,544,50,253,100,783,900,46417,900,8746,0,0,0,0,290,355,0,0,20,11,40,44,50,11,200,278,0,0,240,639,0,0,0,0,130,33,1110,11514,250,624,210,532,180,252,40,29,0,0,830,8327,940,9280,0,0,20,198,240,1663,900,2862
TX,79080,0,210,90,100,30,100,430,130,0,0,0,10692,210,10745,170,7636,50,35,0,0,0,0,0,0,30,75,0,0,30,373,50,705,0,0,0,40,456,0,0,30,53,0,0,0,0,0,0,0,0,0,0,0,0,0,0,30,567,3056,0,0,0,0,0,0,20,64,0,0,0,0,150,7056,150,1078,0,0,0,0,50,51,0,0,0,0,0,0,0,0,40,43,0,0,20,22,0,0,0,0,0,0,200,1513,50,97,40,90,30,38,0,0,0,0,140,1022,150,1100,0,0,0,0,30,70,160,490
TX,79081,0,1620,630,820,160,980,3750,1450,0,0,0,103362,1620,105424,1390,67064,460,528,150,917,140,803,0,0,310,4337,180,2792,120,1176,200,3489,130,0,0,190,2613,120,6788,460,2062,50,14,0,0,100,723,0,0,80,91,0,0,40,276,240,5882,32947,0,0,190,354,160,495,240,954,90,434,170,2006,1290,71946,1260,13304,20,48,0,0,550,764,30,4,0,0,90,90,70,15,390,589,30,7,310,1261,0,0,0,0,200,51,1500,15122,240,651,210,531,260,385,80,62,0,0,1120,12519,1280,14163,0,0,50,204,370,3105,1180,3707
TX,79082,0,110,50,70,0,90,260,90,0,0,0,6393,110,6541,100,3606,30,12,0,0,0,0,0,0,0,0,0,0,0,0,0,0,30,0,0,20,246,0,0,40,148,0,0,0,0,0,0,0,0,0,0,0,0,0,0,0,0,0,0,0,0,0,0,0,0,0,0,0,0,0,80,4165,80,667,0,0,0,0,40,43,0,0,0,0,0,0,0,0,30,31,0,0,20,86,0,0,0,0,0,0,110,599,20,44,0,0,20,25,0,0,0,0,70,622,80,758,0,0,0,0,30,284,70,211
TX,79083,0,960,340,520,90,540,2050,660,0,0,0,64528,960,65269,810,43688,310,151,120,375,110,235,0,0,160,1428,100,1156,110,2654,200,4064,70,20,94,140,1768,40,1495,220,741,20,6,0,0,30,170,0,0,40,35,0,0,0,0,100,2412,13872,0,0,70,152,70,108,90,299,40,168,70,1120,780,46687,770,8449,0,0,0,0,300,377,0,0,0,0,40,40,50,8,220,309,0,0,140,442,0,0,0,0,80,19,900,10552,150,327,130,281,110,129,30,21,0,0,720,7999,770,8733,0,0,20,98,180,1190,750,2499
TX,79084,0,970,360,490,130,670,2350,970,0,0,0,53790,970,55214,820,35060,220,275,120,330,110,199,0,0,200,2473,130,1199,70,697,130,2829,100,0,0,120,1651,80,3306,310,1424,40,10,0,0,60,375,0,0,50,53,0,0,0,0,120,2767,14657,0,0,90,161,90,277,120,533,60,270,100,780,770,35242,770,5834,0,0,0,0,350,422,30,0,30,15,60,63,60,9,230,311,0,0,230,858,0,0,0,0,100,26,910,6329,170,463,140,386,190,281,60,49,0,0,650,5401,750,6362,0,0,0,0,250,2223,690,1985
TX,79086,0,860,310,430,90,540,1990,770,0,0,0,50372,860,51372,740,35906,170,168,80,239,70,80,0,0,150,2366,80,1089,50,546,110,1431,60,0,0,70,836,30,1221,220,1000,20,6,0,0,40,265,0,0,50,47,0,0,0,0,120,3268,16626,0,0,90,170,90,223,120,427,50,248,90,1247,660,33617,660,6192,0,0,0,0,290,380,0,0,0,0,50,52,40,6,230,301,0,0,140,619,0,0,0,0,70,18,800,7351,160,379,140,329,150,202,40,35,0,0,570,5801,640,6577,0,0,0,0,170,1354,660,1912
TX,79087,0,280,100,140,30,150,650,250,0,0,0,17228,280,17778,220,9568,50,64,30,35,30,27,0,0,50,453,40,212,0,0,40,726,40,0,0,40,541,0,0,90,550,0,0,0,0,0,0,0,0,0,0,0,0,0,0,40,947,6852,0,0,40,53,0,0,40,136,0,0,30,515,220,11723,220,1432,0,0,0,0,90,121,0,0,0,0,0,0,0,0,70,84,0,0,60,348,0,0,0,0,20,4,240,1424,60,149,40,126,50,78,0,0,0,0,190,1310,220,1703,0,0,0,0,70,818,190,513
TX,79088,0,1990,710,840,400,1050,4430,1670,30,0,30,91691,1990,93791,1660,57338,480,839,220,991,210,714,0,0,370,2015,240,2555,170,1866,380,6919,200,40,181,270,3210,130,7241,500,2100,50,14,0,0,100,550,0,0,100,100,0,0,30,455,200,4589,22168,0,0,160,236,130,294,190,584,70,309,150,1500,1390,57049,1370,10078,0,0,0,0,570,578,50,3,40,22,80,79,140,22,390,444,0,0,330,983,0,0,0,0,220,43,1830,13180,640,1754,570,1589,480,708,100,71,0,0,1140,9526,1380,10869,0,0,0,0,390,3053,1480,4920
TX,79092,0,510,210,240,50,310,1090,380,0,0,0,28619,510,29170,420,19692,140,122,60,213,50,110,0,0,120,446,90,1139,30,214,90,1924,70,0,0,80,953,40,2228,170,551,0,0,0,0,30,142,0,0,30,29,0,0,0,0,100,2032,10616,0,0,80,144,80,246,90,409,40,215,80,699,410,19124,400,3152,0,0,0,0,160,200,0,0,0,0,30,26,20,4,100,135,0,0,120,232,0,0,0,0,40,8,460,3473,100,222,80,187,60,80,30,20,0,0,370,2951,400,3259,0,0,0,0,130,949,360,1075
TX,79095,0,1070,400,460,180,690,2300,880,0,0,0,48880,1070,50318,870,31081,260,410,140,467,140,276,0,0,180,2129,130,1203,80,971,180,3945,180,0,0,150,1813,90,2123,330,1438,20,7,0,0,50,357,0,0,40,33,0,0,80,296,110,2628,10131,0,0,100,131,70,166,100,314,40,179,80,842,740,30527,720,4806,0,0,0,0,310,357,30,0,0,0,50,53,50,7,200,251,0,0,200,718,0,0,0,0,150,34,960,6013,280,806,250,741,220,303,50,37,0,0,640,4405,750,5295,0,0,0,0,270,1695,740,2266
TX,79096,0,1030,360,520,140,800,2490,990,0,0,0,104669,1030,105860,850,42844,280,748,160,549,150,391,0,0,190,2508,160,3491,60,660,160,3195,180,0,0,150,1798,120,5066,290,1191,30,8,0,0,40,312,0,0,50,48,0,0,0,0,200,5599,42324,30,62,180,287,110,248,210,661,60,378,110,1984,810,81832,800,21207,0,0,0,0,330,486,40,4,40,16,30,25,20,3,250,368,0,0,180,762,0,0,0,0,80,28,960,28781,130,343,110,302,140,203,30,22,0,0,730,21399,800,22883,0,0,50,1297,230,2979,730,5183
TX,79097,0,520,190,270,50,220,1090,360,0,0,0,31513,520,31915,440,24463,150,67,70,118,60,89,0,0,100,325,60,230,50,717,130,2122,70,0,0,80,942,20,180,140,402,0,0,0,0,0,0,0,0,50,43,0,0,0,0,70,1338,6716,0,0,60,92,40,87,60,211,30,160,40,195,430,21861,430,3486,0,0,0,0,170,220,0,0,0,0,40,39,20,3,90,160,0,0,70,143,0,0,0,0,30,5,490,4397,70,161,60,140,40,60,40,25,0,0,410,3267,420,3563,0,0,0,0,110,393,380,1153
TX,79098,0,210,90,90,0,130,410,130,0,0,0,9417,210,9601,130,5505,60,22,0,0,0,0,0,0,40,215,40,245,0,0,30,870,40,0,0,30,285,20,246,70,184,0,0,0,0,0,0,0,0,0,0,0,0,0,0,30,522,1953,0,0,30,30,0,0,30,88,0,0,0,0,140,5946,130,894,0,0,0,0,50,70,0,0,0,0,0,0,0,0,30,47,0,0,50,92,0,0,0,0,0,0,160,995,30,70,0,0,0,0,0,0,0,0,110,825,150,1013,0,0,0,0,60,245,120,344
TX,79101,0,1140,700,260,180,600,1930,580,30,0,30,91601,1140,93098,820,22799,320,2881,210,3579,210,2677,0,0,150,1276,200,12154,150,2214,260,5910,0,30,117,240,2819,80,8041,210,1497,0,0,0,0,20,179,0,0,30,22,0,0,0,0,170,6061,39343,0,0,150,308,90,652,160,1022,50,326,140,2126,770,72976,760,19563,0,0,0,0,280,160,80,22,0,0,40,26,80,12,100,83,0,0,130,470,0,0,0,0,110,15,1070,15045,360,825,320,735,210,267,40,30,0,0,680,19559,780,20768,0,0,40,760,200,4075,810,2237
TX,79102,0,4500,2210,1340,900,2020,9000,3370,90,0,90,190278,4500,192994,4000,138994,630,1192,330,2142,290,1500,0,0,670,8451,290,10938,240,2974,540,9345,20,60,261,330,3720,140,7705,880,2716,90,24,0,0,100,469,40,118,250,222,30,52,0,0,530,10471,59899,0,0,400,660,440,1616,520,2415,370,2015,400,2712,3190,119144,3190,20751,20,107,0,0,1320,1309,80,8,150,77,250,219,330,53,790,900,50,13,510,1377,60,147,50,150,440,87,4350,30053,1440,3842,1300,3459,1050,1435,260,211,30,8,2700,19422,3120,21310,0,0,40,208,600,2931,3770,10876
TX,79103,0,4650,1980,1560,1060,2040,9760,3890,90,0,90,164209,4650,165195,4140,136799,570,307,210,229,170,154,0,0,570,4910,160,388,240,2603,740,10959,0,100,415,370,3455,30,223,800,986,50,13,0,0,30,73,30,91,230,214,30,37,0,0,370,6601,22559,0,0,240,317,270,539,340,979,240,965,260,1120,3330,88530,3310,12174,0,0,20,11,1520,1591,0,0,170,87,240,174,440,68,1050,1217,80,21,450,842,50,123,50,137,520,105,4500,22591,1460,3925,1310,3482,1120,1576,240,167,0,0,2720,10582,3170,11869,0,0,0,0,480,1180,4080,11903
TX,79104,0,3020,1200,910,900,1580,6860,3150,60,0,60,83730,3020,84269,2740,73381,190,78,50,41,40,19,0,0,410,3585,40,25,60,457,300,3230,0,50,160,140,1396,0,0,470,539,0,0,0,0,0,0,0,0,60,38,0,0,0,0,140,2677,7986,0,0,80,103,80,133,120,339,70,268,90,323,1890,36034,1890,4746,0,0,0,0,950,897,0,0,60,36,110,95,290,48,670,702,30,8,340,601,30,71,30,74,430,78,2930,12857,1240,3524,1120,3098,1040,1447,140,100,0,0,1420,3848,1900,4708,0,0,0,0,230,442,2740,8676
TX,79106,0,12300,6090,3920,2110,5480,23320,7780,170,0,170,589828,12300,597183,10530,404151,2460,4731,1430,9952,1320,6959,30,40,1760,20457,1280,20493,1140,16218,2080,40176,70,230,926,1490,19031,500,35012,2730,7355,310,82,30,716,240,1305,140,660,810,841,120,260,40,142,1990,43657,225819,70,492,1580,2685,1670,6441,1910,9847,1240,7335,1570,13646,9130,386346,9090,69664,90,423,60,29,3620,3918,370,167,460,244,730,694,860,136,1970,2407,170,47,1500,3593,130,308,140,339,1060,209,11820,94045,3160,7929,2820,7058,2160,2877,680,543,50,12,7980,65631,8980,71001,70,80,150,991,1840,7601,9970,27599
TX,79107,0,13560,5740,3580,4130,7690,30460,14030,290,0,290,360436,13560,362765,12350,318502,780,274,210,231,180,145,0,0,1970,15815,160,499,290,2654,1110,14170,0,270,961,510,4102,70,1034,2060,2329,60,14,0,0,50,120,70,232,310,231,60,102,0,0,610,11923,33879,20,40,350,510,290,500,510,1290,230,859,370,1742,8320,149725,8320,19725,20,31,50,18,4060,3461,0,0,250,133,580,437,1090,187,2790,2625,160,57,1590,2829,130,387,130,391,1630,282,13310,58877,6190,18453,5680,16379,4980,7143,780,609,60,30,6090,16263,8070,19715,0,0,0,0,1020,1823,12380,41213
TX,79108,0,5200,2170,2200,760,2350,10670,3580,80,0,80,234382,5200,236316,4480,184254,1030,867,400,1243,360,864,0,0,830,7249,360,2017,400,4487,990,18218,100,110,434,650,7038,130,4698,1030,1934,90,23,0,0,70,296,70,246,240,215,40,66,0,0,690,13968,56200,0,0,530,897,580,1643,660,2695,470,2338,480,2996,3900,145621,3900,22666,0,0,30,24,1520,1681,60,3,160,85,270,252,390,64,970,1222,70,17,610,1391,60,213,70,230,450,99,5000,32668,1260,3215,1080,2791,880,1230,270,211,20,8,3450,20985,3930,22777,0,0,30,41,770,2896,4300,12172
TX,79109,0,20660,9840,8000,2530,9190,38670,11470,230,0,230,1323665,20660,1342711,17420,859271,5630,13148,3360,23983,3120,18804,90,105,3490,52203,3010,49668,2330,34081,4190,90185,160,310,1384,3000,39889,1190,95774,5420,19046,750,196,110,2818,620,3631,350,1762,1680,1706,290,583,90,2173,4650,102034,613599,160,855,3770,7155,4160,16130,4550,24649,3180,19167,3810,33936,16640,954213,16510,188319,210,936,110,49,6610,7929,880,378,1020,553,1560,1473,1230,185,3510,4633,330,94,2770,8780,190,487,200,512,1280,289,19730,229164,3390,7615,2950,6797,2220,2767,1440,1133,80,54,15050,181409,16160,194273,200,406,360,3347,3970,21359,15640,44593
TX,79110,0,8660,3890,3170,1490,3380,17160,5840,100,0,100,378710,8660,381677,7780,312498,1430,992,660,1843,590,1213,0,0,1190,9046,520,2801,610,6544,1410,24962,40,150,575,840,9321,190,4769,1800,2967,220,55,0,0,90,383,110,379,660,625,100,165,0,0,1180,21888,93907,30,81,870,1357,1020,2804,1130,4370,860,4147,840,5047,6720,234294,6720,35947,0,0,60,34,2900,3199,120,5,480,237,560,519,740,114,1830,2257,120,23,890,1761,100,265,110,287,760,146,8430,53113,2190,5436,1950,4914,1530,1950,530,424,50,17,5820,32743,6460,35173,0,0,30,59,1150,3514,7330,20454
TX,79111,0,590,240,210,130,170,1260,520,0,0,0,24155,590,24318,550,22617,40,3,0,0,0,0,0,0,50,135,0,0,0,0,80,756,0,0,0,20,231,0,0,120,163,0,0,0,0,0,0,0,0,80,68,0,0,0,0,30,540,1931,0,0,0,0,0,0,20,30,0,0,0,0,490,14082,490,1961,0,0,0,0,250,341,0,0,30,16,50,40,60,8,190,269,0,0,20,25,0,0,0,0,40,7,590,3254,150,369,140,340,130,168,40,31,0,0,390,1622,430,1712,0,0,0,0,40,73,520,1652
TX,79118,0,9890,3900,4590,1280,4220,20980,7200,90,0,90,616834,9890,624475,8790,457178,1920,3335,970,4428,890,2725,60,83,1770,19877,900,14226,690,13171,1630,29783,170,180,635,970,12411,430,27878,2630,7641,350,91,30,490,280,1534,170,800,900,891,130,257,30,402,2410,51115,277900,90,510,1750,3470,2110,7666,2300,12096,1930,13184,1750,10882,7910,427678,7910,75732,70,223,50,29,3460,4691,190,18,620,336,710,702,640,101,2320,3088,140,41,1310,3561,120,327,130,321,690,173,9570,93639,1890,4671,1650,4003,1350,1817,660,525,70,50,7130,71045,7830,75936,80,95,120,444,1630,7901,7970,23770
TX,79119,0,6810,2620,3630,470,3410,14250,4430,30,0,30,701427,6810,712637,5810,469188,2540,5696,1650,9828,1540,6829,100,129,1380,28568,1570,32874,810,16460,1370,35267,210,100,537,970,15080,770,69156,2370,11210,370,94,60,1676,340,2684,150,902,700,784,140,263,70,904,2960,75737,470831,120,720,2470,5603,2750,16067,2930,22666,2360,19633,2470,22177,5930,543926,5900,114170,220,804,0,0,2410,3330,490,203,470,246,620,654,210,33,1220,1684,90,26,1130,4408,40,115,40,127,240,85,6500,127029,460,956,380,795,360,483,490,406,0,0,5580,110841,5830,117545,300,403,360,1147,1680,12525,4700,16454
TX,79121,0,3110,1340,1540,200,1620,5850,1470,0,0,0,303836,3110,309059,2380,166100,1390,2847,880,8835,830,6541,20,8,610,16064,820,14903,520,11412,840,22284,60,30,123,680,11241,380,38019,930,5223,120,33,50,1271,160,1160,60,305,220,229,50,101,30,102,1140,28760,186249,40,197,980,2172,1050,5255,1120,7835,780,5267,990,9815,2660,238029,2630,51193,70,299,0,0,980,1026,280,67,130,79,230,221,90,16,390,537,70,17,510,2170,30,88,30,79,140,49,2920,56981,240,444,190,375,150,171,180,153,0,0,2500,50110,2620,53408,110,174,170,658,880,7217,1970,6275
TX,79124,0,4070,1550,2140,320,2090,8460,2660,30,0,30,466845,4070,475157,3280,257154,1560,3421,990,8040,920,6290,40,60,880,21724,980,48196,540,10866,960,24261,110,60,220,750,11568,540,73902,1300,8312,170,43,70,1978,250,1934,90,486,280,289,80,218,50,674,1620,43834,315309,50,370,1390,3264,1500,9850,1610,13677,1230,10108,1380,13955,3330,374740,3300,84921,130,608,0,0,1330,1614,300,108,210,118,300,300,130,22,610,865,60,15,740,3667,20,67,20,74,160,50,3850,93514,440,995,380,856,300,376,260,213,0,0,3110,82660,3290,88163,210,393,250,1087,1070,9345,2700,9776
TX,79201,0,2460,1010,1040,380,1210,5040,1740,0,0,0,112681,2460,114650,2070,77014,610,662,320,969,270,691,0,0,390,5806,300,4007,180,1458,540,11656,240,30,179,360,3908,120,5211,630,1969,50,14,0,0,140,622,30,122,130,121,0,0,40,84,260,6215,27531,0,0,210,332,190,494,250,866,120,662,190,1878,1780,70410,1770,11345,0,0,0,0,680,798,70,4,70,39,100,97,160,19,470,617,30,8,380,1087,30,70,30,71,190,34,2320,15301,620,1531,530,1368,420,564,110,79,0,0,1560,10505,1750,11766,0,0,20,35,460,2132,1900,5191
TX,79225,0,410,150,180,70,240,870,300,0,0,0,18815,410,19018,360,12181,80,69,40,84,40,70,0,0,50,372,40,420,0,0,90,1711,60,0,0,70,791,0,0,80,203,0,0,0,0,0,0,0,0,0,0,0,0,0,0,20,430,2102,0,0,0,0,0,0,0,0,0,0,0,0,300,11779,300,1678,0,0,0,0,110,114,0,0,0,0,20,25,20,4,70,71,0,0,40,112,0,0,0,0,30,4,390,2482,80,201,70,187,80,136,0,0,0,0,270,1564,280,1743,0,0,0,0,70,311,320,799
TX,79226,0,1240,520,550,160,700,2410,720,0,0,0,62566,1240,63645,960,36242,380,464,140,513,130,324,0,0,290,1189,170,4633,140,2069,260,5434,190,20,99,200,2249,90,926,380,1079,50,13,0,0,70,367,0,0,70,57,20,52,0,0,200,4137,19654,0,0,130,197,150,284,190,628,90,335,160,1174,820,42144,820,6207,0,0,0,0,280,301,30,4,20,12,40,39,70,14,170,219,0,0,220,573,0,0,0,0,100,16,1130,7913,290,739,270,629,190,237,30,22,0,0,730,5907,870,6746,0,0,0,0,230,1760,920,2691
TX,79227,0,530,220,260,50,320,1000,280,0,0,0,23050,530,23503,410,13226,130,114,40,298,40,259,0,0,120,882,70,452,40,483,100,1925,110,0,0,90,1223,40,475,170,453,0,0,0,0,40,196,0,0,30,24,0,0,0,0,60,1244,5669,0,0,50,72,30,46,60,138,0,0,40,221,370,14388,360,2227,0,0,0,0,130,125,0,0,0,0,20,23,20,3,80,83,0,0,120,345,0,0,0,0,50,11,460,2803,120,281,100,241,70,84,20,18,0,0,320,2101,390,2514,0,0,0,0,150,751,330,919
TX,79229,0,140,50,70,0,70,250,60,0,0,0,5635,140,5672,100,3919,30,10,0,0,0,0,0,0,0,0,0,0,0,0,40,718,30,0,0,30,242,0,0,30,37,0,0,0,0,0,0,0,0,0,0,0,0,0,0,0,0,0,0,0,0,0,0,0,0,0,0,0,0,0,110,3518,110,477,0,0,0,0,20,19,0,0,0,0,0,0,0,0,0,0,0,0,0,0,0,0,0,0,0,0,130,632,0,0,0,0,0,0,0,0,0,0,100,450,110,493,0,0,0,0,30,65,90,210
TX,79235,0,1450,570,600,260,910,3050,1080,0,0,0,63402,1450,66205,1200,38783,370,379,160,430,150,259,0,0,230,2111,160,1163,120,981,230,4602,120,70,352,190,2455,130,6833,390,2803,30,5,0,0,90,729,30,233,60,50,0,0,100,754,140,3112,15442,0,0,130,199,100,281,140,498,40,179,110,1116,970,39496,970,6531,0,0,0,0,350,372,30,1,30,14,50,52,60,9,240,266,0,0,250,1274,20,81,20,92,200,45,1320,7962,480,1261,450,1154,320,433,60,47,0,0,830,6031,1000,7446,0,0,0,0,310,2919,1050,3232
TX,79237,0,170,70,60,20,80,320,100,0,0,0,5776,170,5845,140,4072,30,6,0,0,0,0,0,0,30,41,0,0,0,0,30,483,30,0,0,20,168,0,0,40,69,0,0,0,0,0,0,0,0,0,0,0,0,0,0,0,0,0,0,0,0,0,0,0,0,0,0,0,0,0,100,3218,100,424,0,0,0,0,30,28,0,0,0,0,0,0,0,0,0,0,0,0,30,52,0,0,0,0,0,0,160,643,40,105,30,88,20,29,0,0,0,0,90,395,120,473,0,0,0,0,30,60,130,284
TX,79241,0,960,350,410,200,500,2100,800,0,0,0,41696,960,43242,820,27807,190,167,110,194,110,104,0,0,140,1045,120,837,80,583,170,2614,90,40,266,130,1620,60,1181,240,1546,30,9,0,0,40,425,0,0,50,43,0,0,60,314,100,2417,9211,0,0,100,135,80,167,100,316,40,209,80,728,660,25163,660,3854,0,0,0,0,280,265,0,0,0,0,40,53,80,15,160,173,0,0,160,803,0,0,0,0,120,22,880,5238,310,896,280,834,220,324,40,38,0,0,550,3591,660,4461,0,0,0,0,210,1358,720,2231
TX,79244,0,310,120,150,30,220,630,190,0,0,0,13877,310,14043,230,7959,100,47,40,72,30,41,0,0,80,371,50,476,20,214,70,1715,50,0,0,70,802,30,417,90,166,0,0,0,0,0,0,0,0,0,0,0,0,0,0,30,603,1899,0,0,0,0,0,0,20,54,0,0,0,0,230,8695,230,1423,0,0,0,0,70,78,0,0,0,0,0,0,0,0,40,59,0,0,70,126,0,0,0,0,30,5,260,1490,70,163,50,142,50,68,0,0,0,0,200,1341,220,1565,0,0,0,0,80,254,200,553
TX,79245,0,930,330,410,190,440,1980,710,0,0,0,37864,930,38382,780,26758,190,197,70,145,50,73,0,0,200,1007,60,541,50,476,160,2750,80,0,0,130,1572,20,393,220,518,20,7,0,0,30,131,0,0,40,36,0,0,0,0,70,1898,7459,0,0,50,67,40,73,70,178,0,0,50,465,580,22342,580,3624,0,0,0,0,230,218,0,0,0,0,40,34,60,8,160,169,0,0,160,391,0,0,0,0,100,20,840,4617,290,754,260,691,190,290,50,34,0,0,510,3404,610,3874,0,0,0,0,170,1144,700,2053
TX,79248,0,600,230,270,80,300,1210,360,0,0,0,23830,600,24142,460,14731,170,130,50,392,50,346,0,0,130,625,70,440,40,189,140,2811,110,30,79,110,1200,20,24,170,312,0,0,0,0,0,0,0,0,0,0,0,0,0,0,40,638,3536,0,0,30,25,0,0,30,64,0,0,30,166,400,14425,400,2352,0,0,0,0,130,134,0,0,0,0,20,13,30,5,90,100,0,0,120,269,0,0,0,0,40,5,530,2453,160,398,150,363,120,129,20,16,0,0,340,2217,410,2590,0,0,0,0,150,789,400,1069
TX,79250,0,570,210,270,90,320,1260,460,0,0,0,26032,570,26955,470,17338,140,140,60,99,50,80,0,0,80,373,50,302,20,172,80,1585,50,0,0,90,918,30,593,150,923,0,0,0,0,30,230,0,0,0,0,0,0,40,318,40,1068,6038,0,0,40,78,30,62,40,136,0,0,40,324,440,15882,430,2491,0,0,0,0,200,197,0,0,0,0,30,25,60,11,130,147,0,0,90,377,0,0,0,0,60,9,510,2995,170,357,150,332,120,152,20,17,0,0,350,2292,420,2756,0,0,0,0,110,878,420,1191
TX,79252,0,1200,480,520,180,670,2480,820,0,0,0,53285,1200,53953,960,34980,290,238,100,504,80,413,0,0,220,2239,130,835,80,787,310,5634,140,30,136,210,2102,50,655,320,668,20,4,0,0,50,220,0,0,50,37,0,0,0,0,120,2997,10272,0,0,90,107,70,161,110,316,40,172,80,520,850,31612,850,4863,0,0,0,0,340,374,30,2,20,9,50,48,80,11,220,268,0,0,220,490,0,0,0,0,100,19,1130,7149,300,760,260,652,200,270,40,37,0,0,760,4480,880,5105,0,0,0,0,210,776,930,2618
TX,79255,0,190,80,90,20,140,410,130,0,0,0,8004,190,8130,140,4932,60,9,20,91,20,61,0,0,60,406,20,195,0,0,40,1102,40,0,0,40,371,0,0,60,126,0,0,0,0,0,0,0,0,0,0,0,0,0,0,0,0,0,0,0,0,0,0,0,0,0,0,0,0,0,130,4778,120,670,0,0,0,0,40,40,0,0,0,0,0,0,0,0,20,28,0,0,50,74,0,0,0,0,0,0,180,880,60,134,40,104,30,33,0,0,0,0,110,621,150,742,0,0,0,0,60,133,130,296
TX,79256,0,110,40,60,0,60,200,50,0,0,0,4435,110,4469,80,2511,20,1,0,0,0,0,0,0,0,0,0,0,0,0,0,0,20,0,0,0,0,0,0,30,34,0,0,0,0,0,0,0,0,0,0,0,0,0,0,0,0,0,0,0,0,0,0,0,0,0,0,0,0,0,70,2713,80,375,0,0,0,0,0,0,0,0,0,0,0,0,0,0,0,0,0,0,0,0,0,0,0,0,0,0,100,460,20,35,0,0,0,0,0,0,0,0,70,354,80,427,0,0,0,0,20,56,70,116
TX,79257,0,390,130,210,40,250,850,250,0,0,0,20446,390,20921,280,10590,120,103,30,136,30,97,0,0,80,435,50,618,40,193,90,1776,80,0,0,70,952,20,833,150,475,0,0,0,0,30,118,0,0,0,0,0,0,0,0,50,987,3810,0,0,40,48,20,26,40,92,0,0,30,239,280,13221,280,1942,0,0,0,0,110,104,0,0,0,0,0,0,20,2,70,76,0,0,100,301,0,0,0,0,50,10,320,2412,90,227,70,191,70,103,0,0,0,0,240,1837,300,2210,0,0,0,0,140,697,240,685
TX,79261,0,170,70,90,0,110,340,100,0,0,0,5143,170,5249,110,3358,60,13,0,0,0,0,0,0,40,383,0,0,0,0,30,316,30,0,0,20,173,0,0,50,106,0,0,0,0,0,0,0,0,0,0,0,0,0,0,0,0,0,0,0,0,0,0,0,0,0,0,0,0,0,110,2539,110,337,0,0,0,0,30,29,0,0,0,0,0,0,0,0,0,0,0,0,40,75,0,0,0,0,20,4,140,470,40,104,30,86,30,35,0,0,0,0,100,297,120,424,0,0,0,0,50,159,100,230
TX,79311,0,1390,550,610,230,700,3070,1190,0,0,0,65167,1390,66277,1190,48413,290,268,120,202,110,114,0,0,240,2001,110,626,100,933,220,3602,100,20,72,160,1803,80,2779,360,1110,40,13,0,0,60,345,0,0,100,116,0,0,50,141,210,4757,21385,0,0,180,291,170,535,200,866,130,743,180,1377,1020,40083,1000,6563,0,0,0,0,470,569,0,0,60,30,90,106,100,18,300,378,20,10,220,667,0,0,0,0,110,21,1290,8552,380,1025,330,939,270,397,90,87,0,0,850,5993,980,6798,0,0,0,0,270,1726,1070,3284
TX,79312,0,370,140,160,70,250,830,340,0,0,0,14009,370,14201,310,10083,70,28,0,0,0,0,0,0,70,514,0,0,0,0,50,902,30,20,54,50,619,0,0,90,192,0,0,0,0,0,0,0,0,0,0,0,0,0,0,30,581,1720,0,0,0,0,0,0,20,31,0,0,20,70,260,7315,260,1040,0,0,0,0,100,95,0,0,0,0,0,0,0,0,70,81,0,0,60,105,0,0,0,0,50,11,350,1622,100,266,90,219,90,128,0,0,0,0,220,943,280,1114,0,0,0,0,70,206,290,743
TX,79313,0,590,230,270,90,280,1270,460,0,0,0,24570,590,24991,500,18889,130,70,30,19,30,17,0,0,90,269,30,61,30,190,100,1795,40,30,62,60,711,0,0,140,421,0,0,0,0,0,0,0,0,30,36,0,0,0,0,60,1284,4953,0,0,50,61,40,82,50,173,30,148,50,268,420,14588,420,2105,0,0,0,0,180,210,0,0,0,0,40,40,40,7,120,147,0,0,80,224,0,0,0,0,50,10,550,3008,160,410,140,367,110,142,40,38,0,0,380,1895,430,2204,0,0,0,0,110,478,450,1341
TX,79316,0,4240,1650,1630,910,2680,9330,3700,80,80,0,190423,4240,193876,3670,140504,830,1354,400,2006,350,1541,0,0,700,7976,360,3967,300,3681,630,11667,240,90,383,470,5413,140,5620,910,3453,70,19,0,0,120,820,50,264,180,169,20,50,120,466,440,10590,47967,0,0,370,606,300,984,430,1726,190,1004,360,2886,2940,117872,2930,19360,20,64,20,6,1240,1355,90,10,60,29,130,142,260,43,880,1099,40,11,550,2088,40,121,40,125,540,114,3970,27474,1320,3437,1180,3112,990,1408,150,122,0,0,2460,17997,2960,20666,20,28,40,130,740,4765,3360,10890
TX,79322,0,760,310,320,120,350,1590,570,0,0,0,31583,760,32678,640,19740,170,292,70,247,60,161,0,0,120,950,70,445,60,380,140,2510,50,0,0,120,1281,40,480,220,1095,30,7,0,0,30,178,0,0,30,26,0,0,60,239,70,1594,7099,0,0,60,103,50,126,70,256,0,0,60,551,520,19132,520,3096,0,0,0,0,200,204,0,0,0,0,30,33,70,12,120,154,0,0,120,450,0,0,0,0,80,20,700,4249,250,631,230,577,160,218,40,29,0,0,450,2890,530,3397,0,0,0,0,140,845,570,1665
TX,79323,0,2900,950,1490,450,1940,7260,3090,0,0,0,207375,2900,209385,2640,164244,510,829,210,826,200,532,0,0,490,7114,210,2877,180,2677,350,6975,110,30,154,260,3615,90,12247,570,2010,70,20,0,0,50,308,30,185,110,107,0,0,0,0,470,12661,60559,50,165,270,506,270,638,380,1410,190,1256,310,2637,2310,146802,2300,27891,50,133,0,0,1060,1441,50,4,40,19,120,114,100,16,830,1223,80,34,340,1169,0,0,0,0,310,100,2820,35296,480,1228,430,1096,460,644,110,88,0,0,2050,26640,2260,28289,40,46,40,148,460,3985,2400,9467
TX,79325,0,860,310,400,140,520,1990,780,0,0,0,44981,860,45923,730,30800,220,446,110,497,110,421,0,0,140,1282,120,618,40,372,130,2366,80,0,0,100,1095,110,4810,260,942,30,8,0,0,0,0,0,0,50,51,0,0,30,145,130,3136,14530,30,130,80,120,90,227,130,516,70,622,110,894,670,28309,670,4701,0,0,0,0,310,325,30,1,0,0,60,47,60,11,200,243,0,0,140,491,0,0,0,0,80,17,790,5648,160,430,130,367,180,288,40,34,0,0,560,4372,650,4926,0,0,0,0,200,1082,630,1788
TX,79329,0,1460,560,660,210,750,3100,1110,0,0,0,89533,1460,91526,1270,60515,440,527,180,562,160,339,0,0,230,2151,190,3105,110,1161,240,4524,110,0,0,190,2467,110,6846,440,1993,50,13,0,0,90,557,20,163,110,109,0,0,80,300,260,5540,37524,0,0,220,434,220,901,250,1422,170,1172,210,1908,1160,62565,1150,11942,0,0,0,0,510,606,50,2,70,32,90,107,80,13,320,412,0,0,250,939,20,72,20,80,90,15,1360,13933,290,721,260,644,200,270,110,86,0,0,1020,11332,1100,12458,0,0,20,53,330,2326,1070,3103
TX,79331,0,4680,1860,1840,940,3140,10030,3790,0,0,0,271135,4680,275526,4050,167588,1020,1898,430,2291,410,1877,0,0,750,9695,480,8915,280,3115,630,10534,280,80,277,580,8291,250,11720,1010,4391,90,27,0,0,200,1246,40,270,200,210,30,66,110,796,540,12264,74210,0,0,470,800,370,1107,520,2069,200,1071,420,3906,3470,189982,3460,36336,50,114,30,19,1380,1591,140,23,70,31,170,148,200,30,980,1313,30,12,630,2422,50,152,60,178,630,159,4370,42677,1260,3280,1130,2988,890,1182,150,115,0,0,3040,34743,3500,38460,30,34,120,845,950,9552,3550,11646
TX,79336,0,6750,2720,2900,1080,3680,14480,5280,20,20,0,411407,6750,418979,5910,289755,1640,3041,770,4898,720,3520,20,14,970,14536,670,7548,590,10008,990,19035,230,140,539,780,10656,320,35229,1460,7572,200,51,20,330,210,1453,90,502,390,370,50,105,170,2828,1060,25393,136882,40,140,860,1573,820,2890,1020,4791,550,3333,800,7290,5160,287651,5140,54917,80,213,30,16,2160,2736,180,21,180,92,320,290,380,59,1440,2008,80,34,780,2991,50,101,50,126,720,179,6420,65310,1480,3820,1320,3499,1070,1414,300,222,0,0,4600,52181,5100,56299,70,127,100,354,1170,10240,5310,17262
TX,79339,0,2790,1100,1080,570,1480,5970,2290,0,0,0,115296,2790,117158,2430,86169,490,602,200,434,200,221,0,0,360,3642,220,583,190,1570,560,8106,130,230,375,320,3338,90,2497,620,1862,70,18,0,0,70,459,30,140,130,155,0,0,70,187,230,5118,22548,0,0,190,311,160,492,210,951,100,535,170,1082,1970,68972,1980,11213,0,0,30,13,820,845,30,1,50,25,120,108,170,31,560,652,40,9,360,952,50,148,60,157,310,59,2640,15629,920,2387,820,2167,660,913,120,92,0,0,1670,10364,1960,11680,0,0,0,0,450,2186,2250,6834
TX,79342,0,160,50,100,0,100,390,130,0,0,0,9185,160,9275,140,6803,40,25,0,0,0,0,0,0,30,86,0,0,0,0,30,306,20,0,0,20,241,0,0,40,90,0,0,0,0,0,0,0,0,0,0,0,0,0,0,0,0,0,0,0,0,0,0,0,0,0,0,0,0,0,120,5967,120,892,0,0,0,0,50,68,0,0,0,0,0,0,0,0,40,50,0,0,0,0,0,0,0,0,0,0,140,962,30,60,20,44,0,0,0,0,0,0,110,823,130,951,0,0,0,0,40,241,110,313
TX,79343,0,580,220,220,140,270,1290,500,0,0,0,24152,580,24887,520,17557,110,54,30,25,20,6,0,0,90,361,30,222,20,104,80,1487,40,0,0,60,602,30,627,150,735,0,0,0,0,0,0,0,0,20,25,0,0,40,266,50,952,4514,0,0,40,69,40,84,50,161,30,136,40,191,420,14232,420,2146,0,0,0,0,170,193,0,0,0,0,20,21,50,6,130,149,0,0,90,388,0,0,0,0,80,17,550,2994,200,564,190,501,150,206,0,0,0,0,360,1953,430,2403,0,0,0,0,100,931,460,1556
TX,79345,0,390,140,200,60,260,880,340,0,0,0,16864,390,17169,340,11850,70,36,30,26,30,14,0,0,60,266,30,111,0,0,30,296,40,0,0,40,515,0,0,100,305,0,0,0,0,0,0,0,0,0,0,0,0,0,0,30,606,2992,0,0,30,37,0,0,30,90,0,0,20,116,290,10044,290,1536,0,0,0,0,120,124,0,0,0,0,0,0,20,5,80,95,0,0,70,215,0,0,0,0,60,15,370,1727,100,250,90,217,70,95,0,0,0,0,260,1408,290,1684,0,0,0,0,80,565,300,857
TX,79346,0,910,330,410,160,390,2080,830,0,0,0,39944,910,40640,770,26855,200,375,60,221,50,124,0,0,130,1032,70,225,50,570,110,1855,70,30,86,90,1253,30,1769,210,696,20,6,0,0,30,208,0,0,20,21,0,0,0,0,80,1479,6500,0,0,50,70,40,75,70,170,0,0,50,309,630,24402,630,4265,0,0,0,0,250,275,0,0,0,0,0,0,40,8,190,231,0,0,160,451,0,0,0,0,160,34,840,5282,250,686,230,610,220,302,30,25,0,0,530,3990,640,4571,0,0,0,0,140,854,700,2079
TX,79347,0,2940,930,1240,750,1900,7630,3640,0,0,0,134112,2940,137251,2600,92002,450,682,250,1324,220,942,0,0,430,5256,220,6394,140,1462,290,5446,210,70,245,270,3177,170,7490,680,3139,80,21,0,0,90,606,40,260,110,110,0,0,50,508,290,6799,39070,0,0,250,431,210,836,270,1368,130,780,220,2077,2050,79037,2020,13493,0,0,20,12,1030,1042,70,6,60,31,110,111,160,29,790,842,0,0,460,1388,40,159,40,173,660,149,2790,17331,800,2310,720,2022,990,1734,90,79,0,0,1530,12486,2110,14267,0,0,30,207,500,3696,2340,7257
TX,79350,0,310,150,100,60,140,610,220,0,0,0,11357,310,11381,280,9835,30,18,0,0,0,0,0,0,30,60,0,0,0,0,50,722,0,0,0,30,280,0,0,40,24,0,0,0,0,0,0,0,0,0,0,0,0,0,0,30,459,1959,0,0,0,0,0,0,20,70,0,0,0,0,210,6662,210,972,0,0,0,0,80,86,0,0,0,0,0,0,0,0,50,62,0,0,20,16,0,0,0,0,30,6,300,1545,90,227,80,208,60,64,0,0,0,0,180,885,210,943,0,0,0,0,40,106,250,723
TX,79351,0,510,200,220,90,340,1110,430,0,0,0,25373,510,25973,430,15264,110,97,40,58,40,65,0,0,90,568,50,550,30,156,80,892,70,0,0,70,970,30,641,140,600,0,0,0,0,0,0,0,0,20,23,0,0,40,169,50,1177,5519,0,0,50,72,20,40,50,125,0,0,40,307,390,16326,390,2665,0,0,0,0,150,155,0,0,0,0,0,0,0,0,110,125,0,0,100,349,0,0,0,0,80,15,440,2895,130,364,110,324,110,160,0,0,0,0,320,2510,410,2923,0,0,0,0,130,1409,340,1066
TX,79355,0,810,270,420,110,500,1920,750,0,0,0,47167,810,48269,710,35968,200,117,70,226,70,150,0,0,110,302,70,339,40,285,110,2106,70,0,0,90,1130,30,17,200,1102,20,8,0,0,30,229,0,0,40,32,0,0,30,213,110,2908,11726,0,0,70,119,60,143,100,311,50,268,80,811,620,30917,620,5017,0,0,0,0,290,392,0,0,0,0,40,37,30,7,220,327,0,0,120,512,0,0,0,0,90,21,760,6099,150,358,130,318,130,157,30,26,0,0,550,4623,620,5237,0,0,0,0,160,1360,620,2012
TX,79356,0,1810,700,770,320,1020,3900,1440,0,0,0,120947,1810,122980,1560,64648,360,2150,170,1754,150,1160,0,0,330,5863,160,5013,140,1328,250,4728,140,20,88,240,3038,120,13792,440,2033,40,12,0,0,70,617,20,101,80,66,0,0,70,255,210,4917,40794,0,0,180,299,130,449,200,853,70,379,160,1906,1360,88592,1360,19151,0,0,0,0,570,699,50,9,30,10,80,83,100,19,390,550,0,0,260,1021,0,0,0,0,230,64,1700,27582,430,1091,390,1011,330,396,70,67,0,0,1180,18570,1340,20212,0,0,40,550,320,1719,1390,4920
TX,79357,0,950,410,360,180,400,1990,760,0,0,0,40635,950,42213,800,24529,180,276,70,242,50,185,0,0,130,1104,70,1443,50,371,130,1764,70,20,67,110,1503,40,1108,250,1578,0,0,0,0,40,292,0,0,50,49,0,0,70,551,90,2322,11147,0,0,70,128,50,89,80,237,20,105,60,776,660,24452,650,4160,0,0,0,0,270,269,0,0,0,0,40,41,80,11,180,199,0,0,150,696,0,0,0,0,120,25,880,4550,340,868,300,784,240,347,40,36,0,0,530,3340,640,4747,0,0,0,0,180,2451,730,2112
TX,79358,0,520,230,240,50,290,1060,370,0,0,0,28548,520,29442,400,19452,160,107,60,83,60,48,0,0,90,807,60,269,20,137,70,1384,60,0,0,60,746,50,2541,170,894,0,0,0,0,30,238,0,0,30,26,0,0,40,238,90,2154,11963,0,0,80,160,80,336,90,497,60,486,80,659,390,19387,390,3287,0,0,0,0,150,189,0,0,0,0,40,34,20,4,90,122,0,0,100,491,0,0,0,0,40,10,450,3531,80,186,70,156,50,63,40,26,0,0,350,3095,390,3623,0,0,0,0,140,1071,350,836
TX,79359,0,1200,410,530,250,830,2820,1170,0,0,0,63343,1200,63966,1080,48082,190,345,70,222,60,156,0,0,190,642,60,385,60,850,130,2206,70,0,0,110,1267,40,757,250,623,30,10,0,0,0,0,0,0,50,54,0,0,0,0,140,3617,12926,0,0,90,133,70,149,130,351,30,143,90,718,880,41413,880,7095,0,0,0,0,390,457,0,0,0,0,40,45,80,14,280,366,30,6,140,474,0,0,0,0,160,32,1120,7856,290,853,270,765,260,374,40,28,0,0,760,6635,870,7325,0,0,0,0,190,1545,990,3279
TX,79360,0,5810,2080,3070,610,4390,14870,6400,0,0,0,347146,5810,354209,4590,232265,950,1987,380,1590,330,1245,70,57,1830,45693,440,11742,270,4173,500,11497,340,60,218,370,4669,330,24888,2140,7063,130,38,0,0,150,924,40,254,230,246,30,42,60,653,910,22161,117960,140,550,600,1143,630,2145,810,3928,480,3472,590,5175,4440,230301,4420,42630,100,255,0,0,1990,2778,80,6,120,65,170,177,180,29,1610,2376,100,51,1770,7317,20,69,30,75,1250,451,5170,48118,1100,2729,770,1876,1180,2102,160,127,0,0,3750,39680,4790,48220,70,130,90,245,1750,13200,3900,12585
TX,79363,0,2420,910,1160,320,1140,5420,2040,30,30,0,143599,2420,145490,2130,109554,600,564,270,750,250,519,0,0,450,3694,270,2325,170,2153,380,8534,130,40,160,270,3070,150,6242,710,1891,110,28,0,0,70,393,30,153,230,234,30,59,50,155,510,11457,61453,0,0,430,886,470,2100,510,3157,410,2744,460,3169,1880,97047,1870,16921,30,73,0,0,860,1071,70,3,120,62,180,188,130,18,560,747,30,5,350,930,30,85,30,82,180,46,2320,19657,490,1302,430,1153,350,483,160,129,0,0,1680,15800,1850,17139,30,16,40,65,430,2362,1880,5562
TX,79364,0,3330,1470,1250,580,1720,6750,2370,40,40,0,142680,3330,145994,2850,100605,680,812,300,810,250,535,0,0,460,4435,270,6175,240,2609,570,9915,160,50,154,420,4822,140,1917,790,3314,80,19,0,0,110,731,40,215,190,209,0,0,150,711,370,7341,33898,0,0,310,454,290,831,360,1385,200,1178,290,2078,2400,87515,2400,13661,0,0,30,16,950,982,60,2,80,51,150,145,240,42,590,708,20,3,430,1489,50,151,60,167,320,64,3170,19474,960,2525,850,2284,650,919,160,123,20,6,2080,12676,2350,14482,0,0,30,69,510,3379,2690,7806
TX,79366,0,510,190,300,20,310,1000,230,0,0,0,64248,510,65128,390,32867,270,895,180,1003,160,600,0,0,120,1680,170,1869,100,1661,160,4321,20,0,0,130,2356,70,6346,180,880,20,6,0,0,30,184,0,0,40,37,0,0,0,0,250,6611,47829,0,0,220,483,230,1453,250,2013,160,1143,210,2018,430,51823,420,12581,0,0,0,0,140,153,50,2,0,0,20,20,0,0,60,98,0,0,100,397,0,0,0,0,0,0,470,13926,30,39,20,34,20,23,0,0,0,0,390,12428,410,13082,30,28,40,90,170,1148,280,865
TX,79367,0,290,120,150,40,130,670,260,0,0,0,13242,290,13363,250,11662,40,4,0,0,0,0,0,0,50,335,0,0,0,0,40,680,0,0,0,30,295,0,0,80,121,0,0,0,0,0,0,0,0,30,38,0,0,0,0,30,490,2615,0,0,20,32,0,0,20,85,20,114,20,77,230,7992,230,1150,0,0,0,0,100,140,0,0,0,0,0,0,20,3,80,105,0,0,30,48,0,0,0,0,30,6,290,1769,70,207,70,176,60,76,0,0,0,0,200,1009,230,1129,0,0,0,0,40,78,250,765
TX,79370,0,600,230,300,60,320,1240,390,0,0,0,28399,600,28839,460,17902,140,96,70,131,70,94,0,0,120,777,80,375,60,781,120,2186,120,0,0,90,1049,40,526,170,440,0,0,0,0,20,130,0,0,0,0,0,0,0,0,60,1489,5518,0,0,40,74,30,49,50,138,0,0,30,128,390,17167,390,2682,0,0,0,0,160,212,0,0,0,0,0,0,30,6,130,166,0,0,110,244,0,0,0,0,40,7,540,3696,140,278,120,251,90,113,0,0,0,0,350,2469,400,2804,0,0,0,0,140,432,410,1185
TX,79371,0,550,200,270,70,320,1190,430,0,0,0,26097,550,26832,460,17823,120,91,60,119,60,51,0,0,70,503,60,91,50,520,90,1819,60,20,48,80,945,30,307,170,735,0,0,0,0,20,126,0,0,0,0,0,0,40,128,50,906,5251,0,0,40,70,40,91,50,173,20,99,50,298,410,16644,410,2621,0,0,0,0,170,192,0,0,0,0,30,28,30,3,110,143,0,0,100,328,0,0,0,0,50,11,480,3007,110,296,90,264,90,121,30,20,0,0,360,2425,420,2855,0,0,0,0,140,985,380,1077
TX,79372,0,660,240,320,100,320,1530,620,0,0,0,40944,660,41295,600,32605,120,64,50,66,50,34,0,0,100,562,40,223,40,632,100,1129,0,0,0,50,491,0,0,170,351,40,13,0,0,0,0,0,0,50,50,0,0,0,0,80,1738,8124,0,0,70,126,60,154,80,297,40,217,50,412,520,26120,520,4884,0,0,0,0,240,337,0,0,30,12,50,46,40,8,160,263,0,0,70,144,0,0,0,0,50,12,640,5545,130,317,120,282,100,126,40,30,0,0,450,4545,490,4880,0,0,0,0,80,258,560,1783
TX,79373,0,1280,520,520,210,610,2680,960,20,20,0,57103,1280,58510,1100,42128,300,256,110,250,110,144,0,0,190,1645,110,1035,80,908,190,3237,130,30,109,140,1923,60,1198,320,1407,30,6,0,0,50,379,0,0,60,63,0,0,80,346,160,3426,13867,0,0,140,207,120,394,160,643,70,392,140,809,960,35308,960,5356,0,0,0,0,390,453,30,2,50,26,50,57,70,14,270,325,0,0,190,703,0,0,20,74,130,28,1160,7194,350,975,320,893,260,346,60,46,0,0,830,4902,940,5687,0,0,0,0,250,1668,970,3090
TX,79377,0,130,50,70,0,90,300,110,0,0,0,5603,130,5646,110,4469,20,3,0,0,0,0,0,0,0,0,0,0,0,0,0,0,0,0,0,0,0,0,0,30,43,0,0,0,0,0,0,0,0,0,0,0,0,0,0,0,0,0,0,0,0,0,0,0,0,0,0,0,0,0,100,3077,90,427,0,0,0,0,40,48,0,0,0,0,0,0,0,0,30,35,0,0,0,0,0,0,0,0,0,0,110,623,30,69,30,66,20,30,0,0,0,0,80,374,100,432,0,0,0,0,20,52,90,248
TX,79379,0,280,100,120,50,120,620,250,0,0,0,11000,280,11088,250,9295,40,15,0,0,0,0,0,0,40,311,0,0,0,0,20,296,0,0,0,30,283,0,0,70,88,0,0,0,0,0,0,0,0,0,0,0,0,0,0,30,527,1271,0,0,0,0,0,0,0,0,0,0,0,0,210,6266,210,873,0,0,0,0,90,126,0,0,0,0,20,19,0,0,70,96,0,0,40,75,0,0,0,0,40,7,270,1360,80,193,70,173,60,67,0,0,0,0,170,746,200,847,0,0,0,0,50,91,230,645
TX,79381,0,490,190,230,60,270,1060,360,0,0,0,27367,490,27976,420,17644,120,177,50,58,40,36,0,0,80,1193,50,217,30,209,60,1504,50,0,0,60,767,40,645,170,609,0,0,0,0,20,145,0,0,30,21,0,0,40,107,100,2288,13299,0,0,80,137,80,356,100,527,60,474,70,663,360,18217,360,3451,0,0,0,0,160,172,0,0,0,0,20,24,30,5,90,122,0,0,80,312,0,0,0,0,60,11,450,4188,130,324,110,290,90,115,20,18,0,0,310,3278,370,3721,0,0,0,0,100,574,360,1124
TX,79382,0,3190,1260,1490,380,1470,6850,2480,50,20,20,232310,3190,236632,2820,156149,770,903,370,2778,360,1645,0,0,630,10232,350,5857,220,2814,510,9687,130,90,329,310,3503,250,22330,1010,4322,130,35,0,0,110,854,60,287,310,340,40,69,50,546,800,18684,119021,0,0,640,1312,710,3605,780,5133,630,4737,630,5229,2550,169768,2550,35527,40,159,20,11,1120,1394,90,7,200,116,240,266,180,27,710,941,40,8,520,1787,40,104,40,120,250,61,3050,37177,590,1407,490,1238,410,543,220,192,0,0,2290,34105,2510,36680,50,84,70,479,650,8521,2410,7028
TX,79401,0,2050,1510,300,230,670,2730,700,50,50,0,64143,2050,65404,1920,45999,220,172,110,452,100,300,0,0,210,2385,130,2232,40,290,120,2052,0,30,126,80,994,50,5120,400,1261,0,0,0,0,30,197,0,0,140,154,70,248,0,0,130,2872,16587,0,0,120,173,80,381,110,659,60,479,90,585,1320,40383,1320,7685,0,0,0,0,520,427,30,2,30,15,260,207,90,12,160,172,0,0,170,529,40,100,40,92,140,17,1980,10157,500,879,450,785,220,256,270,248,0,0,1080,7250,1210,8016,0,0,20,120,220,1813,1790,3352
TX,79403,0,6660,3060,1480,2030,2810,13610,5810,280,210,70,200818,6660,202537,6090,162716,530,596,200,1191,180,914,0,0,770,6425,200,2788,230,2454,750,10593,80,210,681,420,4217,80,1921,1000,1719,60,12,0,0,70,354,30,88,230,238,30,73,30,34,370,7875,36675,0,0,260,433,250,683,340,1233,190,1081,250,1966,4090,104038,4100,16315,0,0,30,14,1720,1437,30,2,130,61,260,215,560,91,1080,1024,50,17,620,1206,70,217,70,226,730,128,6480,33564,2930,8313,2710,7677,2020,2698,320,269,30,10,3290,14872,4020,16666,0,0,20,121,650,2082,5900,18598
TX,79404,0,4200,1980,890,1280,1930,8460,3610,140,120,30,118840,4200,119735,3850,98348,290,279,130,156,110,84,0,0,480,4812,110,1933,120,1103,420,5348,0,120,443,240,2114,50,2678,620,895,40,9,0,0,20,85,0,0,140,133,0,0,0,0,210,4064,15984,0,0,160,220,150,358,190,627,110,582,150,727,2550,58878,2550,8669,0,0,20,7,1070,874,0,0,80,38,110,95,350,59,710,659,0,0,410,843,60,197,70,210,500,97,4110,19249,1880,5198,1710,4787,1300,1710,160,142,30,11,2040,7796,2520,8811,0,0,0,0,400,1455,3750,11643
TX,79407,0,8630,4440,2780,1280,3650,16020,5230,150,100,50,536521,8630,545305,7570,346514,1790,5096,1060,8270,980,5579,30,31,1420,22149,960,26423,560,9253,1210,24511,130,170,654,870,11805,500,62637,2300,8784,190,50,40,1380,210,1388,80,331,810,856,130,331,80,1429,1320,36335,242925,50,723,1080,2291,1090,5860,1290,9047,840,6790,1050,11624,6660,389503,6630,86851,110,653,60,41,2660,2731,310,59,330,185,660,651,580,84,1330,1608,60,19,1130,3623,110,260,120,329,770,153,8290,99681,1950,4775,1710,4235,1320,1749,610,548,50,14,5790,84039,6480,89900,160,414,220,1369,1440,10069,6880,20849
TX,79410,0,3360,1980,970,370,1240,5610,1590,50,30,20,174739,3360,177587,2980,127076,750,720,450,2604,410,1862,0,0,570,7752,410,6831,220,3397,450,8997,20,40,194,320,4064,190,10253,930,2848,90,24,0,0,90,615,50,191,350,432,70,192,0,0,490,11147,72343,0,0,400,695,430,2202,480,3110,330,2146,400,3460,2540,123377,2520,23817,40,104,0,0,930,910,110,15,120,52,330,291,170,27,370,471,30,5,450,1225,40,108,40,111,250,48,3250,29406,670,1527,580,1377,390,509,290,256,0,0,2220,22828,2440,24525,60,108,80,213,610,2865,2630,6559
TX,79411,0,2970,1620,570,770,1230,5610,2250,100,80,20,78245,2970,79070,2760,66972,200,80,100,236,90,151,0,0,370,3144,90,238,70,689,230,3611,0,80,233,130,1196,30,642,520,825,30,8,0,0,0,0,20,64,160,173,30,75,0,0,120,2390,8493,0,0,100,115,70,238,120,402,70,331,90,349,1840,38420,1840,5407,0,0,30,10,780,611,0,0,60,29,160,138,240,40,420,382,0,0,300,554,50,135,60,146,330,52,2910,12466,1210,3290,1120,3022,840,1083,170,145,0,0,1470,4795,1800,5494,0,0,0,0,280,575,2650,7477
TX,79412,0,6560,3060,1620,1800,2850,13320,5500,290,230,60,192339,6560,193740,5970,160919,630,618,260,703,240,363,0,0,770,6273,230,987,290,2385,760,12222,0,170,595,430,4338,70,1666,1060,1401,80,19,0,0,40,148,40,147,310,305,30,64,0,0,440,7872,28294,0,0,330,425,350,770,410,1271,250,1128,310,1586,4170,96266,4170,13563,0,0,50,23,1750,1513,40,1,170,73,270,243,530,77,1120,1094,40,10,630,1055,100,313,100,334,690,118,6390,29870,2730,7597,2510,6999,1940,2549,350,307,40,10,3340,11992,4030,13355,0,0,0,0,610,1321,5810,17738
TX,79413,0,9590,4760,3270,1410,4000,17970,5770,170,90,80,486802,9590,493712,8020,331512,2400,4029,1380,7522,1280,5104,20,28,1510,16972,1250,14653,990,13497,1790,41382,70,170,687,1410,18897,490,16621,2520,6910,290,76,30,534,270,1536,150,679,920,1101,150,376,60,84,1660,36876,178479,60,228,1360,2179,1410,4456,1620,7219,1010,5242,1350,10436,7320,324842,7270,56731,70,227,70,42,2910,3227,390,53,440,241,710,702,600,97,1540,1893,110,27,1190,3231,140,364,140,373,720,160,9140,70401,2100,5135,1830,4634,1420,1928,620,551,60,33,6380,53874,7030,58248,50,64,120,476,1760,8740,7360,19704
TX,79414,0,8200,4440,2150,1480,2960,14690,4830,190,120,70,299768,8200,303094,7400,245947,1160,715,550,1080,500,653,20,12,1050,9303,480,2456,450,5685,1040,17128,0,170,640,660,7212,150,4735,1910,3326,190,46,0,0,110,444,90,240,850,931,110,319,0,0,600,10393,47525,40,72,410,548,440,992,560,1817,350,1464,440,2279,6130,176820,6120,26593,0,0,60,29,2470,2345,120,4,370,201,650,581,630,85,1300,1422,80,18,830,1621,120,295,120,297,810,158,7960,41352,2280,5685,2010,5193,1530,1998,560,500,50,24,5210,24096,5870,26267,0,0,0,0,1110,2820,6890,17809
TX,79415,0,6860,3640,1590,1560,2760,12740,4840,280,220,60,203012,6860,205103,6410,169364,560,543,220,529,190,344,0,0,710,6712,200,1483,210,3230,640,9728,60,160,531,350,3369,90,4326,1080,2091,50,14,0,0,30,224,30,72,330,327,110,322,0,0,380,7926,37783,0,0,290,498,280,799,350,1414,240,1404,280,1847,4360,107201,4360,16580,0,0,40,19,1920,1661,40,1,160,76,490,389,540,86,1030,1030,30,6,570,1304,80,244,90,252,780,133,6720,31606,2530,6693,2330,6235,1680,2225,590,533,40,12,3460,14861,4110,16612,0,0,20,31,610,2494,6160,17233
TX,79416,0,14430,7270,4880,2060,5640,27020,8950,250,160,100,807186,14430,817370,12750,568207,3050,6571,1770,9875,1650,6863,60,88,2040,24284,1580,47099,1030,16346,2220,52250,140,240,1117,1520,20222,630,50260,3910,10184,420,107,40,928,290,1634,180,755,1700,1968,290,760,110,693,2470,56347,333764,90,597,1930,3565,2000,8391,2400,13250,1630,10180,1960,17223,11280,562704,11220,104915,140,481,90,45,4870,5539,490,71,820,443,1370,1290,890,133,2620,3355,150,51,1560,4036,180,463,190,491,1020,219,13930,129376,2890,6902,2580,6287,2010,2598,1270,1121,90,49,9800,100032,10680,106373,160,229,230,1767,2370,12262,11530,32652
TX,79423,0,16620,7250,6900,2270,7520,33260,10970,180,110,70,1164936,16620,1182299,14520,787317,4500,8905,2410,15385,2200,11313,100,86,3140,46059,2280,61113,1380,20734,2930,64124,200,280,1360,2030,28159,1130,93870,5010,17363,610,153,90,1756,560,3566,300,1415,1850,2097,200,502,180,2015,4150,93889,562359,110,653,3350,6223,3710,17446,4080,25240,3140,21216,3320,26090,13500,850812,13460,169211,260,874,110,85,5700,7469,700,249,1090,647,1220,1290,920,146,3300,4344,190,58,2500,8020,170,504,200,579,1110,261,15970,194189,2980,7029,2540,6164,2030,2656,1020,895,80,42,12150,161942,13210,173671,320,522,460,2085,3320,23268,12570,36343
TX,79424,0,21070,8890,10210,1690,10240,42380,12920,150,70,80,1883699,21070,1914443,17790,1228596,7920,15368,4590,33215,4290,25362,190,243,4380,89883,4350,88461,2350,42185,4150,111119,350,270,1152,3100,47594,2250,185797,7580,30744,1060,278,210,4746,1040,6969,450,2437,2490,2929,380,877,330,2227,7660,186313,1173519,250,1272,6400,13580,7010,38911,7570,54605,5990,44791,6440,54411,17900,1437381,17800,295242,530,1943,130,116,7420,9565,1430,313,1530,902,1820,2017,820,127,3720,5078,250,72,3620,13496,220,582,260,684,1000,302,20090,321581,2110,4336,1720,3602,1440,1815,1470,1281,100,44,16670,285678,17600,305756,690,1006,950,3608,5200,42874,14620,44320
TX,79501,0,1430,600,610,220,870,2980,1020,0,0,0,64109,1430,65171,1230,47397,280,137,120,438,110,367,0,0,290,3009,120,1056,90,774,290,5359,170,40,127,190,2034,60,1168,360,1062,40,11,0,0,50,302,0,0,90,82,0,0,20,17,170,3717,15783,0,0,150,241,120,293,170,586,80,462,130,784,1040,39646,1020,6303,0,0,0,0,440,452,40,1,0,0,60,59,130,21,270,342,20,6,230,690,0,0,0,0,90,24,1380,9041,380,979,340,901,270,358,40,37,0,0,900,5712,1010,6502,0,0,0,0,240,1064,1150,3497
TX,79502,0,530,240,230,50,380,1060,330,0,0,0,28950,530,29514,430,18336,140,108,90,485,90,523,0,0,130,1751,90,1359,30,248,100,2148,100,0,0,90,1118,40,567,150,564,0,0,0,0,30,212,0,0,20,18,0,0,0,0,60,1492,6490,0,0,50,78,40,57,60,156,0,0,40,312,410,19663,410,3134,0,0,0,0,170,184,30,5,0,0,20,22,0,0,110,131,0,0,100,372,0,0,0,0,50,11,490,4160,90,197,70,165,60,83,20,14,0,0,360,2945,400,3397,0,0,0,0,110,705,390,1032
TX,79504,0,1140,460,540,140,660,2280,670,0,0,0,57113,1140,57880,930,39091,280,210,130,309,130,225,0,0,260,2175,150,2094,100,1403,270,6203,150,30,150,170,1891,60,1014,320,767,40,12,0,0,40,245,0,0,80,93,0,0,0,0,160,3115,16926,0,0,140,239,130,337,150,630,100,691,110,587,840,37520,830,6217,0,0,0,0,320,359,40,2,40,22,40,44,70,12,190,257,0,0,210,417,0,0,0,0,90,18,1090,8575,260,589,220,515,160,190,40,37,0,0,740,5858,850,6443,0,0,0,0,210,808,870,2462
TX,79506,0,270,100,140,20,150,510,120,0,0,0,16212,270,16386,200,9811,80,25,40,127,40,72,0,0,60,440,40,434,40,391,70,1689,50,0,0,60,767,0,0,90,174,0,0,0,0,0,0,0,0,0,0,0,0,0,0,40,685,4440,0,0,30,52,20,49,30,123,0,0,0,0,210,11420,210,1880,0,0,0,0,80,66,0,0,0,0,0,0,0,0,30,45,0,0,60,115,0,0,0,0,0,0,250,2247,40,69,20,53,0,0,0,0,0,0,190,1812,220,2015,0,0,0,0,70,275,180,472
TX,79508,0,590,260,280,50,330,1110,290,0,0,0,38299,590,38875,480,24327,150,100,80,249,80,254,0,0,130,1478,80,632,50,449,130,3263,30,0,0,100,1055,30,2153,160,576,0,0,0,0,20,98,0,0,40,42,0,0,0,0,110,2578,14861,0,0,90,164,80,246,110,459,60,460,80,404,480,27387,470,5266,0,0,0,0,170,165,0,0,0,0,30,32,50,7,80,98,0,0,80,273,0,0,0,0,50,12,560,6022,90,223,80,182,50,66,30,25,0,0,450,5100,470,5514,0,0,0,0,130,897,430,1139
TX,79510,0,3370,1310,1590,400,1860,6960,2170,60,0,60,169754,3370,172051,2750,120313,770,867,360,2328,330,1769,0,0,670,8170,370,7742,290,3313,810,16160,350,70,299,490,5324,120,5810,890,2297,100,27,0,0,90,424,40,191,260,280,20,39,0,0,470,11493,48744,0,0,410,711,400,1013,470,1907,310,1762,340,2200,2550,108994,2550,17209,30,73,20,15,1040,1210,90,8,110,59,170,165,230,35,650,858,40,11,500,1441,40,124,40,137,300,79,3200,23162,720,1683,620,1392,470,610,160,129,0,0,2270,15998,2560,17790,0,0,30,121,590,2906,2640,7652
TX,79511,0,650,250,330,70,350,1360,430,0,0,0,49543,650,49955,540,32362,190,114,80,218,60,85,0,0,120,486,70,1856,30,173,130,2595,60,0,0,80,1074,50,919,180,412,20,6,0,0,0,0,0,0,40,28,0,0,0,0,100,2314,13612,0,0,80,179,80,218,100,415,60,392,80,676,530,37484,530,7118,0,0,0,0,200,225,20,0,20,10,20,22,40,5,110,171,0,0,100,349,0,0,0,0,60,12,600,7079,90,227,80,200,70,82,20,16,0,0,500,6891,540,7485,0,0,0,0,150,1421,450,1337
TX,79512,0,2470,1010,1060,370,1410,5110,1710,20,0,20,133449,2470,135392,2080,94198,560,510,330,1902,300,1214,0,0,450,5053,310,5462,230,3355,470,8323,190,50,202,330,3824,140,5521,640,1943,80,21,0,0,80,432,40,257,120,123,0,0,60,136,290,6157,30555,0,0,230,418,210,677,280,1216,120,617,200,1560,1880,91106,1870,15210,30,81,0,0,740,982,90,10,70,31,110,90,140,21,470,652,30,9,390,1167,20,73,20,74,230,56,2350,19319,540,1379,470,1238,380,479,90,71,0,0,1700,14226,1900,15754,0,0,40,163,450,3057,1910,6059
TX,79520,0,940,360,420,150,660,2010,730,0,0,0,42121,940,43176,780,30473,180,63,60,136,60,119,0,0,180,3408,90,578,50,529,160,2883,80,0,0,120,1569,30,908,230,1055,30,8,0,0,40,244,0,0,60,56,0,0,0,0,100,2167,10296,0,0,100,147,80,182,100,386,40,143,80,515,650,26186,640,4235,0,0,0,0,260,302,0,0,0,0,40,41,50,9,160,223,0,0,140,461,0,0,0,0,120,27,890,6370,260,620,220,544,170,211,40,38,0,0,570,3932,660,4475,0,0,0,0,160,655,750,2338
TX,79521,0,1450,580,660,200,1000,2920,930,0,0,0,69532,1450,71151,1160,42562,350,480,210,777,210,647,0,0,300,2993,220,3108,150,1791,280,6445,170,20,81,220,2694,70,2756,400,1619,40,11,0,0,90,484,0,0,90,85,0,0,50,124,180,4054,16724,0,0,160,238,130,293,170,625,70,264,140,1151,1040,44939,1030,7548,0,0,0,0,420,436,80,9,30,19,70,63,60,12,240,310,0,0,260,919,30,81,30,96,160,30,1340,9503,350,822,310,736,220,277,60,48,0,0,920,7112,1090,8183,0,0,0,0,310,1972,1060,2875
TX,79525,0,1260,440,640,160,710,2730,920,0,0,0,62445,1260,63127,1070,48137,270,179,120,166,90,107,0,0,260,2018,100,463,80,864,240,4881,150,30,153,160,1557,40,616,330,682,30,9,0,0,20,64,0,0,110,100,0,0,0,0,190,3856,15866,0,0,140,219,140,343,190,658,110,565,120,750,960,39379,960,6312,0,0,0,0,410,522,0,0,40,19,70,87,90,15,270,368,0,0,170,404,0,0,0,0,120,30,1200,9261,280,763,260,654,200,288,70,55,0,0,860,5787,970,6416,0,0,0,0,190,721,1020,3227
TX,79526,0,440,160,220,40,280,910,270,0,0,0,29264,440,29647,350,19967,130,68,60,314,60,260,0,0,70,808,70,1163,30,289,70,1544,100,0,0,70,851,0,0,110,383,0,0,0,0,0,0,0,0,0,0,0,0,20,10,70,1640,8907,0,0,60,101,60,124,70,288,30,204,50,331,350,21196,340,3772,0,0,0,0,150,162,20,2,0,0,0,0,0,0,80,111,0,0,60,197,0,0,0,0,40,10,390,3730,60,125,50,109,40,44,0,0,0,0,320,3602,340,3950,0,0,0,0,120,646,290,932
TX,79527,0,210,80,120,0,130,470,150,0,0,0,14814,210,14909,180,11265,70,15,30,88,30,72,0,0,50,430,30,515,0,0,30,432,30,0,0,30,349,0,0,60,95,0,0,0,0,0,0,0,0,0,0,0,0,0,0,20,427,2007,0,0,0,0,0,0,0,0,0,0,0,0,180,10668,180,1920,0,0,0,0,80,87,0,0,0,0,0,0,0,0,50,67,0,0,40,56,0,0,0,0,0,0,210,2232,30,52,20,47,0,0,0,0,0,0,170,1832,180,2035,0,0,0,0,40,247,150,556
TX,79528,0,240,110,110,30,170,470,140,0,0,0,12381,240,12542,190,8275,70,62,30,35,30,27,0,0,40,63,30,67,0,0,60,1248,60,0,0,40,493,0,0,60,161,0,0,0,0,0,0,0,0,0,0,0,0,0,0,0,0,0,0,0,0,0,0,0,0,0,0,0,0,0,180,8407,180,1356,0,0,0,0,70,82,0,0,0,0,0,0,0,0,40,59,0,0,40,89,0,0,0,0,0,0,220,1530,40,103,40,90,30,29,0,0,0,0,170,1248,180,1372,0,0,0,0,50,291,170,472
TX,79529,0,500,180,250,70,350,1150,430,0,0,0,26074,500,26415,410,19054,100,42,50,184,50,145,0,0,110,300,60,203,30,176,100,1773,50,0,0,60,765,20,1022,140,341,0,0,0,0,0,0,0,0,0,0,0,0,0,0,60,1453,6613,0,0,50,92,40,59,60,186,0,0,50,318,340,18737,340,2855,0,0,0,0,170,186,0,0,0,0,20,20,20,3,110,150,0,0,80,137,0,0,0,0,60,11,460,3759,140,363,120,312,100,130,0,0,0,0,300,2615,360,2906,0,0,0,0,80,485,390,1278
TX,79530,0,250,100,120,20,150,470,120,0,0,0,12298,250,12446,200,8673,60,17,30,29,30,15,0,0,50,276,30,145,0,0,40,921,40,0,0,30,388,0,0,70,148,0,0,0,0,0,0,0,0,0,0,0,0,0,0,30,477,3802,0,0,0,0,0,0,20,107,0,0,0,0,190,8323,190,1373,0,0,0,0,60,63,0,0,0,0,0,0,0,0,30,36,0,0,40,50,0,0,0,0,0,0,230,1737,50,98,40,81,20,30,0,0,0,0,180,1305,190,1415,0,0,0,0,50,114,170,463
TX,79532,0,390,180,160,50,250,800,260,0,0,0,18222,390,18513,320,13592,90,48,30,45,30,20,0,0,50,61,40,400,20,103,70,1163,50,0,0,60,548,0,0,90,291,0,0,0,0,0,0,0,0,0,0,0,0,0,0,40,906,4271,0,0,30,53,30,60,40,154,0,0,30,183,290,11631,290,1723,0,0,0,0,110,119,0,0,0,0,20,19,20,3,60,84,0,0,40,97,0,0,0,0,40,8,370,2406,80,194,70,177,60,75,0,0,0,0,270,1603,290,1811,0,0,0,0,70,257,310,873
TX,79533,0,230,100,100,30,130,520,220,0,0,0,7660,230,7692,190,5884,0,0,0,0,0,0,0,0,40,194,0,0,0,0,30,470,30,0,0,20,159,0,0,50,32,0,0,0,0,0,0,0,0,0,0,0,0,0,0,0,0,0,0,0,0,0,0,0,0,0,0,0,0,0,130,4015,130,552,0,0,0,0,50,51,0,0,0,0,0,0,0,0,30,39,0,0,40,37,0,0,0,0,30,5,210,1004,50,103,40,82,50,67,0,0,0,0,120,499,150,563,0,0,0,0,20,21,190,473
TX,79536,0,2150,830,1040,240,1220,4550,1490,30,0,30,108908,2150,110564,1870,85066,480,222,220,764,200,595,0,0,370,5058,220,1886,140,2049,410,7899,240,60,287,260,2870,90,2650,550,1656,70,20,0,0,70,346,30,117,180,178,0,0,0,0,270,6587,27473,0,0,220,411,210,532,260,1001,180,943,180,1289,1630,69932,1630,11270,0,0,0,0,670,817,30,3,70,35,110,123,170,30,410,563,30,9,310,904,20,63,20,67,210,49,2050,15553,460,1195,410,1064,320,405,110,98,0,0,1460,10390,1650,11488,0,0,0,0,340,1442,1740,5168
TX,79538,0,90,40,50,0,70,200,50,0,0,0,4440,90,4440,60,2569,30,3,0,0,0,0,0,0,0,0,0,0,0,0,20,220,30,0,0,30,298,0,0,0,0,0,0,0,0,0,0,0,0,0,0,0,0,0,0,0,0,0,0,0,0,0,0,0,0,0,0,0,0,0,70,2595,70,368,0,0,0,0,20,12,0,0,0,0,0,0,0,0,0,0,0,0,0,0,0,0,0,0,0,0,90,550,0,0,0,0,0,0,0,0,0,0,60,353,70,453,0,0,0,0,0,0,70,183
TX,79541,0,330,120,190,30,200,710,230,0,0,0,21280,330,21548,270,16017,110,43,60,124,50,99,0,0,80,1120,60,351,20,164,90,1788,100,0,0,60,641,0,0,100,268,0,0,0,0,0,0,0,0,30,25,0,0,0,0,60,1396,8581,0,0,50,108,50,147,60,284,40,347,50,381,270,14731,270,2529,0,0,0,0,100,127,0,0,0,0,0,0,0,0,60,88,0,0,50,150,0,0,0,0,20,5,310,3270,40,89,30,75,30,32,0,0,0,0,250,2390,260,2613,0,0,0,0,70,164,240,806
TX,79543,0,470,170,240,50,300,1010,350,0,0,0,25440,470,26028,360,15919,110,45,60,137,60,93,0,0,90,770,70,378,40,573,100,2347,90,0,0,80,1127,0,0,170,588,0,0,0,0,20,98,0,0,30,27,0,0,50,164,50,933,4788,0,0,40,63,40,51,50,116,20,93,40,267,360,17058,360,2620,0,0,0,0,150,179,20,1,0,0,30,21,30,3,90,128,0,0,90,271,0,0,0,0,40,7,430,3066,80,182,70,158,50,75,0,0,0,0,320,2442,360,2770,0,0,0,0,110,587,330,939
TX,79544,0,170,60,80,20,130,370,110,0,0,0,6727,170,6804,140,4975,30,6,0,0,0,0,0,0,30,64,0,0,0,0,30,496,40,0,0,30,265,0,0,40,77,0,0,0,0,0,0,0,0,0,0,0,0,0,0,0,0,0,0,0,0,0,0,0,0,0,0,0,0,0,110,3831,110,568,0,0,0,0,40,38,0,0,0,0,0,0,0,0,0,0,0,0,30,30,0,0,0,0,0,0,160,933,50,128,40,114,30,40,0,0,0,0,100,527,120,610,0,0,0,0,20,27,130,382
TX,79545,0,760,280,370,100,500,1700,630,0,0,0,42149,760,43236,620,29570,150,113,80,231,80,134,0,0,140,701,110,649,50,849,140,2289,100,0,0,110,1246,30,742,240,1087,30,9,0,0,30,180,0,0,60,52,0,0,60,285,120,2739,13551,0,0,100,177,90,234,120,475,50,262,80,712,590,27651,590,4431,0,0,0,0,270,372,20,0,20,11,50,41,30,6,170,260,20,8,110,471,0,0,0,0,60,17,710,5427,150,377,130,334,120,143,40,26,0,0,510,4064,590,4621,0,0,0,0,150,1245,570,1865
TX,79546,0,780,310,350,90,500,1530,440,0,0,0,44373,780,45899,620,24053,200,149,90,458,80,310,0,0,130,620,100,1579,80,668,170,3199,110,0,0,150,1933,50,1645,220,1526,20,6,0,0,60,424,0,0,40,39,0,0,60,241,90,1904,11309,0,0,80,139,50,84,80,234,20,96,60,531,590,31147,590,4894,0,0,0,0,220,200,30,3,0,0,40,39,40,7,100,134,0,0,130,603,0,0,0,0,60,10,700,6021,160,337,150,314,90,117,30,30,0,0,530,4633,570,5284,0,0,0,0,180,1484,540,1445
TX,79547,0,300,130,150,30,210,600,170,0,0,0,12990,300,13182,230,8031,80,47,50,203,50,172,0,0,50,197,50,489,0,0,60,1048,50,0,0,50,419,0,0,80,192,0,0,0,0,0,0,0,0,0,0,0,0,0,0,30,677,3182,0,0,30,45,0,0,30,100,0,0,20,85,200,7983,190,1177,0,0,0,0,70,71,0,0,0,0,0,0,0,0,30,46,0,0,50,164,0,0,0,0,40,8,270,1598,80,164,60,138,40,52,0,0,0,0,190,1097,220,1329,0,0,0,0,60,152,210,514
TX,79549,0,5970,2520,2590,830,3700,12980,4840,40,0,40,376698,5970,381131,5190,272663,1360,1792,750,4064,720,3125,0,0,950,17695,670,10841,490,8102,970,17819,340,110,527,680,8517,260,14959,1310,4433,140,38,0,0,150,963,60,300,330,342,30,26,90,317,800,19322,108037,0,0,640,1284,620,2079,770,3627,420,2556,570,5917,4670,267952,4640,49670,70,169,40,37,2010,2468,250,88,150,83,260,233,290,43,1320,1901,140,46,740,2453,60,190,70,231,530,148,5740,59119,1200,2994,1070,2694,910,1217,220,180,30,12,4170,47128,4600,50537,80,116,120,361,1030,7863,4710,15228
TX,79553,0,1370,560,570,240,850,2840,1010,0,0,0,62467,1370,63857,1140,41656,270,220,210,874,210,777,0,0,270,2494,220,1912,120,1378,210,3692,130,40,128,180,2044,70,1136,370,1390,40,14,0,0,60,296,0,0,60,51,0,0,60,76,160,3751,16505,0,0,130,213,120,304,160,547,50,239,120,834,940,39308,930,6875,0,0,0,0,440,413,90,11,0,0,50,52,90,15,260,293,0,0,260,748,20,63,20,65,200,45,1270,8774,400,984,350,881,270,368,50,40,0,0,810,6443,960,7332,0,0,0,0,260,1437,1040,3175
TX,79556,0,5420,2250,2090,1020,3180,11170,3940,60,0,60,272510,5420,276865,4660,186374,880,1361,550,4743,530,3122,0,0,880,11315,530,9663,420,7120,910,18339,260,140,487,660,7687,220,16143,1230,4355,150,38,30,458,170,1112,80,472,340,306,30,48,60,393,580,13524,73226,0,0,490,916,480,1728,560,3059,320,1643,430,3508,3940,181466,3920,32055,40,145,40,24,1650,1759,180,23,160,83,250,239,410,66,980,1244,90,24,700,2125,50,184,60,206,450,89,5190,43427,1480,3933,1310,3553,1030,1346,240,185,0,0,3480,30298,3940,33194,30,37,90,337,790,4958,4380,13403
TX,79561,0,280,110,130,40,150,590,190,0,0,0,13041,280,13134,240,10341,50,19,0,0,0,0,0,0,50,394,0,0,20,219,50,745,40,0,0,40,395,0,0,70,93,0,0,0,0,0,0,0,0,0,0,0,0,0,0,40,791,3019,0,0,20,29,20,50,30,102,0,0,0,0,210,8073,210,1181,0,0,0,0,100,107,0,0,0,0,0,0,0,0,50,73,0,0,30,65,0,0,0,0,20,7,260,1701,60,128,50,110,30,44,0,0,0,0,200,1071,220,1168,0,0,0,0,40,90,210,660
TX,79562,0,1910,600,1120,150,1040,4330,1490,0,0,0,155970,1910,158585,1650,108407,680,618,390,1488,360,1159,0,0,420,6767,370,8623,180,2567,400,10289,190,30,207,220,3283,180,9839,650,2615,90,25,0,0,90,554,30,149,210,240,30,33,0,0,560,12327,79324,0,0,470,1092,490,1698,550,2924,440,3618,420,3237,1590,115617,1560,21550,30,91,0,0,710,981,100,8,150,87,140,157,80,13,440,675,0,0,320,1269,0,0,0,0,100,29,1810,24241,210,461,180,390,150,201,110,91,0,0,1470,20570,1580,22258,40,39,60,165,420,3323,1390,4221
TX,79563,0,570,260,230,80,270,1120,350,0,0,0,21019,570,21184,480,16590,90,15,30,12,20,11,0,0,80,399,0,0,30,188,90,1424,20,0,0,50,520,0,0,110,165,0,0,0,0,0,0,0,0,20,19,0,0,0,0,50,923,2704,0,0,30,38,20,21,40,107,0,0,20,71,400,12123,400,1793,0,0,0,0,140,122,0,0,0,0,0,0,60,9,80,89,0,0,60,96,0,0,0,0,60,8,540,3085,170,436,160,396,110,161,0,0,0,0,340,1667,390,1837,0,0,0,0,60,115,480,1371
TX,79565,0,170,50,90,0,90,390,140,0,0,0,9785,170,9883,120,8275,40,4,0,0,0,0,0,0,40,487,0,0,0,0,0,0,30,0,0,0,0,0,0,60,98,0,0,0,0,0,0,0,0,0,0,0,0,0,0,0,0,0,0,0,0,0,0,0,0,0,0,0,0,0,140,6664,140,975,0,0,0,0,60,83,0,0,0,0,0,0,0,0,40,65,0,0,30,73,0,0,0,0,0,0,160,1277,20,61,0,0,0,0,0,0,0,0,140,891,150,1013,0,0,0,0,20,92,130,422
TX,79566,0,120,40,70,0,70,230,50,0,0,0,5772,120,5808,80,3562,40,5,0,0,0,0,0,0,0,0,30,283,0,0,40,843,40,0,0,30,303,0,0,30,36,0,0,0,0,0,0,0,0,0,0,0,0,0,0,0,0,0,0,0,0,0,0,0,0,0,0,0,0,0,90,3876,90,578,0,0,0,0,30,42,0,0,0,0,0,0,0,0,0,0,0,0,0,0,0,0,0,0,0,0,100,697,0,0,0,0,0,0,0,0,0,0,80,534,90,589,0,0,0,0,30,29,70,241
TX,79567,0,1390,580,580,200,860,2790,890,0,0,0,60967,1390,62348,1130,41379,320,329,170,677,170,485,0,0,230,3300,190,1520,130,1436,320,5474,170,40,96,200,2191,70,1585,360,1381,30,8,0,0,100,516,0,0,70,72,0,0,0,0,110,2299,10869,0,0,110,157,70,182,110,365,30,169,80,460,1010,38226,980,5848,0,0,0,0,400,382,60,2,20,14,50,59,90,16,240,283,0,0,240,692,0,0,0,0,170,30,1290,8809,340,857,300,729,220,293,60,50,0,0,870,5465,1030,6311,0,0,0,0,230,1185,1060,3169
TX,79601,0,7830,3880,2800,1040,3930,14460,4450,180,0,180,376253,7830,380977,6650,235714,1790,2413,1030,8470,960,6706,20,15,1340,15115,970,18364,590,7898,1410,30587,260,160,655,950,11192,320,13596,2010,4724,220,59,20,348,180,951,120,585,740,895,100,250,0,0,1130,26293,132315,30,122,970,1689,940,3114,1120,5095,620,3569,920,8339,5620,248926,5590,45154,40,133,50,22,2310,2265,320,65,290,143,500,490,620,97,1090,1329,110,36,1040,2529,90,271,90,299,640,133,7520,57210,1930,4630,1740,4146,1180,1588,480,459,40,18,4940,43951,5560,47497,20,16,70,1078,1200,5084,6290,17018
TX,79602,0,9850,4040,4440,1240,5100,20590,6940,170,0,170,665619,9850,676293,8530,436824,2620,4019,1610,11703,1540,9242,50,43,1820,33673,1470,27133,770,13220,1850,43696,330,220,814,1060,14634,670,72502,2820,10674,340,87,80,2064,350,2094,210,1097,990,1105,120,259,40,320,2170,52779,329215,70,380,1800,3999,1940,8216,2130,13028,1630,11803,1770,18249,7700,477962,7670,97471,120,431,80,34,3550,4271,520,248,590,304,690,694,810,124,1960,2502,170,66,1390,5048,120,300,130,330,710,168,9480,114911,2090,5190,1830,4604,1430,1889,600,496,40,11,6840,93255,7530,100330,160,285,240,1147,1760,14228,7670,24909
TX,79603,0,10200,4860,3160,2060,5450,20390,7580,350,0,350,331914,10200,334763,8960,268358,1510,892,660,1662,600,1224,0,0,1380,11214,550,3168,570,4819,1720,29382,100,270,1020,1000,9310,120,1115,1780,2849,150,38,0,0,110,438,80,312,590,655,40,106,0,0,710,13287,47702,0,0,570,828,520,1030,680,2062,350,1512,490,3183,6950,176001,6930,24480,0,0,60,32,3070,2888,150,7,340,163,480,462,1020,157,1780,2013,160,54,1020,1961,120,306,130,351,940,180,9880,47868,3560,9328,3210,8388,2400,3281,520,439,50,18,5740,21497,6730,24008,0,0,0,0,1050,2406,8890,26008
TX,79605,0,13760,6590,4810,2130,6790,26350,8610,320,0,320,689201,13760,698608,11770,439779,2860,3789,1700,14628,1560,11844,40,26,2100,26354,1460,22438,1040,14269,2620,55825,170,310,1178,1660,19654,550,47135,3130,9407,300,78,50,1336,300,1828,200,965,1160,1249,90,234,40,319,1720,40140,256873,50,162,1450,2809,1430,5143,1700,8380,1010,5516,1390,14790,10300,461910,10260,89171,90,330,90,54,4320,4403,560,193,630,299,710,746,1310,184,2240,2686,160,53,1620,4393,170,447,200,479,1290,256,13250,104534,3620,9018,3190,8074,2400,3112,710,615,70,40,8970,84223,10020,90917,100,148,160,1318,1940,11290,11260,30846
TX,79606,0,11610,5160,5160,1110,5380,22840,6840,240,40,200,800895,11610,812823,9780,512656,3560,5717,2270,20291,2120,16744,70,69,1790,34675,2080,40588,1220,19611,2770,72199,280,210,938,1720,24544,730,58894,3330,11928,400,103,70,1596,410,2511,250,1232,1240,1432,160,328,60,458,2620,65650,361322,90,331,2180,4759,2290,10008,2590,15360,1840,12468,2090,19110,9640,577789,9570,111923,150,707,70,47,4210,5153,740,314,730,394,1000,998,930,144,2080,2760,160,61,1420,4981,110,275,130,326,620,150,11190,132188,1750,4019,1520,3639,1230,1609,850,708,40,27,8660,106816,9180,114186,200,311,290,1398,2220,12899,8870,25604
TX,79607,0,1160,490,620,30,220,2750,1020,30,30,0,37702,1160,37981,1150,36837,120,18,60,30,60,20,0,0,30,66,40,129,0,0,40,693,0,20,92,0,0,0,0,200,279,0,0,0,0,0,0,0,0,130,120,0,0,0,0,30,488,2116,0,0,0,0,0,0,20,95,0,0,20,95,950,16774,950,2089,0,0,0,0,520,563,0,0,110,69,100,79,220,36,320,376,0,0,0,0,0,0,0,0,0,0,1160,5559,350,1033,330,1016,340,556,90,62,0,0,700,1524,710,1547,0,0,0,0,0,0,1120,4042
TX,79701,0,13860,6020,4370,3350,8450,29370,12040,210,140,70,1238461,13860,1249909,12320,614196,1760,16308,1070,31925,1010,25237,60,637,2700,25790,1030,289327,530,8499,1220,20060,110,190,774,870,10804,620,52805,2890,11448,200,49,60,2190,280,1888,120,599,470,453,70,142,70,1265,2030,83791,677448,110,1793,1400,3098,1370,6728,1870,13805,1070,8182,1390,40142,10600,960174,10590,228310,240,2128,60,46,4630,6091,390,578,450,246,540,490,690,105,3260,4258,190,115,2100,7913,140,472,160,462,2100,585,13410,256434,3720,9858,3240,8349,2760,3640,540,391,60,42,9170,228139,10670,241731,230,511,350,9542,2070,20793,11430,49402
TX,79703,0,10200,4660,3610,1810,5130,20860,7700,130,50,90,599259,10200,604073,9360,518256,1450,655,710,2426,650,1861,20,10,1540,21114,600,4242,510,6451,1230,19092,30,170,658,770,9121,210,8842,2220,4814,240,64,0,0,130,685,120,484,650,648,80,156,0,0,1640,33969,154867,40,80,1140,2079,1160,3105,1510,5742,1050,5821,1050,6764,8550,417553,8530,71122,100,217,40,15,3550,4670,140,12,570,329,550,506,480,69,2540,3478,220,98,1180,3387,80,179,90,183,1110,324,9970,91597,1760,4371,1510,3706,1280,1665,490,365,40,18,7790,66452,8480,70901,60,65,60,135,1530,7567,8510,27352
TX,79705,0,16890,7600,6840,2220,9220,34110,11580,150,80,60,2151571,16890,2173201,14780,1237600,4450,15507,3160,47536,3000,36179,190,582,3540,76293,3060,334018,1450,31195,2330,47617,200,230,1083,1800,29414,1600,121663,4620,21630,510,129,160,3573,610,4033,230,1260,1050,1135,190,358,160,1893,4830,149025,1280859,230,1721,3730,9427,3970,21485,4640,33673,3220,26277,3640,64128,14300,1805535,14220,429892,580,3473,60,37,5550,8801,1170,1743,790,460,930,891,550,82,3000,4086,260,122,2710,12158,100,239,120,262,1390,470,16330,487817,2260,5424,1930,4593,1580,2065,820,635,40,22,13250,424798,14220,449392,860,2112,1120,12365,3680,46908,12330,60848
TX,79706,0,10580,4040,4570,1850,6240,23890,9420,80,50,40,978295,10580,987064,9530,622813,1780,2656,880,4189,810,2799,50,46,2320,35647,850,198407,410,5751,1020,19446,360,170,699,620,8472,460,62659,2650,8769,220,58,40,710,230,1580,120,591,480,432,70,139,50,1042,2190,55407,490254,80,311,1630,3862,1580,6231,2050,11012,1490,11724,1400,10834,8530,770252,8510,155772,230,804,40,23,3630,4951,220,62,450,274,550,518,410,67,2600,3646,170,108,1790,6251,60,181,80,185,1350,410,10240,176569,2100,5581,1770,4515,1620,2168,490,372,30,25,7700,150962,8690,160725,240,337,270,2173,1820,23603,8520,36041
TX,79707,0,16670,7610,7310,1580,8900,33020,10270,100,20,70,2340522,16670,2366800,14690,1435643,5390,12556,3830,44358,3610,35330,220,374,3290,97746,3610,240083,1490,35460,2460,53011,240,220,1043,1780,29385,1800,231440,4860,26278,620,162,180,4557,600,4129,330,2083,1130,1256,190,393,140,3473,5740,192303,1412484,270,2256,4550,11946,4820,28952,5560,44149,4030,35022,4430,63321,14630,1946642,14550,472978,700,3936,50,36,5250,7206,1230,1107,830,496,960,987,460,62,2540,3387,250,124,2630,12968,80,177,100,209,1090,378,16140,500749,1500,3278,1270,2834,1030,1312,870,709,40,21,13820,468420,14460,491763,1330,2572,1410,8675,4050,62947,11700,51734
TX,79713,0,260,90,150,20,200,640,240,0,0,0,24600,260,25112,190,8417,100,321,40,145,40,54,0,0,40,294,50,709,0,0,30,280,60,0,0,40,891,20,7,70,512,0,0,0,0,0,0,0,0,0,0,0,0,0,0,40,758,7450,0,0,30,73,0,0,30,98,0,0,30,410,210,19420,210,4308,0,0,0,0,80,100,0,0,0,0,0,0,0,0,60,74,0,0,50,287,0,0,0,0,30,5,240,4307,40,99,30,86,40,74,0,0,0,0,190,4205,220,4683,0,0,30,170,90,1702,140,482
TX,79714,0,7530,2830,3470,1160,4680,17350,6850,0,0,0,614849,7530,620405,6770,443391,1340,986,670,3590,620,2567,90,66,1420,34789,640,29424,480,9611,990,19506,150,100,447,600,8230,290,45362,1580,5556,200,55,30,547,160,1027,70,406,350,346,60,113,0,0,1370,35272,216279,140,680,980,2265,1050,3537,1310,6790,880,6273,850,9800,6200,463436,6190,94476,160,420,40,23,2650,3796,200,34,200,117,270,290,240,38,2010,3013,130,99,1030,4722,50,143,60,188,780,251,7320,102541,1240,3096,1060,2654,950,1281,250,206,0,0,5670,90736,6170,97437,160,219,190,897,1270,18799,6030,22310
TX,79718,0,270,120,110,40,150,580,230,0,0,0,11920,270,12001,220,9232,50,6,0,0,0,0,0,0,50,142,0,0,0,0,40,749,20,0,0,30,253,0,0,60,81,0,0,0,0,0,0,0,0,0,0,0,0,0,0,20,653,1767,0,0,0,0,0,0,0,0,0,0,0,0,210,7131,210,1084,0,0,0,0,80,104,0,0,0,0,0,0,0,0,60,82,0,0,40,36,0,0,0,0,30,8,260,1518,70,150,60,136,40,46,0,0,0,0,180,980,200,1093,0,0,0,0,40,66,210,603
TX,79720,0,12280,5400,4460,2300,6380,25080,8930,180,0,180,740107,12280,746015,10840,510803,2410,2491,1080,6343,1020,3641,40,16,1410,18196,1000,22714,770,10355,2140,44944,260,190,848,1400,17200,460,25614,2220,5908,280,78,20,665,170,875,120,661,660,644,80,150,60,199,1440,36147,208481,50,134,1100,2585,1030,3161,1330,6300,770,4322,1010,9941,9760,524998,9730,100317,120,288,70,39,3900,4559,320,34,420,221,520,467,710,105,2650,3564,170,79,1120,3050,110,317,130,354,1350,332,11920,116938,2690,6680,2370,6127,1860,2459,450,335,40,12,8800,96381,9600,102031,80,84,230,2218,1970,19144,9960,31281
TX,79731,0,2030,740,940,310,1110,4780,1930,0,0,0,133229,2030,134248,1850,113468,310,158,160,689,160,464,0,0,350,3848,140,1660,120,2429,270,4842,40,30,171,160,2141,30,763,360,1019,70,17,0,0,30,143,0,0,90,78,0,0,0,0,250,6366,27422,0,0,190,384,150,290,230,748,110,552,180,1265,1670,93682,1650,16431,30,83,0,0,730,1052,30,1,0,0,110,111,80,13,550,857,50,25,200,772,0,0,0,0,180,61,1980,21879,320,898,300,791,270,358,90,75,0,0,1520,15379,1620,16467,20,14,30,62,240,1636,1760,6556
TX,79734,0,900,380,410,110,550,1680,430,0,0,0,54129,900,54993,670,26457,290,445,190,821,170,569,0,0,220,2316,190,3576,100,1908,250,7012,40,0,0,210,2706,60,1154,260,864,30,7,0,0,40,180,0,0,40,43,0,0,0,0,160,4247,21313,0,0,140,234,130,535,160,855,80,554,130,1346,710,37850,690,6914,0,0,0,0,210,193,40,1,0,0,30,24,50,13,110,132,0,0,190,569,20,65,20,65,110,22,850,7071,140,307,120,250,100,114,20,16,0,0,640,6720,720,7489,0,0,20,135,210,1277,620,1598
TX,79735,0,5150,2220,1890,990,3120,10960,4220,0,0,0,279203,5150,281674,4660,215656,640,459,330,1299,280,859,0,0,780,7806,340,4199,240,2376,740,13638,130,130,631,420,4423,160,10960,970,2471,130,35,0,0,60,368,40,277,210,213,30,48,0,0,700,16744,73437,30,150,440,1036,410,1052,640,2624,330,1860,390,2070,3920,187482,3920,35129,90,203,40,22,1610,1994,70,8,120,60,200,185,270,35,1160,1599,90,31,580,1409,60,212,70,229,650,153,4990,45851,1270,3388,1150,3052,910,1189,200,133,20,13,3490,33094,3940,35447,30,59,60,508,690,4846,4350,14165
TX,79738,0,130,50,70,0,70,310,120,0,0,0,8107,130,8187,100,5503,40,7,0,0,0,0,0,0,30,62,0,0,0,0,30,746,30,0,0,20,304,0,0,40,80,0,0,0,0,0,0,0,0,0,0,0,0,0,0,0,0,0,0,0,0,0,0,0,0,0,0,0,0,0,100,5566,100,945,0,0,0,0,40,63,0,0,0,0,0,0,0,0,30,42,0,0,0,0,0,0,0,0,0,0,130,1102,0,0,0,0,0,0,0,0,0,0,90,883,100,953,0,0,0,0,20,73,100,239
TX,79739,0,520,210,260,50,400,1080,380,0,0,0,91274,520,93105,420,20159,200,450,130,780,120,475,0,0,90,1244,130,5867,40,409,50,693,100,0,0,70,1021,130,7776,190,1831,0,0,0,0,30,247,20,186,0,0,0,0,80,634,60,1461,14811,0,0,50,116,20,56,60,194,30,259,50,704,440,81981,440,23590,0,0,0,0,210,216,70,9,0,0,30,36,0,0,110,141,0,0,120,832,0,0,0,0,60,17,460,22355,50,135,50,120,50,63,0,0,0,0,410,23873,450,25690,0,0,70,1410,160,6962,300,1203
TX,79741,0,170,70,80,20,90,360,120,0,0,0,11238,170,11374,150,7576,30,5,0,0,0,0,0,0,30,463,0,0,0,0,0,0,0,0,0,0,0,0,0,40,136,0,0,0,0,0,0,0,0,0,0,0,0,0,0,0,0,0,0,0,0,0,0,0,0,0,0,0,0,0,130,8184,130,1472,0,0,0,0,40,58,0,0,0,0,0,0,0,0,30,38,0,0,30,141,0,0,0,0,0,0,160,1884,30,76,30,63,20,24,0,0,0,0,120,1407,130,1601,0,0,0,0,30,290,130,418
TX,79745,0,2790,1020,1260,460,1590,6530,2650,0,0,0,183099,2790,184683,2470,134188,520,383,180,790,160,520,20,13,520,8723,170,4244,150,2259,370,7238,40,60,312,250,3047,90,10747,560,1584,60,17,0,0,40,325,0,0,90,82,0,0,0,0,340,8830,40062,30,77,190,412,190,335,320,1037,100,561,200,1576,2220,128348,2220,24313,60,124,0,0,950,1409,30,2,40,20,100,103,140,25,720,1101,50,68,390,1312,20,66,30,82,380,124,2690,28998,540,1390,480,1191,430,586,90,83,0,0,1990,22959,2210,24971,0,0,30,630,390,5059,2320,8658
TX,79749,0,110,40,60,0,70,270,110,0,0,0,11515,110,11632,90,5554,30,14,0,0,0,0,0,0,20,167,0,0,0,0,0,0,0,0,0,0,0,0,0,30,117,0,0,0,0,0,0,0,0,0,0,0,0,0,0,0,0,0,0,0,0,0,0,0,0,0,0,0,0,0,90,9154,90,1602,0,0,0,0,40,61,0,0,0,0,0,0,0,0,20,33,0,0,0,0,0,0,0,0,0,0,100,1600,0,0,0,0,0,0,0,0,0,0,80,1540,90,2094,0,0,0,0,40,463,60,195
TX,79752,0,950,350,430,160,510,2160,830,0,0,0,66117,950,67085,860,45767,160,90,60,211,50,111,0,0,170,3337,50,1659,60,819,130,2560,50,0,0,100,1175,30,4174,220,968,0,0,0,0,20,90,0,0,50,55,0,0,0,0,100,2186,10596,0,0,70,115,60,81,90,252,40,225,70,473,760,48672,760,9698,0,0,0,0,320,413,0,0,0,0,30,24,50,8,250,338,0,0,140,517,0,0,0,0,90,29,930,9499,190,457,170,412,150,182,0,0,0,0,700,9265,740,10039,0,0,0,0,160,1610,770,2657
TX,79756,0,4400,1810,1790,760,2630,9520,3570,0,0,0,319787,4400,322627,3980,226886,820,1144,410,1779,370,1350,0,0,620,12240,350,5740,290,4139,620,12113,70,80,375,470,6052,200,44734,870,2840,120,33,0,0,110,672,50,292,220,234,30,42,0,0,550,13536,80369,0,0,400,825,390,698,510,1775,240,1463,360,3244,3550,239318,3550,51133,70,238,0,0,1440,1833,80,7,100,58,160,159,200,35,1040,1485,80,35,460,1503,40,84,50,101,610,187,4290,56848,870,2180,770,1971,600,810,150,119,20,6,3210,49315,3540,51596,50,88,80,254,690,8544,3580,12063
TX,79758,0,1330,530,660,130,740,2830,930,0,0,0,137469,1330,138939,1200,92836,290,218,120,212,110,134,0,0,310,6968,110,16172,60,703,150,3322,50,0,0,120,1563,70,11912,370,1470,20,6,0,0,50,359,0,0,70,60,0,0,0,0,280,7540,50761,0,0,210,507,210,747,270,1359,200,1571,170,2131,1150,110456,1150,24583,30,69,0,0,410,557,0,0,50,29,70,67,40,5,280,387,20,14,230,1011,0,0,0,0,120,42,1290,25283,170,389,140,310,130,179,50,51,0,0,1060,24180,1130,25711,40,99,50,294,260,3416,1040,3951
TX,79761,0,14450,6580,4670,3070,8480,29970,11610,140,80,70,817818,14450,825477,13010,639499,1970,3037,970,7611,900,5978,40,19,2210,29128,880,26205,760,11415,1750,32979,60,300,1283,1090,13962,330,41875,2650,7659,300,80,30,569,200,1055,130,627,570,579,80,169,0,0,2130,49691,239583,70,153,1580,2987,1400,4562,2000,8167,1110,6839,1350,11971,11310,563073,11300,104122,190,542,80,48,4650,5853,250,48,470,261,610,593,740,110,3280,4369,300,295,1580,4714,130,348,140,384,1870,495,14050,138539,3490,9044,3060,7950,2550,3317,570,441,50,25,10020,98303,11260,105393,130,197,160,1016,1830,11753,12300,42069
TX,79762,0,18660,8850,6610,2990,10180,36860,12650,100,40,60,1481402,18660,1495387,16840,1041900,3550,8157,1910,16882,1790,13383,80,70,2900,44566,1700,61354,1220,21634,2660,52350,100,320,1458,1650,23427,770,147161,4240,13985,630,162,50,1187,340,2212,220,1143,1110,1140,180,348,40,2151,3630,92179,619589,140,494,2840,6074,2740,10355,3480,18157,2200,14994,2530,27480,15650,1134675,15610,241145,310,908,80,55,6070,7994,530,140,820,472,1060,1019,800,112,3900,5325,370,285,2180,7434,120,310,150,348,1890,546,18160,279321,3080,7338,2610,6369,2120,2780,940,740,60,32,14330,234874,15480,246815,350,775,440,2130,3120,26630,15090,53287
TX,79763,0,15920,6540,5900,3350,9980,36020,15130,130,60,60,785820,15920,791880,14500,684368,1630,805,520,1595,480,1218,40,22,2810,33942,460,4537,460,5803,1510,24142,80,380,1692,830,8485,190,20864,2810,6060,200,50,0,0,160,822,80,390,450,396,60,116,0,0,1830,42217,156535,80,166,1220,2267,1010,2322,1660,5441,840,4938,1000,5216,12330,498832,12330,82518,170,425,70,57,5570,7408,100,70,460,263,640,593,880,128,4320,5937,320,355,1990,5802,140,350,170,395,2650,788,15520,121155,4120,10956,3620,9226,3170,4223,610,448,60,32,10660,75005,12400,82479,60,80,70,126,1810,10455,13930,48657
TX,79764,0,10450,4150,4010,2180,6420,23540,9620,60,30,30,560215,10450,565254,9490,466501,1180,837,410,2066,380,1628,20,15,1980,24318,350,9590,370,4934,980,16203,110,230,1077,610,7740,170,23478,1990,5039,130,32,0,0,140,756,60,326,310,251,50,87,0,0,1230,29195,112003,60,141,880,1594,670,1613,1120,3893,540,3423,620,3436,8100,370343,8090,65438,130,366,40,27,3540,4616,90,10,280,153,370,344,500,75,2740,3756,200,215,1430,4381,60,117,90,150,1790,515,10140,91645,2700,7238,2340,6039,2100,2829,360,287,30,10,7040,60797,8190,66553,70,68,70,298,1290,8528,8990,33010
TX,79765,0,6000,2380,2890,640,3150,13000,4440,0,0,0,959749,6000,971061,5510,512687,1570,4906,810,22098,760,20354,60,82,1080,31769,780,233516,330,6577,820,17810,40,120,507,410,6515,490,109027,1820,11312,280,73,30,1025,150,1066,70,398,560,577,80,168,50,4804,2030,53397,618659,100,661,1520,4108,1690,9261,1960,14638,1590,13773,1340,16129,5390,825645,5370,192037,180,617,0,0,2170,3464,240,300,470,263,400,393,200,31,1320,1873,100,92,810,3768,30,82,30,76,390,146,5850,205537,540,1270,460,1050,400,518,330,246,0,0,5100,189347,5320,197538,320,664,330,3677,1180,20332,4620,21867
TX,79766,0,2980,1070,1320,590,1960,7260,3120,0,0,0,172179,2980,173742,2670,138895,310,136,50,37,40,18,0,0,730,11963,60,2329,50,754,220,2894,60,60,242,100,1062,40,6710,680,1563,20,6,0,0,40,180,0,0,80,58,0,0,0,0,410,10393,40651,0,0,310,586,240,630,390,1410,190,1304,230,1092,2320,113735,2320,19797,30,90,0,0,1120,1584,0,0,80,45,110,95,150,24,910,1284,70,128,550,1961,0,0,0,0,560,184,2910,25353,800,2139,670,1659,660,895,90,74,0,0,1970,18211,2400,20654,30,43,0,0,420,3525,2540,9650
TX,79772,0,4610,2050,1520,1000,2500,9700,3880,0,0,0,299401,4610,301360,4200,183101,610,530,190,1350,180,937,20,18,660,12367,200,6434,160,1969,620,10145,90,100,447,350,3878,140,15312,840,1959,130,37,0,0,60,277,50,247,160,164,0,0,0,0,710,19890,87919,30,84,270,522,360,707,590,2261,200,912,510,2975,3500,214890,3510,48760,80,154,30,14,1390,1725,40,20,60,27,140,144,240,36,1070,1406,80,47,510,1626,40,117,50,139,720,237,4470,46912,1150,2959,1020,2627,850,1079,120,103,0,0,3110,47908,3510,51449,20,64,60,2375,610,18673,3930,12976
TX,79782,0,2040,790,880,340,1180,4460,1690,0,0,0,167785,2040,169696,1780,102449,380,464,190,692,180,546,0,0,340,6781,200,7145,120,1642,260,4781,120,20,126,220,2922,100,6246,490,1911,60,15,0,0,50,343,20,134,100,87,0,0,30,216,330,7753,52297,0,0,260,540,230,566,300,1197,160,995,240,3157,1700,129011,1670,27547,30,41,0,0,680,874,40,4,60,33,80,91,90,12,500,698,30,6,310,1260,0,0,0,0,200,64,1930,30056,340,870,310,789,270,371,80,61,0,0,1520,26675,1640,29140,30,26,80,1000,400,6184,1550,5348
TX,79821,0,2100,850,750,480,1030,4780,2030,50,30,20,71381,2100,71988,1870,60429,170,59,70,90,60,58,30,17,320,2947,60,105,50,412,260,3881,0,130,825,80,780,20,1130,490,607,70,17,0,0,0,0,0,0,160,131,0,0,0,0,260,4998,18365,50,108,160,222,210,689,250,1113,200,1093,160,497,1410,35708,1410,5259,0,0,30,15,740,736,0,0,70,41,150,134,190,33,460,509,0,0,260,476,60,168,60,178,350,67,2040,10631,830,2326,730,1999,590,815,170,144,30,3,1100,4522,1450,5196,0,0,0,0,210,474,1850,5880
TX,79830,0,2470,1270,940,230,1280,4620,1330,0,0,0,124971,2470,126836,2040,83344,730,521,350,1745,330,1152,0,0,500,7237,370,2905,210,3012,500,13802,50,40,179,370,4312,100,1419,730,1865,70,21,0,0,80,362,50,195,230,228,30,71,0,0,350,7026,37805,0,0,260,509,290,1098,330,1694,220,1598,260,1435,1880,84385,1860,14109,0,0,30,21,700,776,120,20,70,32,160,141,90,16,390,521,30,7,400,1133,60,194,70,240,220,46,2320,17140,480,1015,390,850,250,344,140,118,20,9,1710,13323,1900,14769,0,0,30,40,510,1725,1860,4611
TX,79835,0,5130,2050,1710,1330,2690,11640,5100,150,100,50,155057,5130,156688,4460,127966,400,465,140,249,120,136,40,25,960,10699,120,434,110,1082,510,9032,30,270,1469,210,1848,40,352,1240,1631,120,30,0,0,30,108,30,107,260,226,30,73,0,0,430,9106,35724,60,153,320,599,310,1342,420,2228,280,2113,300,1008,3000,72929,3020,11094,0,0,80,30,1470,1395,0,0,100,56,320,272,430,81,890,867,40,14,840,1630,170,504,170,520,890,160,5000,25263,2370,6990,2130,5920,1710,2271,420,348,80,24,2300,9697,3340,11658,0,0,0,0,520,1070,4550,14704
TX,79836,0,2670,960,1080,600,1800,6460,2860,40,40,0,97869,2670,99137,2250,74083,260,759,70,285,60,186,0,0,580,6735,70,1088,70,509,280,5320,60,120,484,140,1269,60,4031,770,1268,80,20,0,0,0,0,0,0,150,136,0,0,0,0,340,6592,28171,0,0,260,419,210,678,310,1220,170,1088,220,583,1650,51166,1660,8541,0,0,50,24,840,932,0,0,50,27,200,198,170,30,540,602,30,7,530,1144,110,363,120,382,540,115,2580,16457,1200,3780,1070,3073,890,1280,280,233,50,17,1310,7604,1920,9126,0,0,0,0,300,1123,2310,8309
TX,79839,0,670,260,260,150,560,1560,700,0,0,0,18813,670,19058,560,15636,40,14,0,0,0,0,0,0,140,855,0,0,0,0,50,572,30,30,80,0,0,0,0,160,245,0,0,0,0,0,0,0,0,0,0,0,0,0,0,70,1545,4820,0,0,60,69,0,0,70,123,0,0,30,55,350,8122,350,1177,0,0,0,0,180,190,0,0,0,0,40,30,20,2,140,144,0,0,120,224,20,75,20,75,90,20,630,2940,350,1018,320,861,240,307,60,48,0,0,260,988,390,1288,0,0,0,0,50,254,580,2062
TX,79843,0,1150,550,380,210,730,2190,720,0,0,0,77700,1150,78534,950,31135,220,252,120,1258,110,710,0,0,280,2962,120,2665,40,249,210,5348,40,40,172,140,1494,60,-79,330,834,20,6,0,0,40,154,0,0,70,60,0,0,0,0,130,3430,13558,0,0,90,135,90,335,130,524,60,482,90,819,820,58369,820,15649,0,0,0,0,280,263,30,4,0,0,40,33,80,18,150,165,0,0,220,602,40,77,40,79,90,18,1100,20004,290,634,250,555,180,221,30,24,0,0,730,16101,830,17046,0,0,0,0,240,1324,870,2338
TX,79849,0,5340,1980,1920,1430,3730,13370,6370,160,160,0,135113,5340,136495,4670,117442,160,45,20,3,20,1,30,12,1230,12948,20,-1,50,267,310,3124,0,330,1183,80,462,0,0,1400,1382,60,16,0,0,0,0,0,0,200,155,30,81,0,0,450,9339,25999,60,121,330,473,210,481,430,1236,150,738,240,566,2810,47121,2840,6155,0,0,90,43,1580,1478,0,0,80,47,390,331,370,62,1070,1006,30,6,1120,1918,220,654,230,728,1300,249,5240,25012,3050,10112,2820,8467,2340,3237,580,481,80,19,1940,4677,3500,6951,0,0,0,0,350,629,4960,18755
TX,79852,0,370,220,110,40,160,600,130,0,0,0,12519,370,12615,290,7934,100,96,50,148,40,96,0,0,70,343,50,200,30,374,70,1382,0,0,0,50,509,0,0,90,96,0,0,0,0,0,0,0,0,0,0,0,0,0,0,0,0,1383,0,0,0,0,0,0,0,0,0,0,0,0,280,7313,270,1001,0,0,0,0,80,64,0,0,0,0,0,0,0,0,30,21,0,0,60,62,30,97,30,96,70,11,330,1394,80,154,70,136,40,59,0,0,0,0,240,877,280,1018,0,0,0,0,90,138,260,526
TX,79901,0,5430,2440,1170,1800,3700,12400,5890,270,250,30,140833,5430,142545,4700,87290,190,1618,70,7905,50,6762,0,0,1090,13111,50,14083,30,648,180,1910,0,310,1041,70,691,60,15731,1220,1712,0,0,0,0,0,0,0,0,90,65,20,44,0,0,170,4653,46405,0,0,130,207,70,1108,150,1434,70,683,100,708,2030,68418,2050,14794,20,86,70,16,870,888,30,193,20,13,140,96,190,29,530,407,0,0,1060,1821,160,465,160,460,1090,168,5290,31307,3280,9387,3030,7990,2240,2930,270,207,60,21,1530,14423,2980,16810,0,0,30,1056,360,1500,4980,16174
TX,79902,0,9220,4810,2530,1780,5040,17550,6210,350,260,100,468687,9220,476701,7750,302852,1740,5694,1020,13498,930,10602,60,33,1720,32687,990,23955,510,9304,1090,29125,0,250,1022,760,10474,530,32637,2580,8014,340,86,60,1907,200,1038,120,568,660,684,150,348,0,0,1480,34000,222706,90,542,1220,2242,1260,8093,1450,11092,980,7403,1150,6588,6020,323185,6000,66669,140,538,130,54,2500,4057,430,2001,180,99,750,618,460,74,990,966,70,31,1490,4337,320,839,330,863,1250,232,8770,81304,3000,7760,2670,6650,1910,2490,870,731,150,61,5060,62609,6360,69094,160,261,200,1298,1490,11426,7290,20885
TX,79903,0,7800,3720,2080,1940,4350,15650,6160,370,210,170,232307,7800,234550,6630,183017,990,1036,320,1009,280,686,20,14,1280,10761,240,2046,290,2615,1060,20793,0,280,1154,500,4345,110,2072,1790,2243,260,63,0,0,30,112,40,144,430,401,70,161,0,0,700,12347,50965,30,58,530,817,520,1907,680,2925,420,2294,510,1667,4780,117067,4800,18531,20,33,140,52,2020,2063,70,324,130,68,520,451,550,103,1080,1016,80,27,1090,1749,280,859,300,910,1170,201,7540,36965,3170,8737,2840,7542,2050,2650,670,541,120,37,3860,16299,5160,18540,0,0,20,63,830,1894,6790,19826
TX,79904,0,12950,5180,4640,2960,6620,29190,12230,820,710,110,438125,12950,442535,11100,335512,1850,3242,770,2651,670,1804,90,60,1880,18174,640,5710,550,6117,2020,50961,0,550,2166,1000,10439,160,5006,2880,4410,340,89,0,0,70,307,120,409,730,655,100,218,0,0,1320,25516,110453,90,283,1020,1715,1030,4535,1270,6837,860,5046,980,4038,8050,226213,8050,35218,40,129,140,58,3820,3708,190,78,350,199,930,848,1010,182,2200,2278,120,31,1610,2904,320,961,320,1004,1590,266,12660,70374,5520,16397,5090,14518,4080,5664,1160,976,140,48,6300,31486,8230,35106,30,23,60,73,1220,3674,11500,38439
TX,79905,0,10160,4500,2520,3100,5840,22080,9900,510,270,240,237376,10160,239416,8690,191296,730,422,150,446,120,171,0,0,1720,15835,100,337,230,1575,1040,15392,0,460,1636,360,2492,60,2678,2130,2040,130,34,0,0,0,0,40,110,360,326,50,92,0,0,490,9054,27547,40,93,370,591,260,865,460,1752,200,1013,330,843,5200,90366,5230,13193,0,0,140,60,2270,1926,40,107,140,74,530,406,690,125,1220,1030,50,22,1580,2412,370,1058,380,1104,1780,284,9860,43460,5190,16036,4800,13922,3630,4846,850,661,160,50,4010,11433,6200,14337,0,0,0,0,740,1131,9300,29967
TX,79906,0,2360,670,1470,160,700,6720,2960,310,310,0,89312,2360,90329,2330,88011,290,76,190,215,180,136,0,0,70,-34,170,667,0,0,80,1318,0,60,256,0,0,0,0,470,1017,30,8,0,0,0,0,40,80,280,293,20,46,0,0,130,2159,9391,30,93,60,82,70,232,120,470,70,515,90,522,1760,42113,1760,5703,0,0,0,0,1130,1287,50,6,170,98,250,196,330,63,750,913,0,0,30,14,0,0,0,0,0,0,2360,14125,980,3056,960,3026,960,1701,240,180,0,0,1190,4414,1250,4472,0,0,0,0,90,188,2270,9846
TX,79907,0,23600,10530,6700,6230,13500,50080,21140,1050,770,290,639180,23600,644704,20740,536136,1950,1012,440,355,360,226,110,77,3620,33384,340,2099,600,5840,2870,41225,0,1090,4129,1130,8315,150,3528,4890,5524,480,122,0,0,70,184,110,414,1180,1035,150,311,0,0,1910,34707,111864,150,300,1470,2059,1210,3583,1840,6507,1030,5021,1290,3205,14170,279472,14260,39050,40,100,440,210,6660,6140,140,517,470,257,1760,1474,1900,325,3590,3373,210,70,3130,5251,910,2753,960,2980,3920,711,22980,103094,10500,30565,9520,26550,7180,9448,2380,1893,350,128,11020,32911,15240,39534,0,0,0,0,2000,3823,21230,66407
TX,79908,0,950,100,760,70,290,3370,1680,160,160,0,43629,950,44246,950,43582,150,46,60,26,60,15,0,0,40,2,50,190,0,0,50,504,0,40,194,0,0,0,0,210,617,0,0,0,0,0,0,0,0,100,100,0,0,0,0,70,1324,4503,20,44,0,0,40,112,60,223,50,394,50,210,730,20679,730,2633,0,0,0,0,620,919,0,0,120,74,140,129,110,21,510,692,0,0,0,0,0,0,0,0,0,0,950,6318,380,1171,370,1158,430,748,150,100,0,0,480,1714,500,1739,0,0,0,0,40,78,910,4659
TX,79911,0,1840,630,960,230,980,4300,1600,30,30,0,148965,1840,150629,1650,129070,460,194,300,455,250,243,70,49,320,5847,240,1153,60,986,280,7627,0,60,323,90,1259,80,872,710,1664,110,31,0,0,30,113,40,170,320,326,40,79,0,0,930,18805,98365,110,354,670,1259,860,5281,920,7221,850,6874,610,1633,1580,106902,1580,19441,60,108,0,0,790,1756,120,641,160,104,180,163,60,11,500,706,0,0,250,741,30,93,30,106,140,51,1770,22619,190,437,150,308,160,213,150,125,0,0,1460,17583,1560,18629,30,37,30,4,360,1692,1440,5054
TX,79912,0,34210,15270,13290,5140,18140,70780,25730,910,490,420,2546023,34210,2581494,28830,1695984,8530,29965,5060,47367,4630,33949,580,620,6310,125696,4670,114528,2300,40160,5350,152451,70,940,4720,3410,49324,2280,179719,10660,35471,1650,440,260,6241,910,5424,580,2839,3020,3206,580,1399,100,1585,9230,219881,1460211,790,3665,7320,14403,8190,54993,9120,74507,7120,56518,6960,35979,25660,1891569,25570,406149,820,2949,430,263,11570,32128,2480,19642,1290,724,3210,3171,1630,285,5290,6454,470,279,5400,17194,990,3001,1050,3122,3420,883,32590,455924,7590,19232,6560,15807,5090,6637,3380,2938,500,238,22270,378830,25910,404453,880,2044,1050,4899,6510,47605,26140,86147
TX,79915,0,16020,7360,4190,4310,8920,33090,13680,680,430,250,417573,16020,421002,13810,344865,1510,1098,340,618,280,321,30,21,2280,20607,270,1382,530,4452,2080,32572,0,720,2856,820,6199,110,1766,3190,3429,350,86,0,0,40,94,90,223,760,713,90,162,0,0,1180,20859,68362,60,153,920,1228,750,2310,1130,4114,630,3336,790,2040,9470,181597,9520,25143,30,43,280,112,4090,3413,70,129,270,138,1030,800,1220,217,2180,2023,120,35,1990,3149,590,1617,600,1686,2450,408,15520,66198,7010,20183,6380,17742,4650,6064,1360,1061,240,93,7570,21638,10260,25717,0,0,0,0,1370,2735,14370,43179
TX,79922,0,3690,1590,1630,430,2200,7710,2710,80,40,50,432247,3690,438754,2980,231232,1250,11736,860,12784,800,8999,50,122,790,29178,820,28146,330,9407,700,20657,30,100,541,480,8020,570,69640,1160,6507,160,42,60,1562,190,1411,70,558,200,206,40,93,20,143,1290,38362,302290,100,988,1090,2621,1170,11248,1270,15132,930,9736,1010,8178,2780,351865,2760,90224,210,975,70,48,1190,4864,390,3442,100,56,280,295,130,19,410,499,60,16,710,3383,110,272,120,329,350,92,3440,93155,630,1488,530,1262,370,486,280,252,50,22,2530,85379,2860,91470,250,525,330,1783,930,12939,2460,8932
TX,79924,0,25350,10630,8810,5520,12190,54000,21120,1590,1460,120,852248,25350,859291,21330,660112,4100,3298,1400,2191,1180,1309,170,139,3060,26155,950,3581,1140,9716,5090,116140,0,1070,4691,2520,24279,180,2725,5230,7043,740,191,0,0,70,247,200,642,1650,1530,230,530,0,0,2700,47608,170670,260,629,2000,3057,2040,6027,2600,10382,1810,8824,1890,7479,17120,439945,17150,62869,50,91,290,147,7650,7517,210,250,740,395,1950,1709,2160,373,4340,4613,390,144,2490,4357,630,1821,670,1911,2910,545,24780,125929,9320,26238,8470,23200,6480,8791,2330,1856,280,111,13920,55348,16970,61061,0,0,0,0,2440,4647,22500,68993
TX,79925,0,18290,8440,6050,3440,9240,35860,12590,790,540,260,780457,18290,788181,15070,536521,3830,8893,1480,8236,1310,6180,90,84,2500,26631,1200,13794,1330,17364,3640,93534,0,610,2650,2120,21917,430,37864,4420,7724,870,230,20,228,170,742,240,981,1360,1331,210,492,0,0,2890,54279,259682,170,515,2310,3781,2350,9958,2820,14705,1970,11776,2220,8555,13150,481102,13160,84852,70,271,230,112,5400,6007,380,801,550,283,1670,1580,1240,208,2670,2943,270,92,2000,4254,490,1309,500,1418,1840,362,17590,118204,5070,13161,4540,11508,3400,4451,1790,1482,210,66,11180,79150,13090,84782,50,70,100,903,2420,11604,15360,43158
TX,79927,0,16290,6640,5530,4000,10430,37480,16610,640,580,60,473930,16290,478260,14320,404916,880,610,180,155,170,112,60,37,3170,30908,180,1234,230,2267,1410,17018,30,800,3040,450,3283,140,3951,3990,4330,370,98,0,0,30,117,70,233,810,713,100,242,0,0,1840,35354,110750,100,226,1420,1964,1100,3729,1750,6405,990,5130,1140,2681,9790,205492,9850,28256,60,128,300,167,5320,5467,80,281,360,196,1480,1276,1300,216,3150,3303,140,56,2780,4970,630,1937,660,2104,3220,643,15860,76219,7610,22866,6820,19162,5520,7485,2090,1660,260,87,7260,23884,10820,29937,0,0,0,0,1400,3126,14700,50077
TX,79928,0,22380,8100,9060,4950,13360,56050,26050,560,500,70,890683,22380,898947,20320,785193,1830,2125,570,996,490,546,200,152,4020,39140,530,2539,370,4599,1990,33446,0,1050,4558,570,5080,280,13010,5990,8264,1010,280,0,0,80,383,140,492,1770,1643,230,504,0,0,4880,96051,379566,320,854,3750,6383,3990,17567,4810,26300,4000,25738,3230,8700,15080,462193,15130,71645,140,268,370,173,8940,11907,230,930,1000,582,2280,2153,1640,273,6190,7585,280,179,3340,6591,780,2110,810,2262,3860,890,21930,136793,8950,27374,8130,23136,7160,10213,2730,2220,310,106,11420,59739,15590,68480,40,49,50,109,2010,7209,20160,73713
TX,79930,0,11250,5220,3120,2740,5900,23030,9150,670,390,280,338699,11250,342112,9660,268298,1290,2424,420,1294,380,790,40,25,1710,15734,360,2819,400,3872,1450,27136,0,460,1813,610,4763,140,4072,2520,3413,320,80,0,0,60,228,90,320,670,624,90,202,0,0,1020,17689,68183,80,229,790,1153,740,2831,990,4423,610,3262,690,2100,6900,171073,6930,27490,40,63,200,78,2910,2538,110,91,260,139,690,606,860,151,1490,1386,100,34,1500,2515,390,1101,400,1151,1630,285,10900,55412,4740,13474,4310,11767,3170,4144,940,759,160,52,5600,23992,7390,27330,0,0,30,105,1130,2427,9900,31254
TX,79932,0,11420,4600,4520,2130,6040,25330,10250,280,180,90,675230,11420,685497,9940,496047,2280,5992,1200,8774,1120,6144,230,238,2130,38215,1160,16742,580,11314,1600,40064,70,420,2282,840,11894,630,44772,3470,10267,570,152,60,1125,260,1549,200,979,1020,1024,170,432,50,1067,3170,70176,381659,360,1323,2380,4714,2850,17718,3130,24371,2630,20346,2320,10421,8130,456227,8130,89654,210,625,150,84,4040,7572,540,2738,540,315,1090,1067,670,111,2250,2767,150,85,1770,5500,310,929,340,1004,1370,333,10950,110572,3150,8670,2790,7301,2260,3106,1150,955,140,53,6920,82083,8410,89679,220,317,250,779,1850,12540,9210,30321
TX,79934,0,10280,3470,4840,1720,4500,24380,9780,550,550,0,508201,10280,513788,9560,444422,1830,835,760,920,690,669,210,179,1050,7244,630,2196,310,3474,1830,43595,0,430,2101,510,5709,110,4214,2710,5587,480,129,0,0,30,157,140,479,1270,1298,180,404,0,0,2520,46289,197476,310,745,1750,3062,2190,8995,2470,13428,2180,13947,1820,6447,8160,305705,8170,46739,40,51,70,42,4500,5864,150,73,680,392,1300,1261,930,167,2920,3802,180,80,720,1477,150,353,160,389,660,145,10120,70634,2770,7064,2500,6426,2210,3091,1280,1029,60,26,6680,40828,7420,43040,20,10,20,18,1150,3597,9030,31104
TX,79935,0,7740,3510,2540,1600,3990,15260,5410,320,190,140,323214,7740,326476,6450,233569,1510,2239,630,2736,590,1854,40,29,1150,12707,530,3936,540,6441,1500,40421,0,290,1233,930,10402,200,4854,1870,3262,350,94,0,0,100,463,80,287,580,582,80,148,0,0,1340,24361,111022,60,234,1120,1807,1110,4635,1310,7001,940,5487,1060,3722,5510,196374,5500,32623,30,53,100,46,2290,2492,170,300,250,133,650,599,490,85,1170,1273,120,38,900,1890,180,492,190,518,830,162,7470,48802,2360,6202,2090,5497,1540,1949,760,617,70,24,4660,29958,5490,32450,30,40,30,103,1030,3494,6470,18825
TX,79936,0,49420,21300,17440,10050,26040,104460,41360,1280,910,370,2076246,49420,2098029,44020,1691390,6810,8233,2440,9808,2140,7575,340,259,7720,91093,1990,19060,1710,22215,6680,147104,30,2080,9077,2850,30030,1000,49439,12760,21783,2380,642,60,1031,400,2034,550,2071,4000,3845,580,1329,30,304,9310,177224,758939,540,1487,7320,12264,7750,33703,9130,49573,7270,42492,6890,21787,35390,1221140,35500,200945,300,763,790,431,16790,22023,840,4174,1750,948,5380,5180,3530,606,9160,10580,730,261,6230,13687,1600,4656,1720,5022,6140,1411,48100,307638,15500,41763,13710,35519,10470,13670,6120,5079,710,281,29460,178924,35570,197106,200,312,210,874,6000,22236,42650,129932
TX,79938,0,28720,10120,12230,5970,15480,70210,31030,880,790,90,1238634,28720,1252552,26360,1118828,2850,1842,950,1512,870,936,330,290,4640,48826,930,4131,530,6265,2760,47052,0,1320,5958,700,6656,410,8808,8290,13918,1360,372,0,0,140,679,270,878,3120,3006,360,874,0,0,7220,135162,552614,550,1345,5390,9221,6200,27123,7120,39568,6210,41521,4840,12741,20790,680968,20860,102095,140,255,370,191,12200,17346,410,1958,1860,1082,3380,3232,2230,371,8230,10341,410,219,3760,7912,770,2236,830,2389,3900,936,28130,177824,9910,27988,8880,23689,7900,10950,3650,2967,340,119,16280,84749,20450,94971,60,49,60,50,2810,8767,25640,91319
TX,99999,0,322730,160780,99090,58950,173340,617200,213400,8080,4650,3430,24528956,322720,24810477,263320,13613704,69900,279256,41730,652310,38200,481665,2690,8018,65010,917142,39890,1935228,19180,328557,48530,1049599,11080,12940,60455,38000,513868,17370,1840432,78110,281521,4810,1226,910,21931,7660,45637,2440,10876,12020,11041,1150,2318,1010,26171,65010,1960509,12972349,5500,100182,48480,101382,46630,291890,61670,534796,36540,305945,48600,507846,224740,18477513,223290,4324455,5910,33842,1490,804,80880,262663,13280,182724,6610,3549,13530,12126,12090,1918,37880,42472,2340,1562,50130,145941,3790,10386,4040,11141,26760,5836,304750,5002078,81190,208360,71610,175871,53720,70597,19030,16791,1450,541,198370,4066003,234060,4367761,6850,17606,10640,120625,55950,479771,245490,881675
